1 0 100 102 201 -1 0 0 27 1 3 0 89
1 1 68 18 967 -1 -1 0 63 9 11 3 714
3 0 68 9 960 -2 -3 0 54 8 14 6 830
5 0 78 16 290 -9 5 0 5 1 11 5 403
6 0 65 10 266 -4 4 0 1 0 21 9 365
6 1 66 18 851 1 2 0 47 9 6 3 619
7 0 70 -6 662 -11 5 0 3 1 55 2 464
7 1 66 18 831 2 5 0 55 5 5 5 614
8 0 66 -16 469 -2 4 0 1 0 45 4 394
8 1 93 24 188 0 -1 0 7 3 0 0 81
9 0 50 -22 374 -2 2 0 2 2 47 2 267
9 1 69 47 74 0 0 0 2 0 2 0 16
10 0 56 -22 450 -3 4 0 2 1 49 0 228
10 1 97 20 130 -4 -1 0 5 2 0 0 47
11 0 52 -22 401 -3 3 0 3 0 40 0 155
11 1 65 2 763 0 0 0 43 14 8 2 791
12 0 49 -20 395 0 0 0 1 0 41 1 174
13 0 39 9 98 -1 -1 0 0 0 8 0 32
13 1 60 -21 844 0 0 0 35 9 15 3 1270
14 0 36 -21 314 -2 1 0 2 6 30 0 130
14 1 57 -21 808 0 0 0 27 14 15 1 1203
15 0 23 -22 205 3 0 0 1 4 25 0 132
15 1 54 -16 1399 -2 -3 0 23 12 20 3 1377
16 0 33 -22 533 -1 2 0 3 1 37 0 271
16 1 56 -1 594 0 0 0 19 7 8 2 588
17 0 49 19 149 3 -2 0 0 0 12 0 48
17 1 20 -17 230 5 -2 0 5 7 16 0 164
17 2 52 -24 992 -6 -6 0 17 6 35 4 1342
18 0 53 25 174 -2 0 0 0 1 9 0 50
18 1 21 -16 399 0 1 0 2 4 19 0 245
18 2 49 -21 693 2 3 0 14 6 15 3 986
19 0 54 19 240 5 -2 0 0 0 12 1 65
19 1 16 -22 246 1 0 0 6 6 8 0 196
19 2 57 -7 856 7 7 0 25 6 10 2 937
20 0 69 44 49 0 0 0 0 0 4 0 26
20 1 53 20 168 10 -5 0 0 1 11 1 53
20 2 18 -22 302 1 0 0 8 4 9 1 263
21 0 50 -6 1415 3 1 0 6 11 13 2 500
22 0 60 31 92 -4 2 0 0 2 7 0 45
22 1 32 -6 761 2 1 0 5 5 6 0 307
22 2 64 36 230 -3 0 0 19 3 0 1 103
23 0 50 -6 1554 -4 -1 0 5 15 14 3 551
23 1 65 16 712 -1 -2 0 50 1 7 2 501
24 0 56 22 373 2 -2 0 2 1 12 0 125
24 1 14 -20 373 -2 -1 1 12 2 8 2 265
24 2 65 36 219 0 0 0 18 4 3 0 94
25 0 52 -22 1762 -4 -1 1 9 19 35 0 751
26 0 49 -21 1049 -5 0 0 5 19 35 0 519
27 0 50 -28 1076 -7 0 0 5 7 55 2 615
28 0 50 -23 983 -1 0 0 3 7 34 0 446
29 0 49 -29 1036 -4 -1 0 4 9 36 0 521
30 0 48 -34 763 -5 0 0 6 3 63 2 394
30 1 62 -5 765 -1 -16 0 51 9 9 3 908
31 0 47 -38 987 -3 0 0 3 6 63 2 582
32 0 54 -38 531 -6 0 0 3 4 63 2 264
32 1 65 42 87 0 -1 0 5 0 2 0 23
33 0 47 -38 583 -1 0 0 3 2 62 3 281
33 1 65 42 79 -1 0 0 4 1 0 1 19
34 0 43 -38 890 -1 0 0 4 6 58 2 476
34 1 62 7 743 -1 1 0 42 11 9 4 669
35 0 45 -38 615 0 0 0 5 7 61 4 352
35 1 62 10 745 -1 0 0 51 9 6 6 628
36 0 46 -38 968 0 1 0 3 6 62 3 582
36 1 62 12 715 -1 2 0 46 4 5 2 573
37 0 46 -38 564 -4 -2 0 2 3 64 1 320
38 0 48 -38 504 -3 -2 0 2 3 71 0 236
39 0 71 32 870 2 3 0 54 6 5 8 421
40 0 72 26 990 -2 -1 0 51 9 6 9 581
41 0 28 -38 367 2 2 0 2 7 49 1 331
41 1 47 20 70 0 0 0 0 1 12 0 22
41 2 73 33 856 1 3 0 52 8 3 6 438
42 0 73 32 897 -1 -1 0 56 7 2 6 475
43 0 73 29 919 0 -1 0 54 8 4 4 530
44 0 73 29 916 0 0 0 52 9 3 5 531
45 0 72 29 893 0 -2 0 50 4 5 5 521
48 0 59 22 119 3 -2 0 3 0 11 0 34
48 1 62 -1 929 0 0 0 42 8 13 1 908
49 0 59 2 242 2 -3 0 0 0 26 1 105
49 1 58 -7 789 -2 -8 0 36 12 10 3 891
50 0 57 3 247 1 -1 0 2 5 31 0 151
50 1 57 -10 762 -2 -1 0 30 13 4 2 937
51 0 65 3 188 3 -3 0 1 2 22 1 118
51 1 54 -21 730 -1 -4 0 18 12 16 1 1108
52 0 49 -22 1058 1 2 0 9 10 45 1 705
52 1 57 -12 840 0 2 0 20 12 10 2 976
53 0 48 -22 995 1 0 0 11 13 42 1 647
53 1 57 -8 751 -1 1 0 22 7 5 2 916
54 0 49 -22 926 -5 -1 0 7 10 51 4 540
54 1 59 -8 767 1 -1 0 20 9 7 0 892
55 0 49 -28 1042 -3 0 0 8 5 54 1 746
55 1 63 -1 692 1 3 0 25 10 14 3 812
56 0 62 -6 205 -2 0 0 0 2 24 2 232
56 1 63 -8 680 -2 -4 0 19 8 12 1 890
57 0 48 -30 588 -2 -1 0 0 7 59 1 401
57 1 57 -8 688 0 -2 0 32 7 18 1 838
58 0 58 -34 413 -9 -3 0 3 3 56 2 296
58 1 57 -10 731 -1 0 0 18 5 9 3 922
59 0 59 -34 445 -4 -1 0 2 2 60 4 412
59 1 54 -16 740 -3 -5 0 8 6 6 1 939
60 0 59 -34 437 -1 0 0 3 4 60 3 410
60 1 52 -21 768 0 -7 0 19 6 25 0 1039
61 0 62 -38 440 -5 -5 0 3 2 63 3 316
61 1 53 -25 720 -1 -5 0 15 13 23 3 954
62 0 62 -38 436 0 -1 0 2 2 58 5 320
62 1 50 -37 693 -2 -2 0 8 10 28 2 1072
63 0 63 -34 445 5 1 0 1 5 63 4 347
63 1 50 -37 677 0 0 0 12 7 29 3 1069
64 0 64 -38 429 -3 -3 0 2 1 62 2 320
64 1 50 -26 687 -1 2 0 11 16 16 0 909
65 0 65 -30 416 3 0 0 0 1 54 6 299
65 1 51 -37 697 -3 0 0 15 5 30 1 1069
66 0 70 -32 477 -3 -6 0 4 3 60 5 378
66 1 49 -37 707 -1 -6 0 7 8 39 4 1102
67 0 77 -22 545 0 0 0 4 1 50 12 725
67 1 42 -37 759 -1 -9 0 1 9 40 0 1166
68 0 95 -6 664 0 0 0 9 0 38 7 1296
68 1 42 -42 752 -2 -1 0 5 12 24 1 918
69 0 54 -19 690 0 0 0 22 9 10 2 1013
70 0 102 16 636 0 0 0 41 0 21 10 1448
70 1 63 -1 793 0 0 0 37 8 14 1 912
71 0 60 0 755 0 0 0 40 14 8 3 860
72 0 61 99 634 3 0 0 56 2 18 5 1039
72 1 59 1 699 2 2 0 50 9 3 2 787
73 0 86 42 458 -1 0 0 60 0 6 5 569
73 1 62 1 767 0 2 0 46 9 10 2 858
74 0 86 31 477 -3 13 0 43 0 7 10 780
74 1 67 15 889 4 7 0 61 4 5 4 629
75 0 86 26 475 -3 3 0 43 0 10 10 897
75 1 70 25 859 5 7 0 47 8 4 6 543
76 0 91 10 517 -2 16 0 27 1 15 12 1240
78 0 96 -6 641 -7 1 0 9 1 34 17 1227
79 0 71 -16 445 1 7 0 2 0 32 8 822
79 1 65 15 754 -2 -3 0 45 10 8 3 582
80 0 66 -22 457 -2 3 0 5 0 37 7 913
80 1 61 5 784 -3 -9 0 42 8 4 3 735
81 0 68 -24 446 -1 4 0 2 0 43 13 664
81 1 62 2 761 -2 -4 0 31 12 10 1 810
82 0 63 -38 470 0 0 0 3 1 58 3 595
82 1 59 -5 757 -2 -9 0 31 10 13 2 896
83 0 65 -32 405 5 2 0 1 0 59 8 506
83 1 60 -5 794 3 4 0 37 10 14 2 917
84 0 65 -32 428 4 3 0 2 0 64 6 297
84 1 60 3 754 0 2 0 40 12 6 1 769
85 0 60 -32 477 0 0 0 3 3 65 2 460
85 1 62 7 750 2 6 0 40 8 7 4 711
86 0 58 -27 498 3 2 0 2 11 60 1 420
86 1 63 10 716 0 2 0 47 8 4 3 603
87 0 62 18 188 0 0 0 0 2 17 0 71
87 1 23 -22 263 13 5 0 4 4 21 1 230
87 2 70 22 829 5 8 0 55 8 3 1 545
88 0 50 -22 1393 1 2 0 6 9 47 2 656
88 1 71 26 817 1 1 0 51 10 5 3 507
89 0 50 -22 1388 2 -1 0 10 21 28 0 625
89 1 73 29 810 2 3 0 46 10 5 2 492
90 0 50 -16 1719 6 -1 1 11 12 8 4 691
90 1 73 37 691 4 4 0 47 2 4 3 388
91 0 50 -16 1718 0 -1 1 8 13 11 2 692
91 1 74 40 689 0 0 0 55 6 0 4 353
92 0 50 -20 1909 0 -1 1 13 10 27 1 859
92 1 73 40 637 0 0 0 50 7 0 6 307
93 0 49 -16 1669 -2 0 1 13 9 33 0 713
93 1 73 33 809 -4 -3 0 47 11 1 4 444
94 0 62 19 200 -2 -2 0 2 1 19 2 66
94 1 22 -18 289 0 0 0 4 7 12 0 247
94 2 75 40 654 3 3 0 55 8 0 6 338
95 0 62 19 194 0 -1 0 3 1 12 0 59
95 1 17 -38 334 0 -1 0 6 10 9 1 433
95 2 73 40 723 -2 -2 0 49 6 1 5 319
96 0 50 -22 1398 -1 0 0 13 6 45 2 798
96 1 73 39 713 0 -2 0 46 6 3 6 357
97 0 51 -18 1010 -3 0 0 9 9 49 2 624
97 1 73 34 726 -3 0 0 49 11 0 4 417
98 0 49 -22 1355 0 0 0 13 6 44 1 776
98 1 79 49 549 9 8 0 56 2 1 4 241
99 0 49 -22 1369 0 0 0 9 7 43 1 780
99 1 73 38 748 -6 -11 0 48 7 3 3 368
100 0 61 22 184 -1 1 0 2 2 13 0 61
100 1 21 -22 424 2 1 0 8 15 12 1 321
100 2 73 41 695 1 -1 0 49 3 1 3 286
101 0 49 -22 1365 -3 -2 0 12 9 50 1 698
101 1 77 49 527 4 2 0 47 1 2 2 214
102 0 51 -22 906 -2 -1 0 9 4 46 4 707
102 1 79 49 542 2 0 0 53 4 1 3 243
103 0 62 7 268 -1 0 0 3 6 21 0 222
103 1 77 45 612 -3 -2 0 52 2 4 1 283
104 0 50 -17 1098 2 0 0 5 20 29 2 538
104 1 73 40 644 -3 -6 0 46 6 3 8 307
105 0 51 -16 1048 0 -1 0 8 7 46 1 482
105 1 73 38 733 -2 -1 0 50 4 3 3 369
106 0 62 21 187 0 0 0 2 2 9 0 57
106 1 19 -22 388 3 2 0 6 16 11 0 347
106 2 77 41 679 4 5 0 66 4 4 5 339
107 0 62 25 148 -1 0 0 1 2 9 0 36
107 1 23 -16 586 -1 1 0 11 4 17 0 329
107 2 79 50 494 1 0 0 54 2 1 0 202
108 0 61 26 149 -1 -1 0 2 1 6 0 46
108 1 25 -14 651 1 -1 0 8 12 14 1 326
108 2 75 42 675 -2 -5 0 57 3 6 3 311
109 0 50 -12 1492 1 -1 0 10 21 29 2 589
109 1 77 42 686 -1 1 0 51 1 1 4 323
110 0 50 -12 1596 -1 0 0 13 9 43 3 645
110 1 78 46 630 -1 -1 0 44 5 2 4 287
111 0 50 -12 1541 0 -1 0 13 9 45 4 611
111 1 75 48 521 1 0 0 34 1 1 4 226
112 0 50 -12 1493 0 -1 0 11 22 30 1 587
112 1 74 41 665 -3 -6 0 51 3 2 3 283
113 0 50 -22 1398 -3 0 0 13 6 44 1 620
113 1 74 37 724 -3 -1 0 58 5 1 4 350
114 0 59 21 152 -2 -1 0 0 2 6 1 43
114 1 23 -22 485 -3 -3 0 3 11 20 0 340
114 2 74 38 720 1 0 0 53 4 3 3 355
115 0 60 21 133 -3 -1 0 2 1 8 1 24
115 1 18 -38 591 -3 -2 1 9 6 27 0 602
115 2 73 34 841 -2 -4 0 50 10 1 5 454
116 0 58 19 143 0 -1 0 1 1 8 1 54
116 1 22 -28 352 -3 2 0 4 5 23 0 313
116 2 73 26 1005 -3 -4 0 57 8 7 4 621
117 0 46 -22 1268 5 -1 0 6 14 40 2 618
117 1 67 23 813 -3 -5 0 38 9 6 6 496
118 0 59 21 147 1 -2 0 2 2 10 0 34
118 1 18 -20 208 1 -2 0 4 3 12 0 189
119 0 47 -22 1151 3 -1 0 7 13 44 0 582
120 0 60 23 219 0 -1 0 2 6 15 1 67
120 1 22 -13 339 3 0 0 6 16 7 0 211
120 2 71 26 890 4 5 0 45 12 4 4 511
121 0 62 22 182 0 -1 0 1 2 16 1 64
121 1 23 -14 427 0 -1 0 9 6 19 1 253
121 2 74 39 657 9 9 0 56 7 6 2 336
122 0 49 -10 1564 2 -1 0 17 17 25 0 579
122 1 73 38 722 -3 -1 0 45 5 5 5 330
123 0 49 -14 1554 -1 0 0 14 7 41 2 649
123 1 74 44 630 1 2 0 37 2 3 3 259
124 0 49 -14 1559 -1 0 0 14 9 38 3 649
124 1 73 40 670 0 -3 0 55 3 2 7 313
125 0 61 26 155 -1 -1 0 3 0 4 0 48
125 1 21 -11 485 -2 0 0 3 17 10 1 257
125 2 73 35 790 -2 -3 0 53 7 1 4 415
126 0 61 21 177 -1 -1 0 2 0 13 0 55
126 1 24 -17 419 -6 0 0 5 5 14 1 279
126 2 73 39 774 -1 0 0 48 3 3 3 343
127 0 61 21 176 0 -1 0 0 2 14 0 54
127 1 22 -16 305 -1 -1 0 6 9 5 0 201
127 2 73 42 645 3 2 0 51 4 3 5 279
128 0 60 22 199 0 2 0 2 1 16 4 61
128 1 24 -16 451 1 2 0 12 4 17 1 270
128 2 73 40 663 0 -2 0 55 5 5 3 312
129 0 50 -22 1479 0 0 0 11 10 45 1 689
129 1 73 44 602 0 0 0 36 2 3 3 260
130 0 51 -15 1111 -3 0 0 6 20 41 0 477
130 1 78 46 584 1 2 0 51 3 1 2 239
131 0 48 -16 976 0 0 0 5 6 41 2 473
131 1 73 42 638 -2 -2 0 49 4 3 3 283
132 0 50 -12 1204 3 -1 0 7 7 34 2 490
132 1 75 42 641 1 0 0 35 1 3 1 302
133 0 48 -10 1495 2 0 0 12 7 29 2 588
133 1 76 40 769 -2 -2 0 55 6 3 6 398
134 0 45 -10 1358 1 -1 0 6 15 23 1 495
134 1 77 41 692 1 1 0 56 5 2 3 352
135 0 44 -10 1368 3 0 0 7 5 16 2 537
135 1 74 42 688 0 -1 0 48 4 5 1 284
136 0 46 -5 1364 0 0 0 6 7 7 0 505
136 1 74 46 598 -1 0 0 31 1 5 2 227
137 0 46 -3 1346 2 -1 1 4 2 8 0 490
137 1 74 46 579 -1 -1 0 32 3 2 4 225
138 0 45 -3 1296 0 -1 1 3 0 12 0 489
138 1 78 49 509 2 1 0 49 0 2 1 207
139 0 46 -3 1299 -1 -1 0 3 10 9 0 482
139 1 72 38 712 -5 -9 0 43 2 6 2 337
140 0 45 -6 1270 -2 -1 0 3 7 9 1 480
140 1 72 38 701 0 -1 0 44 3 6 1 326
141 0 44 -6 1322 -1 0 0 8 6 12 0 499
141 1 72 33 731 -1 -2 0 49 3 4 2 423
142 0 38 -6 1055 1 -1 0 5 4 9 0 400
142 1 72 27 943 -4 -4 0 51 9 7 5 543
143 0 38 -6 1060 -1 0 0 8 4 10 0 396
143 1 72 29 857 0 0 0 45 7 8 3 522
144 0 47 -10 1180 -6 -1 0 9 7 29 1 458
144 1 74 29 927 -1 -2 0 54 7 5 6 513
145 0 61 37 56 13 -7 0 1 0 1 0 18
145 1 37 -12 734 -1 -3 0 4 20 22 0 338
145 2 74 29 925 -1 -1 0 57 8 6 4 510
146 0 53 -14 1172 -3 0 0 6 6 45 2 502
146 1 74 29 911 -1 0 0 62 3 5 5 510
147 0 64 21 163 1 -3 0 1 0 12 0 47
147 1 22 -14 291 -1 -2 0 3 11 7 0 187
147 2 72 37 742 1 4 0 56 3 5 2 314
148 0 62 19 197 -2 -1 0 1 1 13 0 60
148 1 21 -16 249 -3 -1 0 5 6 12 0 185
148 2 73 46 564 4 3 0 35 4 2 4 221
149 0 62 19 121 -2 0 0 1 2 13 1 39
149 1 22 -17 304 -3 0 0 5 10 13 1 226
149 2 74 48 537 0 0 0 34 2 2 5 185
150 0 58 19 162 0 0 0 4 1 16 0 57
150 1 19 -18 272 1 -1 0 5 6 12 1 200
150 2 75 44 627 -1 0 0 40 2 2 2 258
151 0 45 -22 1336 -5 1 0 11 8 34 1 639
151 1 83 58 460 8 7 0 56 2 1 2 167
152 0 57 19 142 -2 -1 0 2 0 10 1 47
152 1 18 -38 364 -3 0 0 12 4 25 0 391
153 0 57 21 123 -2 0 0 0 1 8 0 46
153 1 15 -54 495 -1 -1 1 10 9 16 1 712
154 0 55 21 103 -3 -1 0 0 1 8 2 39
154 1 22 -34 359 -5 0 0 6 7 24 0 353
154 2 78 46 570 -5 -8 0 51 4 2 0 239
155 0 50 23 75 -2 1 0 1 0 10 0 19
155 1 23 -36 346 -7 0 0 4 4 37 1 332
155 2 78 49 511 2 4 0 39 3 2 2 213
156 0 50 26 64 -1 -1 0 1 0 5 2 12
156 1 22 -38 355 0 0 0 2 8 36 1 373
156 2 80 55 463 2 3 0 43 3 2 1 179
157 0 50 22 72 1 1 0 1 2 9 0 16
157 1 25 -38 536 6 1 0 6 11 27 1 451
158 0 39 -38 1124 -1 1 0 8 12 33 0 593
158 1 80 77 444 3 2 0 41 1 1 4 133
159 0 37 -32 1179 0 2 0 9 15 27 2 627
159 1 84 89 453 8 3 0 52 0 6 6 286
160 0 38 -38 1104 -3 -1 0 10 8 48 3 653
160 1 87 90 364 6 2 0 37 0 4 5 226
161 0 36 -38 1053 -2 0 0 7 6 45 1 607
161 1 87 105 543 3 -1 0 38 1 7 8 570
162 0 37 -38 908 -2 -1 0 5 5 49 2 531
162 1 87 89 370 -4 -1 0 27 1 3 7 207
163 0 40 -38 670 -5 -2 0 8 7 40 1 351
164 0 37 -48 908 -2 0 0 4 2 60 1 605
164 1 84 59 466 -5 -13 0 53 1 2 4 168
165 0 50 21 86 0 -1 0 1 0 10 1 20
166 0 84 58 474 -1 -1 0 48 2 1 2 175
167 0 55 -38 444 -2 -3 0 2 1 69 1 407
167 1 83 58 471 -2 -2 0 56 0 3 2 167
168 0 46 -38 350 15 3 0 2 2 61 1 452
168 1 72 32 785 0 0 0 55 6 2 3 415
169 0 24 -38 382 7 5 0 3 10 33 2 416
169 1 60 21 60 0 0 0 0 1 7 2 14
169 2 62 6 816 0 0 0 48 5 8 4 749
170 0 60 33 26 0 0 0 0 0 6 0 0
170 1 26 -38 272 4 2 0 2 8 28 0 242
170 2 62 1 775 -2 -6 0 44 11 12 2 795
171 0 47 -22 1086 0 0 0 7 9 48 0 480
171 1 62 4 834 0 3 0 39 10 8 1 770
172 0 45 -22 1443 -1 2 0 10 20 24 2 637
172 1 63 -4 747 -3 -9 0 31 9 13 0 871
173 0 45 -18 1485 -1 -1 1 8 19 25 2 597
173 1 55 -12 719 -2 -8 0 23 8 13 0 971
174 0 45 -14 1684 1 0 1 14 8 18 3 624
174 1 61 -5 714 2 3 0 23 12 3 5 853
175 0 46 -12 1536 0 0 1 13 9 18 2 567
175 1 63 1 878 2 5 0 32 15 7 4 817
176 0 46 -22 1631 -2 -3 1 12 17 23 1 729
176 1 62 8 685 2 5 0 34 14 10 4 673
177 0 59 26 127 -1 0 0 1 0 8 1 40
177 1 24 -17 633 -3 0 0 8 15 14 0 343
177 2 62 -5 807 -1 -3 0 50 7 11 3 937
178 0 62 10 254 2 -5 0 3 3 27 1 126
178 1 61 -5 730 -2 -7 0 33 17 13 1 916
179 0 54 -20 775 -2 -3 0 7 7 53 0 423
179 1 60 -8 758 0 -9 0 29 10 7 0 853
180 0 63 -22 537 -2 -4 0 5 4 49 3 471
180 1 55 -21 786 -3 -2 0 32 5 17 0 1136
181 0 61 -22 552 -2 -1 0 5 8 58 1 483
181 1 55 -20 770 -1 -3 0 26 12 10 2 1237
182 0 68 -23 406 -10 -4 0 3 7 50 5 277
182 1 62 -5 1001 0 0 0 41 6 10 2 949
183 0 68 -25 417 -1 0 0 4 5 55 4 283
184 0 64 -32 456 1 4 0 5 3 58 2 436
184 1 67 29 768 0 0 0 29 5 6 5 435
185 0 56 -32 555 6 4 0 4 6 60 2 488
185 1 73 33 845 2 1 0 61 5 6 3 419
186 0 58 -28 439 -2 -2 0 3 4 64 2 383
186 1 71 37 761 -1 0 0 46 3 2 3 336
187 0 61 -32 396 -16 -4 0 1 1 62 3 284
187 1 71 32 829 -3 0 0 44 5 3 2 414
188 0 61 -32 410 -8 -5 0 1 0 60 5 324
188 1 70 29 898 -1 -2 0 54 4 9 3 490
189 0 63 -22 380 -6 -3 0 1 0 49 6 488
189 1 70 25 908 0 -3 0 52 6 5 7 570
190 0 67 25 834 0 0 0 48 4 7 3 498
191 0 61 -6 309 1 -3 0 1 0 32 6 429
191 1 72 40 700 5 7 0 43 5 1 2 291
192 0 67 -6 283 1 -3 0 3 1 20 12 457
192 1 74 41 579 2 0 0 46 7 0 4 267
193 0 71 9 236 3 -6 0 6 1 10 6 345
193 1 78 48 456 4 4 0 38 3 3 0 228
194 0 72 9 240 2 -1 0 5 0 13 6 360
194 1 78 49 430 -1 0 0 41 0 1 1 195
195 0 73 16 200 3 2 0 3 0 11 7 294
195 1 74 42 488 -3 -7 0 34 5 3 2 262
196 0 73 25 196 0 0 0 4 0 9 7 236
196 1 72 35 625 -3 -6 0 43 1 6 2 368
197 0 74 25 198 1 0 0 4 0 9 4 255
197 1 64 11 759 0 0 0 38 11 5 0 646
198 0 78 25 201 1 0 0 5 1 16 2 280
198 1 62 9 749 -1 -1 0 43 14 5 4 674
199 0 80 29 182 2 -1 0 2 0 6 4 258
199 1 70 31 834 0 0 0 50 3 3 2 436
200 0 69 21 142 -5 7 0 1 0 15 3 109
200 1 78 51 497 0 0 0 48 3 0 1 176
201 0 78 49 573 0 1 0 47 1 2 0 216
202 0 59 -2 198 -11 5 0 0 0 24 2 158
203 0 57 -6 213 -1 1 0 1 0 26 3 195
203 1 85 59 488 -3 -1 0 58 3 1 2 164
204 0 50 -14 228 -8 2 0 0 0 32 5 163
205 0 44 -22 297 2 8 0 1 2 43 1 121
205 1 84 58 455 -1 0 0 56 1 3 1 167
206 0 44 -24 321 -3 -2 0 2 0 42 2 128
206 1 82 55 493 -2 -1 0 52 4 3 1 206
207 0 46 -38 348 -2 1 0 1 0 48 3 244
207 1 78 41 705 -6 -14 0 68 5 4 3 338
208 0 46 -32 349 -1 0 0 1 2 47 3 219
208 1 74 42 629 -3 -2 0 29 2 0 3 270
209 0 38 -38 642 -2 4 0 3 1 46 2 429
209 1 67 20 834 0 0 0 42 5 5 2 554
210 0 38 -32 516 1 3 0 5 6 36 0 217
211 0 37 -18 692 0 0 0 2 3 31 0 315
211 1 67 29 763 6 5 0 43 8 5 2 434
212 0 72 29 889 -1 0 0 47 13 5 5 490
213 0 63 20 197 10 -7 0 0 3 19 0 53
213 1 25 -18 230 0 0 0 4 2 18 0 192
213 2 72 33 873 0 1 0 55 11 2 3 409
214 0 76 -22 493 0 0 0 1 2 59 1 324
214 1 72 38 704 3 4 0 45 8 4 3 330
215 0 73 -22 410 -3 -2 0 2 1 61 3 253
215 1 72 40 704 -1 -1 0 47 3 1 4 287
216 0 73 -22 407 0 -1 0 3 4 55 4 254
216 1 73 43 612 2 3 0 33 3 3 3 262
217 0 85 -16 486 0 0 0 2 3 52 7 552
217 1 78 49 530 4 5 0 38 3 2 3 220
218 0 86 -16 450 0 0 0 2 2 53 6 657
218 1 83 55 489 4 4 0 52 0 1 2 211
219 0 87 -6 420 3 -5 0 4 1 39 4 752
220 0 90 -6 511 0 -3 0 6 1 34 6 961
221 0 93 12 526 0 0 0 9 1 21 9 975
221 1 83 58 483 -2 -3 0 55 2 3 0 168
222 0 86 23 444 0 0 0 23 0 11 12 754
223 0 100 26 586 3 -1 0 35 2 16 12 1215
223 1 84 57 504 -1 -1 0 60 1 1 1 165
224 0 88 25 452 1 -1 0 39 0 8 12 866
224 1 84 59 466 -1 0 0 55 0 0 2 133
226 0 103 34 608 -1 0 0 40 0 17 10 1093
227 0 104 35 606 2 -1 0 48 1 15 9 1087
227 1 84 87 441 0 0 0 47 0 4 6 249
228 0 84 89 462 -2 -1 0 54 2 5 4 285
229 0 93 42 521 1 -1 0 57 0 9 6 728
229 1 85 84 421 -1 0 0 53 1 4 1 151
230 0 84 89 421 0 -2 0 47 2 5 8 278
231 0 86 42 457 0 -1 0 54 0 6 7 573
231 1 83 84 433 -5 -1 0 53 2 2 4 184
232 0 86 57 369 5 -2 0 53 3 4 1 259
233 0 75 84 342 1 0 0 57 5 8 4 420
233 1 72 41 555 0 0 0 41 0 1 1 245
234 0 75 84 385 2 -1 0 57 4 9 5 419
235 0 88 57 280 -1 -1 0 33 2 3 5 261
236 0 88 57 338 -2 1 0 38 1 3 9 253
236 1 62 -5 627 -2 -16 0 39 13 6 1 809
237 0 88 57 347 -3 0 0 56 1 6 2 239
237 1 55 -5 651 0 0 0 20 8 18 2 784
238 0 88 50 404 -2 0 0 61 1 3 3 388
238 1 58 -5 622 0 2 0 18 17 9 2 791
239 0 88 57 372 2 -3 0 46 0 5 4 249
239 1 59 -5 610 1 -1 0 15 9 7 0 779
240 0 86 48 476 -4 2 0 58 1 5 5 451
240 1 61 -5 599 2 2 0 24 11 20 1 840
241 0 88 48 379 0 0 0 57 0 3 5 429
241 1 12 -1 53 -1 0 0 3 1 1 0 20
241 2 63 10 507 2 6 0 25 6 4 1 544
242 0 90 46 491 -2 1 0 59 1 7 6 567
242 1 16 -2 137 -1 -1 0 1 1 2 0 44
242 2 62 10 508 -1 -2 0 20 7 11 0 542
243 0 90 43 455 2 0 0 59 1 8 4 608
243 1 16 -2 108 -1 -1 0 1 1 0 0 38
243 2 63 10 477 0 0 0 19 11 10 1 519
244 0 61 100 647 -4 1 0 48 0 18 10 1084
244 1 13 -2 65 -1 -1 0 0 1 0 0 29
244 2 62 5 537 -3 -4 0 15 10 5 2 584
245 0 91 42 516 1 -1 0 52 0 8 4 696
245 1 11 -2 97 -1 0 0 1 1 0 0 40
245 2 61 0 541 -1 -8 0 13 7 6 0 574
246 0 91 42 518 0 0 0 55 0 8 3 694
246 1 16 -2 139 -1 -1 0 1 1 0 0 46
246 2 63 -5 538 0 -1 0 16 9 17 2 652
247 0 90 42 506 -2 0 0 58 0 9 5 648
247 1 13 -2 78 0 0 0 1 0 2 0 39
247 2 62 7 483 1 6 0 12 15 3 0 474
248 0 86 42 476 0 -1 0 51 2 7 5 575
248 1 16 -2 158 0 -1 0 1 2 0 0 69
248 2 64 21 437 6 8 0 28 6 3 4 349
249 0 86 42 495 1 -1 0 57 0 9 5 569
249 1 16 -2 159 0 -1 0 1 2 2 0 67
250 0 86 42 481 0 1 0 58 0 8 4 570
250 1 17 -2 137 0 0 0 0 1 1 0 52
250 2 76 35 450 7 7 0 38 6 3 2 315
251 0 88 42 418 0 1 0 53 1 4 4 546
251 1 17 -2 137 0 0 0 0 1 1 0 52
251 2 77 44 354 1 3 0 35 2 2 0 195
252 0 88 41 415 -2 1 0 43 0 6 9 518
252 1 16 -2 174 0 0 0 2 2 2 0 75
252 2 61 89 1020 1 0 0 0 0 0 0 255
252 3 79 50 302 4 4 0 37 4 1 0 158
253 0 86 42 470 0 1 0 44 2 6 11 577
253 1 17 -2 138 0 0 0 1 2 1 0 50
253 2 80 53 281 1 2 0 26 2 3 2 123
254 0 86 41 468 0 0 0 50 1 5 6 546
254 1 16 -2 126 -1 0 0 1 2 1 0 44
254 2 87 87 165 -11 2 0 6 2 2 1 178
255 0 86 42 471 1 -1 0 49 1 7 7 576
255 1 18 -2 197 0 -1 0 1 2 3 0 84
256 0 86 42 433 4 -3 0 56 0 8 4 572
256 1 19 -2 160 0 -1 0 0 2 4 0 74
257 0 86 42 425 2 -1 0 55 1 7 5 572
257 1 19 -2 161 0 -1 0 0 1 4 0 75
257 2 87 90 339 3 -1 0 37 1 4 3 171
258 0 88 57 334 4 -3 0 36 1 4 4 259
258 1 19 -2 160 0 -1 0 0 2 4 0 74
258 2 87 87 280 4 -1 0 21 1 0 4 142
259 0 88 57 344 0 -1 0 34 1 2 5 262
259 1 19 -2 158 0 -1 0 0 2 3 0 75
259 2 91 92 290 1 -1 0 23 1 0 4 134
260 0 88 57 366 -1 1 0 44 2 5 4 249
260 1 18 -2 211 0 0 0 2 2 3 0 93
260 2 57 89 1386 -1 0 0 0 0 0 0 336
260 3 93 100 358 5 1 0 31 3 2 4 185
261 0 88 48 380 0 2 0 49 1 4 5 435
261 1 13 -2 75 0 -1 0 1 1 0 0 33
261 2 60 89 1200 0 0 0 0 0 0 0 300
261 3 94 99 329 1 -1 0 30 2 2 6 176
262 0 88 50 378 0 1 0 51 3 3 6 393
262 1 16 -2 138 -1 -1 0 1 1 0 0 46
262 2 56 89 1428 0 0 0 0 0 0 0 357
262 3 92 105 437 1 0 0 28 1 6 6 283
263 0 89 51 374 0 -1 0 49 0 2 4 352
263 1 13 -2 63 -1 -1 0 0 1 1 0 28
263 2 57 89 1353 -1 -1 0 0 0 0 0 320
263 3 95 104 358 -1 -1 0 30 1 4 5 230
264 0 89 50 370 0 2 0 59 0 1 3 381
264 1 13 -2 63 -1 -1 0 0 1 1 0 28
264 2 62 89 1015 -1 -1 0 0 0 0 0 238
264 3 92 105 455 1 0 0 30 1 6 6 305
265 0 86 42 457 -2 2 0 55 1 5 6 573
265 1 12 -1 53 -1 -1 0 0 1 0 0 24
265 2 95 118 554 3 -2 0 23 2 2 8 400
266 0 86 42 433 0 1 0 52 1 6 7 574
266 1 94 118 574 0 0 0 28 2 6 7 421
267 0 87 42 411 -2 6 0 48 3 3 6 564
267 1 99 108 369 0 0 0 32 0 4 3 222
268 0 85 26 499 -6 10 0 39 0 7 9 809
268 1 63 105 2051 -2 1 0 30 1 13 8 938
269 0 85 26 504 0 0 0 41 1 7 9 806
269 1 63 105 2048 0 1 0 36 0 14 7 933
270 0 86 32 443 1 0 0 33 0 5 11 623
270 1 12 -1 53 -1 -1 0 0 2 0 0 23
270 2 63 105 2056 0 0 0 33 0 15 8 934
271 0 83 32 360 2 0 0 32 0 6 8 543
271 1 13 -1 63 0 -1 0 0 2 1 0 27
271 2 96 105 379 0 -1 0 24 1 3 5 237
272 0 87 41 383 1 -1 0 29 0 5 9 453
273 0 87 42 338 2 2 0 25 2 5 6 410
273 1 96 105 429 -2 0 0 25 0 4 6 255
274 0 86 42 361 -1 2 0 26 1 6 3 428
274 1 64 105 2007 -1 0 0 23 1 10 6 905
275 0 84 31 249 -3 10 0 21 0 4 4 367
275 1 89 116 610 0 0 0 30 3 2 7 485
276 0 83 26 322 -3 2 0 17 1 9 4 497
276 1 94 138 606 2 0 0 35 6 1 4 754
277 0 74 16 280 -4 11 0 14 0 10 5 499
277 1 95 138 582 -1 -1 0 30 2 1 8 734
278 0 72 9 292 -2 1 0 6 0 12 7 479
279 0 70 9 279 -1 4 0 5 0 15 6 326
279 1 64 118 2416 -1 -1 0 31 3 9 9 1163
280 0 66 -6 261 0 7 0 2 0 22 5 419
280 1 96 138 560 1 -2 0 32 3 2 2 729
281 0 55 -16 314 4 15 0 0 1 43 2 244
281 1 62 89 1015 -1 -1 0 0 0 0 0 238
281 2 97 138 535 2 -2 0 27 2 5 7 703
282 0 56 -18 316 4 5 0 0 0 44 4 231
283 0 51 -22 356 6 6 0 1 0 44 0 179
283 1 98 122 430 -3 1 0 24 0 5 8 443
284 0 44 -22 375 -1 3 0 1 2 39 3 187
284 1 97 131 550 -1 0 0 31 1 5 4 610
285 0 36 -14 466 0 0 0 2 4 23 0 178
285 1 98 131 514 -1 0 0 27 1 5 9 609
286 0 24 -6 339 0 0 0 1 3 5 0 131
287 0 27 -6 435 0 0 0 2 4 6 0 164
287 1 88 100 448 -3 1 0 44 1 7 4 360
288 0 50 -16 560 0 0 0 3 3 42 0 222
289 0 58 -17 369 -4 -8 0 3 7 43 1 266
289 1 81 56 417 0 0 0 36 1 1 2 135
290 0 71 -22 359 0 0 0 2 1 49 4 256
290 1 81 56 413 -1 0 0 34 2 3 0 136
291 0 79 -14 454 0 0 0 2 3 56 4 575
291 1 80 83 386 8 4 0 48 1 4 3 223
292 0 83 -13 466 1 -2 0 1 5 50 9 591
292 1 85 86 332 8 4 0 42 0 3 4 154
293 0 83 -9 450 8 5 0 3 3 50 4 408
293 1 87 100 475 11 3 0 41 2 6 5 336
294 0 71 -12 836 0 0 0 4 7 54 1 542
294 1 94 112 496 0 0 0 29 1 5 5 363
295 0 70 -8 1014 2 2 0 5 8 50 1 491
295 1 99 116 340 3 0 0 37 0 3 6 332
296 0 67 -8 1375 1 1 0 4 16 26 0 494
296 1 99 131 492 3 -1 0 32 3 5 2 578
297 0 76 21 259 -1 0 0 0 0 20 1 105
297 1 23 -6 289 0 2 0 7 9 8 0 158
297 2 98 131 507 0 -1 0 21 1 5 11 613
298 0 63 -6 1959 1 2 0 12 9 31 1 729
299 0 58 -6 1738 0 0 0 9 11 28 1 623
299 1 103 138 434 -3 0 0 17 1 5 7 600
300 0 58 -6 1805 -1 -1 0 9 5 34 3 621
301 0 56 -13 1277 -10 2 0 9 14 34 0 521
302 0 55 -14 1176 -5 1 0 4 10 49 3 462
303 0 51 -22 1010 -6 2 0 7 8 42 3 465
304 0 48 -22 1176 -3 1 0 3 15 47 1 512
305 0 47 -22 1097 0 -1 0 11 15 36 1 481
306 0 45 -22 1087 0 0 0 11 12 38 0 500
306 1 98 131 467 -4 0 0 23 0 7 8 529
307 0 47 -19 1234 1 0 0 2 11 24 0 539
307 1 99 131 376 -5 2 0 29 0 3 4 573
308 0 47 -18 1402 1 -1 0 6 19 30 1 584
309 0 61 21 176 3 -5 0 0 2 13 0 55
309 1 25 -18 277 -2 -5 0 3 7 16 0 183
309 2 86 57 331 0 0 0 34 2 1 1 200
310 0 62 -22 650 0 0 0 1 7 56 4 540
310 1 78 47 479 0 0 0 49 2 1 0 228
311 0 75 -22 450 0 0 0 4 4 60 4 306
312 0 80 -22 392 0 0 0 2 1 58 6 461
312 1 62 9 759 -5 -11 0 55 9 8 3 645
313 0 87 -6 423 0 0 0 4 0 47 8 741
313 1 60 -7 689 0 0 0 27 13 15 0 873
314 0 91 -6 474 0 -3 0 3 0 37 8 918
314 1 59 -20 778 0 0 0 13 13 25 3 996
315 0 97 0 536 0 0 0 9 2 32 12 1106
315 1 57 -15 653 1 4 0 17 10 20 2 881
316 0 96 0 580 -1 -1 0 8 2 30 14 1122
316 1 61 -21 831 -1 -4 0 13 13 19 3 1140
317 0 97 10 467 4 -4 0 20 1 21 6 1062
317 1 58 -37 672 0 0 0 6 8 38 1 1022
318 0 57 -21 897 4 5 0 20 11 26 2 1061
319 0 88 25 473 6 -4 0 33 1 8 10 873
319 1 56 -21 795 3 6 0 35 4 12 4 1271
320 0 81 25 408 0 -3 0 38 0 6 10 744
320 1 62 2 742 6 8 0 41 11 13 0 775
321 0 88 31 475 2 -1 0 43 2 8 5 822
321 1 62 4 632 1 -4 0 34 13 9 1 679
322 0 88 42 477 2 -2 0 43 0 9 11 617
322 1 62 2 630 -1 -4 0 28 10 10 1 664
323 0 86 39 461 -1 0 0 41 3 4 7 625
323 1 62 -5 687 -2 -6 0 29 10 13 0 844
324 0 88 42 494 1 0 0 51 0 8 8 613
324 1 59 -5 624 -2 -4 0 22 10 15 2 761
325 0 104 31 625 -2 0 0 45 0 16 9 1170
325 1 61 -21 686 0 -1 0 26 15 14 0 1097
326 0 104 31 636 0 0 0 47 1 15 9 1168
326 1 62 3 714 6 10 0 27 8 12 2 743
327 0 83 31 453 -1 1 0 49 0 6 7 698
327 1 65 10 710 3 6 0 44 14 7 2 647
328 0 80 26 432 -2 5 0 40 1 4 9 726
329 0 82 25 449 -1 1 0 40 1 7 8 721
330 0 82 16 432 0 9 0 35 0 5 10 886
330 1 12 -3 124 -1 -1 0 1 2 4 1 48
330 2 72 30 577 2 3 0 38 7 6 3 366
331 0 82 13 389 0 5 0 26 0 4 11 843
331 1 13 -3 147 0 0 1 0 1 13 1 57
331 2 72 23 710 -1 2 0 39 15 6 4 497
332 0 80 -6 416 0 0 0 5 0 26 8 897
332 1 19 -6 323 -1 0 1 3 2 17 2 126
332 2 73 33 622 1 5 0 42 6 1 5 375
333 0 65 -38 403 0 0 0 0 2 55 5 598
333 1 30 -6 655 -1 -1 1 4 2 22 1 279
333 2 79 50 438 10 10 0 44 3 2 0 223
334 0 61 -38 439 -2 2 0 1 0 59 4 667
334 1 30 -6 654 0 -1 1 3 2 19 1 283
334 2 80 54 394 1 1 0 31 1 2 0 170
335 0 57 -38 410 -1 6 0 1 0 47 10 639
335 1 20 -6 297 0 -1 1 2 3 14 1 136
335 2 20 -1 227 1 0 0 0 0 4 1 83
336 0 48 -32 375 3 7 0 1 0 45 6 356
336 1 20 -5 281 -1 1 0 2 1 13 0 128
337 0 48 21 78 9 5 0 0 0 1 3 24
337 1 20 -5 282 -1 0 0 1 2 13 0 128
337 2 82 55 487 -2 -2 0 51 4 3 2 206
338 0 55 -16 287 1 -8 0 1 0 32 7 296
338 1 13 -3 143 0 0 0 0 2 9 0 61
338 2 72 31 847 0 0 0 50 6 6 3 481
339 0 67 9 240 0 0 0 5 0 6 11 335
339 1 13 -3 141 0 -1 0 0 1 10 0 53
339 2 60 -1 905 0 0 0 39 6 14 1 902
340 0 76 25 270 0 0 0 32 2 4 2 500
340 1 13 -3 128 0 0 0 0 1 9 1 53
340 2 55 -16 785 0 0 0 28 12 11 2 1035
341 0 89 41 326 0 0 0 39 0 4 9 460
341 1 14 -3 76 -1 -1 0 1 0 2 0 32
341 2 50 -21 665 -2 -9 0 13 7 15 1 956
342 0 88 41 341 2 -4 0 44 0 3 6 507
342 1 15 -3 90 0 -1 0 0 1 2 0 37
342 2 50 -23 644 0 -4 0 15 9 14 0 886
343 0 90 57 404 0 0 0 52 1 5 4 280
343 1 13 -3 140 0 -1 0 1 1 11 1 50
343 2 52 -25 587 4 -8 0 5 7 22 4 778
344 0 86 57 332 0 0 0 36 1 4 6 273
344 1 14 -3 79 -1 -1 0 1 0 2 0 32
344 2 49 -21 611 0 0 0 6 10 22 3 759
345 0 86 48 337 -5 3 0 35 1 0 6 365
345 1 14 -3 77 -1 -1 0 1 0 0 0 34
345 2 54 -17 597 1 2 0 6 21 12 2 734
346 0 63 42 489 -6 0 0 57 1 17 5 946
346 1 11 -3 38 -1 0 0 0 2 0 0 18
346 2 54 -18 618 -1 -2 0 12 16 21 2 749
347 0 84 16 380 0 0 0 34 1 5 8 862
347 1 14 -3 73 -1 -1 0 0 1 2 0 32
347 2 51 -21 584 -1 -1 0 7 7 18 0 832
348 0 79 16 442 0 -2 0 35 0 3 6 881
348 1 14 -3 73 -1 -1 0 0 1 2 0 32
348 2 52 -21 607 -1 -2 0 10 7 25 2 781
349 0 83 18 482 0 -2 0 44 1 7 9 979
349 1 52 -17 650 2 2 0 6 15 17 2 828
350 0 76 26 416 1 -2 0 40 1 3 12 664
350 1 62 10 637 0 0 0 30 10 11 0 589
351 0 76 26 407 2 -3 0 41 1 4 10 664
351 1 63 10 650 3 5 0 30 6 6 1 577
352 0 79 26 391 2 -3 0 45 1 4 4 668
352 1 67 31 619 10 10 0 40 5 2 2 347
353 0 82 31 402 2 -1 0 50 0 1 5 590
353 1 14 -3 78 -1 -1 0 0 0 2 0 33
353 2 73 41 608 4 6 0 44 4 2 5 269
354 0 83 26 390 2 -2 0 53 0 2 7 736
354 1 13 -3 106 -1 0 0 0 0 7 1 41
354 2 81 55 478 7 9 0 53 1 1 0 167
355 0 88 42 434 4 -5 0 61 1 5 5 536
355 1 14 -3 78 -1 -1 0 2 0 2 0 31
355 2 87 62 444 6 8 0 56 4 2 1 159
356 0 88 46 407 1 -1 0 58 2 3 3 466
356 1 14 -3 77 -1 -1 0 1 0 1 0 33
357 0 91 46 377 0 0 0 53 0 3 7 492
357 1 14 -3 79 -1 -1 0 0 0 2 0 33
357 2 83 58 400 -2 -12 0 34 1 2 1 184
358 0 14 -3 77 -1 -1 0 1 0 1 0 33
358 1 79 40 728 0 0 0 68 4 5 3 401
359 0 79 16 372 0 15 0 23 0 5 12 776
359 1 14 -3 77 -1 -1 0 1 0 1 0 33
359 2 73 26 793 -6 -13 0 44 5 4 5 554
360 0 96 0 458 0 0 0 10 0 27 10 1087
360 1 14 -3 78 -1 -1 0 1 0 2 0 32
360 2 72 41 222 0 0 0 20 6 0 1 101
361 0 93 -6 495 -3 3 0 4 2 23 13 1076
361 1 14 -3 79 -1 -1 0 0 1 2 0 32
361 2 72 20 815 2 5 0 41 10 5 4 624
362 0 93 0 477 1 0 0 6 0 30 9 1035
362 1 73 30 854 0 0 0 53 3 6 6 502
363 0 90 -6 503 -2 2 0 4 0 27 14 963
363 1 80 55 495 11 9 0 35 3 3 1 186
364 0 80 -16 412 0 0 0 2 2 57 5 549
364 1 80 81 458 0 0 0 55 2 4 4 223
365 0 79 -16 413 6 4 0 1 1 54 5 595
365 1 80 77 451 -1 -1 0 43 2 1 2 132
366 0 72 -14 852 0 0 0 5 4 56 0 575
366 1 84 87 450 8 2 0 56 1 4 3 251
367 0 71 -9 931 2 0 0 5 17 45 0 488
367 1 87 90 360 4 2 0 32 0 3 6 231
368 0 70 -8 1028 2 0 0 4 7 50 3 491
368 1 91 106 483 5 -2 0 36 1 6 5 407
369 0 67 -14 702 0 0 0 6 7 56 1 522
369 1 94 111 451 7 -2 0 26 3 4 12 403
370 0 78 -16 464 -4 -5 0 0 4 54 4 307
370 1 95 109 422 0 -1 0 28 1 4 8 319
371 0 78 -16 365 0 0 0 1 2 53 5 407
371 1 93 115 466 1 -1 0 29 1 5 6 469
372 0 79 -22 437 0 0 0 4 2 50 9 639
372 1 97 138 421 3 -1 0 28 1 0 5 691
373 0 78 -16 421 1 2 0 3 1 48 9 579
373 1 97 132 432 0 -1 0 27 2 2 8 599
374 0 78 -16 333 10 7 0 0 0 52 9 329
374 1 98 132 376 -1 -2 0 28 4 1 6 577
375 0 74 -21 396 0 2 0 3 4 44 7 582
375 1 98 138 383 0 -1 0 25 1 4 4 666
376 0 74 -22 374 3 0 0 2 4 50 7 511
376 1 96 109 426 -5 1 0 29 2 4 2 323
377 0 79 -16 418 0 -3 0 2 4 53 5 510
377 1 81 138 966 -2 0 0 34 4 8 7 1067
378 0 79 -14 368 -1 -2 0 2 3 48 7 580
378 1 86 90 156 3 2 0 1 1 5 0 249
379 0 78 -6 390 0 0 0 3 0 33 9 760
379 1 80 53 400 0 0 0 39 0 5 4 168
380 0 76 10 334 0 0 0 16 0 5 15 796
380 1 71 19 823 0 0 0 44 5 3 2 573
381 0 78 10 385 -3 -1 0 17 0 9 10 828
381 1 63 -1 651 0 0 0 25 13 11 1 756
382 0 91 10 449 0 -1 0 14 0 13 14 1013
382 1 62 -9 691 -2 -5 0 21 8 14 2 825
383 0 76 18 398 5 -8 0 36 0 4 9 787
383 1 58 -33 694 0 0 0 11 9 49 0 546
384 0 57 -34 615 0 0 0 5 6 63 2 252
385 0 83 26 363 1 -2 0 47 1 4 4 742
385 1 54 -37 666 -2 4 0 7 8 58 4 679
386 0 51 -37 693 0 0 0 7 4 64 4 454
387 0 89 57 332 2 -1 0 52 1 0 4 239
387 1 47 -37 814 -1 -1 0 5 2 67 6 440
388 0 92 57 375 3 -1 0 60 3 6 2 309
388 1 46 -37 822 2 4 0 5 5 60 2 708
389 0 89 57 308 -2 1 0 49 2 0 5 240
389 1 47 -37 737 0 -1 0 3 10 59 4 684
390 0 89 57 299 0 0 0 48 0 1 1 246
390 1 47 -37 741 2 0 0 2 8 55 5 890
391 0 93 57 348 1 0 0 55 1 2 4 308
391 1 50 -29 590 0 6 0 2 6 41 1 670
392 0 93 57 344 0 0 0 58 2 2 3 305
392 1 47 -37 706 0 -2 0 6 11 43 3 897
393 0 81 84 349 6 -2 0 60 3 4 1 302
393 1 47 -36 699 0 0 0 5 11 48 2 480
394 0 81 90 327 -1 0 0 55 2 7 3 414
394 1 47 -37 710 -1 0 0 1 3 60 5 571
395 0 91 57 334 -6 5 0 57 2 2 5 267
395 1 48 -37 744 2 -2 0 3 2 67 5 456
396 0 93 57 347 1 0 0 60 1 2 3 304
396 1 48 -37 645 -2 -2 0 2 2 37 1 286
397 0 51 -37 794 4 6 0 5 5 56 7 599
398 0 78 105 425 1 0 0 58 2 14 3 759
398 1 54 -25 852 0 0 0 4 1 44 6 325
399 0 80 84 339 1 0 0 59 3 5 3 337
399 1 83 -21 1942 -3 -2 0 15 1 50 7 794
400 0 81 79 317 0 0 0 41 1 2 2 213
400 1 85 -13 1736 1 4 0 20 0 56 12 872
401 0 92 57 320 -3 2 0 42 0 1 4 286
401 1 83 -21 2178 -2 -4 0 12 2 45 15 946
402 0 89 50 349 -6 4 0 61 1 1 3 378
402 1 81 -21 2174 0 1 0 21 1 55 13 1032
403 0 90 48 350 0 0 0 55 1 3 5 468
403 1 60 -21 677 0 0 0 1 3 29 3 268
404 0 91 46 352 -2 0 0 60 0 3 5 487
404 1 56 -16 856 3 5 0 11 6 51 6 470
405 0 90 43 353 0 -2 0 58 1 3 3 527
405 1 64 -16 556 -8 5 0 4 5 47 0 284
406 0 86 46 383 -2 0 0 54 0 3 7 380
406 1 64 -21 545 -4 2 0 4 2 54 0 372
407 0 91 42 376 -1 1 0 53 1 3 6 566
407 1 73 -10 591 0 0 0 2 19 32 0 682
408 0 91 46 370 2 -1 0 56 0 3 5 491
408 1 75 -5 568 -1 0 0 9 8 44 0 599
409 0 82 26 368 0 0 0 41 1 2 11 705
409 1 73 -8 625 -1 -1 0 4 13 39 0 556
410 0 82 26 379 0 -1 0 40 0 3 6 711
410 1 72 -12 547 0 0 0 4 4 52 2 406
411 0 83 31 361 1 -1 0 48 2 2 4 628
411 1 70 -21 559 0 0 0 8 2 56 3 491
412 0 85 34 327 0 1 0 42 0 1 7 579
413 0 86 35 325 1 -4 0 42 0 1 10 576
413 1 72 3 681 0 0 0 16 9 15 2 714
414 0 103 42 370 4 -1 0 51 0 9 4 824
414 1 73 10 572 3 5 0 28 6 13 3 675
415 0 89 50 370 3 -5 0 58 0 4 3 379
416 0 89 48 384 0 0 0 51 1 2 7 420
416 1 85 84 284 0 0 0 31 2 2 3 124
417 0 87 50 341 0 -2 0 37 0 1 6 326
417 1 91 89 229 7 1 0 18 1 0 1 80
418 0 97 106 198 -9 6 0 7 1 2 1 169
419 0 89 46 370 -2 -1 0 55 2 2 3 456
419 1 98 105 296 4 0 0 17 1 4 6 170
420 0 91 46 386 0 2 0 56 1 2 5 491
420 1 104 116 275 6 -3 0 27 0 4 2 187
421 0 89 46 382 0 0 0 60 1 1 6 450
421 1 102 115 288 0 0 0 21 0 5 8 206
422 0 89 50 317 2 -3 0 54 0 3 6 381
422 1 104 116 269 0 0 0 23 0 4 4 200
423 0 91 48 375 0 1 0 57 0 2 6 453
423 1 104 112 261 -1 -1 0 15 0 2 4 168
424 0 87 42 375 -1 0 0 42 0 1 6 469
424 1 99 116 391 1 0 0 18 1 6 7 267
425 0 91 46 364 -1 1 0 61 1 2 4 487
425 1 103 124 396 7 -2 0 21 0 6 6 289
426 0 89 42 373 0 1 0 63 0 1 4 524
426 1 105 138 402 1 -1 0 18 0 3 5 430
427 0 89 42 400 0 2 0 58 0 3 7 524
427 1 105 154 410 1 -1 0 20 0 4 1 623
428 0 90 42 384 0 0 0 58 0 1 4 513
428 1 105 154 417 -1 0 0 17 0 5 4 622
429 0 90 42 377 0 7 0 49 2 1 7 517
429 1 103 137 460 -5 1 0 11 3 3 5 498
430 0 89 41 367 -2 5 0 43 0 6 5 490
431 0 89 58 202 0 0 0 26 2 2 4 238
432 0 76 84 320 3 -2 0 51 0 2 2 387
433 0 85 89 361 6 -1 0 47 2 5 4 248
434 0 89 89 268 2 3 0 44 2 4 3 179
434 1 106 127 361 0 -2 0 19 0 2 11 304
435 0 89 89 312 1 0 0 42 1 3 0 157
435 1 105 132 375 -1 -1 0 10 0 1 7 356
436 0 103 137 469 0 -1 0 22 1 4 11 508
437 0 87 41 265 -5 3 0 30 1 2 6 396
437 1 106 131 369 0 0 0 26 0 4 7 371
438 0 73 10 340 0 0 0 13 0 12 8 543
438 1 104 138 435 -1 1 0 23 1 2 7 507
439 0 69 -1 371 2 12 0 1 2 15 11 587
440 0 68 -6 372 -3 4 0 0 2 24 12 542
440 1 104 125 370 0 0 0 24 0 4 8 399
441 0 60 -16 368 0 0 0 1 0 42 8 476
441 1 100 138 389 -8 1 0 27 3 4 6 632
442 0 65 -16 333 -2 -3 0 0 0 36 7 501
442 1 100 138 394 0 -1 0 24 4 4 5 635
443 0 65 -16 328 0 2 0 2 0 32 8 406
443 1 100 131 393 0 -1 0 26 3 4 6 549
444 0 60 -22 296 0 0 0 1 1 45 4 289
444 1 102 131 365 0 -1 0 22 0 2 10 498
445 0 52 -22 436 0 0 0 1 2 55 3 170
445 1 98 132 468 3 0 0 26 0 5 8 549
446 0 44 -22 633 0 0 0 3 4 42 2 259
446 1 99 131 416 -1 0 0 27 0 9 11 562
447 0 40 -17 595 4 4 0 3 13 24 0 257
447 1 100 121 373 1 0 0 29 0 6 6 391
448 0 38 -14 785 1 1 0 3 3 27 0 292
448 1 99 131 419 -1 0 0 26 1 6 8 568
449 0 35 -12 615 0 1 0 4 3 18 3 225
449 1 102 138 393 -2 0 0 24 3 3 6 602
450 0 28 -12 646 0 0 0 4 1 11 0 264
450 1 102 138 393 -1 0 0 25 3 3 6 601
451 0 102 138 392 -1 0 0 25 3 4 6 600
452 0 103 138 340 -1 0 0 20 3 3 7 583
453 0 100 138 370 0 0 0 25 1 6 10 630
455 0 41 -18 573 0 0 0 3 3 31 1 242
456 0 43 -18 416 -4 -2 0 1 2 35 1 150
457 0 46 -22 403 -2 -4 0 2 2 39 1 226
457 1 67 99 749 -3 1 0 48 1 13 6 724
458 0 70 25 1902 0 1 0 59 11 14 5 961
459 0 69 23 3301 -4 -2 0 59 7 9 8 1347
460 0 51 18 1136 0 0 0 1 0 0 1 286
460 1 75 35 947 0 0 0 60 4 7 5 405
461 0 73 37 878 -3 -4 0 60 11 5 3 339
462 0 73 37 821 2 0 0 53 5 5 6 349
463 0 73 38 732 -1 0 0 53 3 6 1 317
464 0 73 38 691 -1 -1 0 49 3 7 3 318
465 0 77 42 723 1 3 0 54 4 2 2 328
466 0 75 40 702 -3 -4 0 50 9 2 4 315
467 0 75 39 678 0 -2 0 46 3 4 2 352
468 0 70 19 891 0 0 0 46 11 5 6 635
469 0 59 -14 835 0 0 0 17 13 15 2 976
470 0 49 -18 755 2 -5 0 3 6 41 1 365
470 1 53 -45 837 0 0 0 13 11 43 1 1266
471 0 65 -16 943 3 -7 0 3 7 45 2 513
471 1 15 0 62 0 0 0 0 2 3 0 25
472 0 62 -17 768 -3 -1 0 0 14 47 0 383
472 1 14 -4 88 0 0 0 1 1 3 0 43
472 2 42 -53 1683 -1 -1 1 12 7 75 6 1484
473 0 61 -17 817 0 -1 0 2 18 39 1 480
473 1 14 -1 75 -1 -1 0 1 1 0 0 28
473 2 42 -44 1678 -3 -3 1 12 9 65 7 1111
474 0 74 -18 373 0 0 0 2 2 56 3 241
474 1 42 -42 1848 -5 -6 1 5 4 59 6 1291
475 0 81 10 395 0 0 0 15 0 13 9 773
475 1 40 -43 1559 -3 -6 1 7 8 78 3 1051
476 0 81 25 378 0 0 0 36 0 3 6 620
476 1 19 -4 323 1 -1 1 3 3 16 1 121
476 2 36 -40 719 3 4 0 3 9 47 2 568
477 0 81 25 348 -1 2 0 31 0 3 12 600
477 1 42 -28 600 8 9 0 3 12 26 2 485
478 0 75 0 366 0 0 0 15 0 13 15 917
478 1 53 -53 898 5 5 0 28 9 32 3 1378
479 0 73 -16 382 2 17 0 0 0 26 9 816
479 1 48 -20 627 3 3 0 8 15 22 1 636
480 0 57 -5 656 0 0 0 13 15 14 1 713
481 0 53 -38 504 -11 6 0 2 6 68 3 454
481 1 63 10 945 0 0 0 53 9 14 9 773
482 0 49 -38 536 -4 4 0 3 2 66 1 279
482 1 82 33 1190 0 0 0 58 3 12 9 602
483 0 48 -48 481 -5 1 0 1 4 65 0 274
483 1 16 -1 98 -1 0 0 0 3 2 0 37
483 2 83 43 911 9 6 0 57 1 7 6 410
484 0 45 -48 502 -2 1 0 2 2 66 3 305
484 1 78 39 733 -3 -5 0 66 4 4 3 404
485 0 45 -48 500 -1 1 0 1 3 64 1 309
485 1 81 51 520 6 6 0 45 3 1 2 253
486 0 38 -48 772 1 5 0 3 6 58 2 477
486 1 86 41 1053 3 3 0 90 7 2 9 447
487 0 36 -37 1091 0 0 0 5 12 43 3 513
487 1 83 55 486 -3 -7 0 46 4 3 2 204
488 0 29 -22 944 0 0 1 8 6 16 1 444
488 1 78 32 723 0 0 0 50 6 4 2 498
489 0 32 -22 1082 0 0 1 5 6 36 1 438
489 1 78 29 760 -1 -3 0 44 8 5 5 550
490 0 39 -38 988 -2 -4 0 3 7 39 1 482
490 1 78 25 821 -1 0 0 54 7 8 1 614
491 0 48 -32 386 0 0 0 1 2 50 1 226
491 1 85 30 1190 1 1 0 59 6 8 13 750
492 0 49 -22 357 -4 0 0 1 1 48 3 127
492 1 79 48 599 8 6 0 51 1 3 6 272
494 0 82 58 395 -3 -6 0 29 2 1 0 153
496 0 83 50 490 -2 -14 0 51 2 3 2 302
497 0 75 32 661 0 0 0 54 7 1 1 427
498 0 62 9 157 0 0 0 0 0 20 0 151
498 1 72 25 1059 -4 -6 0 72 13 11 4 492
499 0 74 25 181 0 0 0 3 0 13 6 250
499 1 81 20 1780 -3 -1 0 52 11 10 9 984
500 0 84 41 177 0 0 0 11 0 2 6 215
500 1 86 25 1794 4 2 0 65 11 22 10 1026
501 0 89 42 206 0 0 0 25 0 1 5 353
501 1 96 26 1623 2 0 0 59 9 25 9 1248
502 0 82 86 419 8 -2 0 57 3 6 2 283
502 1 77 38 712 3 3 0 48 7 3 5 381
503 0 82 55 498 10 8 0 37 1 2 3 223
505 0 78 -6 368 0 0 0 0 4 54 2 220
505 1 81 103 1295 2 1 0 72 5 26 5 810
506 0 70 -6 792 0 0 0 4 4 52 0 465
506 1 81 90 606 -1 0 0 55 5 10 6 342
507 0 69 -6 833 3 -1 0 2 6 47 2 503
507 1 82 90 594 2 -1 0 56 2 11 4 345
508 0 73 -6 615 0 0 0 2 5 57 3 388
508 1 80 95 730 -4 -1 0 57 1 15 10 502
509 0 72 -16 592 -3 -1 0 2 4 59 2 413
510 0 72 -16 597 -1 0 0 3 5 51 3 445
511 0 68 -18 898 0 0 0 3 9 51 3 614
511 1 86 55 621 -4 -2 0 52 2 3 2 283
512 0 64 -6 1409 -5 4 0 6 12 41 1 552
512 1 82 58 390 2 1 0 36 2 2 0 145
513 0 62 -6 1496 1 0 0 5 11 44 1 632
513 1 79 49 523 -5 -11 0 44 4 2 3 251
514 0 62 -6 1629 0 0 0 11 8 40 3 664
514 1 79 44 619 -2 -1 0 47 4 2 2 315
515 0 66 -4 1270 -3 0 0 7 11 43 2 498
515 1 78 24 853 0 0 0 57 6 8 3 626
516 0 66 -6 1567 0 0 0 13 9 49 1 628
516 1 73 38 351 -2 -3 0 27 5 2 3 238
517 0 66 -3 1400 1 -1 0 9 13 23 0 516
518 0 65 -18 739 0 0 0 6 18 24 1 923
519 0 59 -45 660 0 0 0 9 11 45 4 1106
520 0 56 -45 765 -1 0 0 10 15 41 5 1057
521 0 52 -45 907 -3 0 0 20 8 44 4 1304
522 0 51 -27 903 2 4 0 28 9 29 4 1010
523 0 55 -37 961 2 6 0 28 8 21 2 1243
524 0 56 -3 949 7 10 0 42 10 14 3 867
525 0 57 -5 1068 0 1 0 43 13 12 3 1031
526 0 72 38 223 0 0 0 22 6 4 2 126
527 0 73 26 871 0 0 0 52 9 5 2 629
528 0 75 38 692 2 1 0 50 3 7 2 356
529 0 79 44 627 4 5 0 51 3 0 1 325
530 0 79 51 516 0 0 0 46 3 1 1 215
531 0 52 -10 1857 0 2 0 11 15 30 1 687
531 1 79 51 479 -1 0 0 47 3 0 2 207
532 0 53 -6 1715 0 -1 0 9 12 21 0 625
532 1 81 55 457 1 1 0 55 3 1 2 167
533 0 56 1 1814 4 0 0 4 9 16 1 591
533 1 80 55 452 0 0 0 33 2 1 2 190
534 0 47 9 646 1 2 0 3 3 5 0 227
534 1 82 55 428 1 1 0 33 1 2 0 186
535 0 79 49 528 -4 -11 0 56 2 1 3 242
536 0 79 48 552 0 1 0 52 2 2 3 274
537 0 73 26 964 0 0 0 61 7 12 3 614
538 0 73 25 881 -1 -1 0 57 10 9 4 549
539 0 72 18 914 -5 -4 0 50 12 2 5 651
540 0 78 41 647 10 10 0 55 3 2 5 331
541 0 75 38 664 -3 -3 0 46 7 1 4 338
542 0 75 41 648 0 2 0 48 9 0 7 269
543 0 79 46 615 2 2 0 51 4 2 8 305
544 0 69 21 1247 0 0 0 76 10 8 10 618
545 0 50 18 159 0 0 0 1 0 12 0 64
545 1 68 3 1161 0 0 0 41 7 12 5 853
546 0 29 -3 463 -2 0 1 3 4 21 2 300
547 0 28 -4 554 0 0 1 5 2 24 2 231
547 1 56 -53 897 -2 -4 0 35 10 49 6 1328
548 0 49 12 174 -3 -1 0 1 2 10 0 43
549 0 43 -6 1493 0 0 1 10 2 30 5 562
550 0 41 -8 1435 0 0 1 16 4 34 2 560
553 0 74 9 799 3 5 0 31 6 21 4 510
558 0 62 -17 1133 -4 -1 0 1 12 57 1 447
558 1 58 -37 2773 0 -1 1 11 7 78 5 1325
560 0 58 -18 1134 3 1 0 3 8 55 2 436
561 0 61 -18 1195 -2 0 0 4 5 63 3 495
561 1 27 -11 684 0 -1 1 3 2 27 3 269
561 2 60 -71 5127 -6 3 0 57 23 77 7 3496
562 0 50 -22 1253 2 1 0 7 17 44 1 561
562 1 10 -12 176 -7 0 1 1 0 10 0 79
563 0 50 -38 1428 -2 -1 0 5 14 53 2 700
563 1 8 -14 196 -3 0 1 1 3 8 0 78
564 0 50 -32 2771 -1 -1 1 13 15 86 5 1213
564 1 58 -5 714 -5 2 0 39 6 42 8 688
565 0 50 -36 2801 0 0 1 12 12 89 8 1244
565 1 61 -5 495 1 2 0 6 0 39 1 206
566 0 48 -34 2617 -1 -1 1 4 16 82 10 1076
566 1 58 -10 643 3 5 0 7 4 44 5 312
567 0 45 -38 2561 -2 -1 1 5 11 77 7 1078
567 1 69 -12 605 0 0 0 9 4 40 5 230
568 0 60 -17 587 0 -3 0 4 4 32 5 227
569 0 69 -18 636 -1 3 0 4 0 47 2 259
570 0 55 -21 972 -1 -2 0 8 1 67 7 493
571 0 61 -13 594 -1 1 0 6 0 48 4 230
572 0 70 -13 656 -2 4 0 8 5 36 3 281
573 0 69 -17 669 2 -5 0 7 5 52 4 236
575 0 81 -18 1116 -1 1 0 20 3 55 9 833
576 0 26 -9 615 0 -1 1 2 1 29 4 180
576 1 64 -19 645 -2 2 0 9 1 53 5 265
579 0 45 -48 569 0 0 0 0 7 67 3 259
582 0 47 -41 444 0 0 0 3 5 59 2 360
583 0 44 -45 607 0 1 0 5 12 67 4 322
584 0 49 -38 506 3 -4 0 4 5 63 2 486
585 0 44 -38 635 -2 4 0 4 9 70 5 444
586 0 44 -48 675 -5 -3 0 9 3 74 4 598
587 0 52 -48 428 -6 -4 0 0 5 57 6 491
587 1 56 -34 711 3 8 0 18 11 52 4 795
588 0 55 -38 408 -5 -10 0 0 2 62 6 610
588 1 56 -37 719 -1 -1 0 19 9 55 2 839
589 0 57 -38 446 -2 -4 0 2 1 53 12 670
590 0 49 -48 448 0 0 0 2 2 59 6 519
590 1 49 -40 714 -5 -1 0 5 11 52 3 544
591 0 49 -54 455 0 3 0 3 1 61 6 559
591 1 49 -44 735 -3 0 0 8 7 61 2 653
592 0 53 -37 639 0 0 0 8 2 63 1 326
593 0 51 -53 830 0 0 0 11 7 49 5 1224
594 0 51 -34 756 2 7 0 10 10 30 0 900
595 0 56 -30 721 1 0 0 15 14 32 1 774
596 0 56 -37 699 3 -2 0 19 12 41 3 849
597 0 61 -24 740 2 3 0 14 8 25 2 691
598 0 62 -37 615 0 0 0 14 5 59 3 799
599 0 59 -45 638 -4 -2 0 10 3 65 4 717
600 0 56 -36 853 0 0 0 16 13 49 2 658
601 0 53 -37 840 1 -3 0 16 4 61 1 590
602 0 58 -37 700 0 2 0 16 7 56 4 799
603 0 52 -37 727 7 -9 0 11 3 65 1 412
604 0 52 -37 735 -4 3 0 13 6 59 1 413
605 0 44 -48 470 -1 -2 0 0 3 59 9 433
605 1 52 -37 734 -1 0 0 14 5 64 2 571
606 0 49 -48 442 -5 -4 0 2 2 57 5 480
606 1 51 -40 773 -1 1 0 12 6 61 0 635
607 0 49 -48 412 -6 -3 0 2 0 64 7 431
607 1 25 -6 294 0 -1 0 1 1 18 0 92
607 2 49 -45 712 -7 1 0 6 11 53 2 831
608 0 52 -38 432 -4 -9 0 0 1 43 14 702
608 1 47 -45 712 -2 -3 0 5 6 56 3 644
609 0 51 -38 426 -2 -3 0 1 1 44 13 663
609 1 26 -7 268 0 0 0 1 2 20 1 96
610 0 50 -48 362 5 8 0 3 2 37 10 662
610 1 46 -45 670 0 0 0 7 3 67 0 469
611 0 50 -48 421 2 3 0 2 2 58 6 478
612 0 48 -48 443 0 1 0 1 1 55 8 439
612 1 46 -40 756 0 0 0 6 15 42 0 817
613 0 50 -48 424 1 0 0 1 0 63 3 395
613 1 26 -7 285 1 -1 0 2 3 27 1 87
613 2 50 -45 738 2 6 0 12 15 35 2 992
614 0 48 -48 436 5 4 0 2 2 65 4 389
614 1 25 -6 293 -1 -1 0 2 0 29 2 79
614 2 44 -43 742 0 0 0 7 4 60 3 541
615 0 48 -54 421 3 1 0 1 2 58 5 429
615 1 26 -6 275 -1 0 0 2 3 25 1 81
616 0 48 -48 377 0 0 0 2 3 61 1 437
616 1 25 -7 307 0 -1 0 3 4 24 3 86
616 2 48 -43 750 0 -3 0 6 2 65 4 439
617 0 48 -48 425 0 0 0 2 3 59 6 518
617 1 26 -7 380 -1 -1 0 0 3 27 1 104
618 0 49 -48 367 0 -1 0 0 3 51 5 403
618 1 50 -42 788 0 0 0 6 5 59 3 431
619 0 25 -8 388 -1 -1 0 1 2 25 1 106
619 1 50 -42 693 -2 2 0 8 6 61 5 424
620 0 50 -48 440 -6 -4 0 1 1 60 6 478
620 1 25 -7 302 1 -1 0 1 4 28 0 87
620 2 47 -43 641 -3 -1 0 5 1 49 1 354
621 0 50 -48 441 0 0 0 0 1 63 4 436
621 1 50 -42 708 0 2 0 11 6 59 1 511
622 0 52 -36 747 -1 8 0 12 13 47 1 727
623 0 43 -54 480 0 0 0 3 4 66 3 374
623 1 25 -7 270 -1 -1 0 1 3 22 1 85
623 2 52 -45 755 1 -5 0 15 11 60 4 855
624 0 26 -7 277 0 0 0 1 3 17 0 114
624 1 54 -37 757 5 -2 0 13 4 59 3 509
625 0 25 -7 259 -1 0 0 1 2 18 0 105
625 1 52 -37 727 0 -3 0 4 8 47 5 428
626 0 53 -37 684 -3 1 0 13 4 55 4 804
627 0 52 -40 655 0 -4 0 7 6 41 1 314
628 0 54 -45 810 8 8 0 23 15 47 3 1016
629 0 45 -48 485 -4 -2 0 1 3 66 4 514
629 1 55 -32 809 1 4 0 14 12 42 2 905
630 0 25 -6 279 0 0 0 2 1 20 2 87
630 1 55 -26 738 -1 3 0 12 23 22 3 912
631 0 25 -6 262 0 0 0 1 3 19 1 88
631 1 54 -45 1110 0 0 0 20 10 46 4 1208
632 0 52 -37 828 0 0 0 12 3 64 3 506
633 0 34 -54 942 -7 2 0 5 7 80 9 544
633 1 57 -37 769 0 0 0 10 11 42 1 650
634 0 59 -22 719 0 0 0 18 12 21 1 823
635 0 62 -10 678 1 8 0 15 10 16 0 859
636 0 63 -9 751 1 1 0 27 11 23 4 927
637 0 60 -16 839 0 0 0 15 14 17 2 909
638 0 61 -21 732 -3 -4 0 19 6 28 0 787
639 0 58 -34 893 0 0 0 13 10 49 2 623
640 0 57 -37 716 -1 -6 0 14 5 57 3 467
641 0 35 -54 935 -3 0 0 1 4 98 6 639
641 1 23 -77 1242 0 0 1 4 1 72 3 640
642 0 36 -70 2386 0 1 1 4 8 127 6 1385
642 1 59 -12 692 1 4 0 13 8 11 0 808
643 0 36 -64 2251 -2 -1 1 3 6 83 7 982
643 1 59 -18 751 -1 -3 0 19 11 7 3 851
644 0 31 -62 2010 1 -1 1 3 10 91 2 862
644 1 55 -26 852 -1 -9 0 17 13 16 2 888
645 0 28 -54 1689 10 1 1 4 8 57 3 764
645 1 63 -5 821 0 0 0 41 10 9 3 865
646 0 30 -54 1706 2 1 1 7 8 48 4 845
646 1 69 -5 763 9 -9 0 35 9 14 3 838
647 0 30 -54 1697 3 1 1 7 4 57 4 840
648 0 73 20 1020 0 0 0 60 15 8 10 607
649 0 68 1 931 0 0 0 48 6 14 5 759
650 0 27 -6 220 0 0 0 1 1 16 0 66
650 1 24 -85 1577 1 1 1 3 5 82 5 945
651 0 24 -6 303 0 0 0 2 0 26 2 96
651 1 28 -77 1654 4 -1 1 6 7 77 6 1248
651 2 63 -9 812 0 0 0 33 7 17 6 867
652 0 24 -6 308 0 0 0 1 0 26 1 98
652 1 27 -69 1552 -2 0 1 11 7 83 5 1126
652 2 62 -5 860 -1 3 0 40 7 13 5 831
653 0 58 -19 1043 0 0 0 38 9 26 5 942
655 0 26 -8 263 -1 -1 0 1 2 13 1 88
655 1 25 -53 1361 -7 -2 1 8 11 49 6 646
655 2 60 -14 995 0 0 0 30 8 12 4 906
656 0 59 -12 991 -1 1 0 36 10 10 4 930
657 0 30 -52 1673 -2 -1 1 9 5 58 5 811
658 0 55 -37 776 0 0 0 21 7 48 3 719
659 0 55 -33 748 -1 2 0 22 7 45 2 626
662 0 62 -9 972 0 0 0 32 11 17 4 896
663 0 68 21 926 0 0 0 65 7 8 6 543
664 0 71 17 1000 -1 -3 0 61 7 8 8 656
665 0 27 -7 223 -1 0 0 2 1 22 1 72
665 1 25 -45 1391 -2 0 1 8 6 54 5 554
665 2 59 -19 968 0 0 0 34 9 26 2 881
666 0 26 -7 236 -1 0 0 0 2 19 1 90
666 1 25 -45 1382 4 1 1 11 7 58 3 614
666 2 57 -26 828 0 0 0 25 11 24 5 835
667 0 25 -6 191 -1 0 0 1 2 13 2 54
667 1 24 -45 1350 -4 -2 1 4 9 54 4 523
668 0 24 -6 171 0 0 0 1 0 15 1 67
668 1 22 -45 1258 3 1 1 10 6 58 3 543
669 0 24 -6 186 -1 -1 0 1 1 16 1 65
669 1 23 -45 1260 -2 0 1 9 9 55 4 543
669 2 60 -5 858 -3 -6 0 41 10 11 3 799
670 0 26 -7 240 -1 0 0 2 4 18 1 87
670 1 21 -45 1218 1 0 1 8 6 63 2 541
671 0 26 -7 174 0 0 0 0 1 13 1 63
671 1 21 -45 1209 -3 -1 1 4 8 54 3 489
671 2 59 -29 796 5 -9 0 24 5 46 3 546
672 0 35 -45 1898 -1 -1 1 4 12 83 4 772
672 1 56 -37 733 7 -6 0 12 7 60 3 674
673 0 58 -29 731 -3 4 0 11 10 51 4 570
674 0 59 -20 754 0 0 0 22 13 25 3 787
675 0 58 -18 827 -2 3 0 23 12 16 1 905
676 0 59 -6 769 4 10 0 29 12 11 4 862
677 0 53 -26 744 0 0 0 18 18 19 0 855
678 0 57 -21 720 2 3 0 15 14 17 3 835
679 0 50 -33 811 0 0 0 10 8 48 3 729
681 0 51 -37 716 -1 -9 0 6 3 62 7 402
683 0 60 -5 800 2 6 0 29 9 10 1 842
684 0 58 -26 1068 0 0 0 21 13 31 3 894
685 0 58 -29 707 -1 -6 0 14 9 43 1 579
686 0 55 -29 817 -3 4 0 24 11 37 3 799
687 0 53 -26 792 -1 4 0 17 13 28 2 885
688 0 58 -11 762 6 9 0 20 15 21 0 844
689 0 55 -24 791 -1 -12 0 18 15 20 3 889
690 0 52 -29 743 1 -9 0 15 9 36 3 909
691 0 50 -36 761 -1 -3 0 14 12 27 3 841
692 0 22 -44 1265 3 0 1 3 8 40 1 524
692 1 11 0 96 0 0 0 1 0 6 0 23
692 2 57 -22 780 3 4 0 17 11 32 2 788
693 0 21 -44 1187 1 0 1 11 8 32 2 505
693 1 12 -7 250 0 0 0 0 2 18 1 69
693 2 62 -18 893 4 6 0 22 12 19 5 817
694 0 27 -43 1547 -8 -3 1 5 8 44 3 518
694 1 14 -7 103 -1 0 0 0 3 3 0 30
695 0 19 -43 1205 1 0 1 0 11 33 3 463
695 1 14 -7 102 -1 0 0 1 0 6 0 29
695 2 53 -29 811 -2 -13 0 13 14 32 3 937
696 0 27 -48 1556 -8 -3 1 4 10 56 5 554
696 1 14 -6 118 0 -1 0 1 1 4 0 30
696 2 49 -41 851 0 0 0 9 3 60 2 418
697 0 27 -45 1563 0 -1 1 5 10 58 5 552
697 1 14 -6 111 0 -1 0 1 3 4 0 28
697 2 43 -40 828 0 0 0 0 1 54 7 298
698 0 27 -50 1551 -4 -1 1 5 3 73 4 561
698 1 14 -6 120 0 -1 0 0 0 4 0 32
698 2 51 -37 675 0 0 0 7 4 57 3 369
699 0 27 -50 1617 0 -1 1 9 7 67 4 597
699 1 11 -6 186 0 0 0 0 0 10 1 52
699 2 51 -37 706 -2 2 0 9 6 57 2 686
700 0 22 -40 1295 12 3 1 12 2 33 1 474
700 1 53 -32 718 1 5 0 7 9 46 1 659
701 0 25 -44 1524 -5 -2 1 7 5 48 3 588
701 1 47 -40 685 7 -12 0 3 8 55 0 454
702 0 27 -44 1570 -2 -1 1 3 3 51 4 534
702 1 12 -6 196 -1 -1 0 1 0 9 1 43
702 2 48 -45 716 -2 2 0 7 6 61 1 570
703 0 53 -31 759 3 9 0 15 11 47 3 798
704 0 50 -36 687 1 -4 0 5 9 46 1 719
705 0 50 -37 738 1 -3 0 7 8 54 1 610
706 0 55 -25 927 0 0 0 31 10 31 3 825
707 0 25 -43 1556 1 -1 1 4 9 40 4 594
707 1 57 -20 774 1 6 0 28 13 16 2 825
708 0 25 -43 1561 0 -1 1 1 11 36 5 598
708 1 58 -16 773 1 2 0 20 6 29 5 836
709 0 57 -21 795 -2 -3 0 24 9 19 3 863
710 0 31 -42 1859 -1 -2 1 9 7 47 2 751
710 1 47 -40 697 0 0 0 5 12 44 2 697
711 0 33 -48 1927 -4 -2 1 6 9 67 3 840
711 1 52 -37 886 5 0 0 9 11 55 2 683
712 0 28 -48 1468 1 -1 1 7 10 41 1 549
712 1 13 -8 291 0 0 0 0 3 11 3 82
712 2 47 -53 846 0 0 0 4 1 53 4 370
713 0 26 -48 1419 0 -1 1 8 8 45 1 530
713 1 13 -9 294 -1 0 0 0 1 12 2 84
713 2 45 -39 831 1 0 0 3 0 69 5 363
714 0 26 -48 1434 0 -1 1 7 2 56 1 563
714 1 13 -8 263 0 -1 0 1 1 9 1 65
714 2 52 -37 854 3 6 0 10 3 59 3 417
715 0 19 -42 1124 0 0 1 8 5 27 1 409
715 1 13 0 131 0 0 0 0 0 3 0 32
715 2 51 -37 852 -4 -1 0 9 5 65 2 359
716 0 15 -45 981 -4 -2 1 4 3 34 0 394
716 1 13 -7 165 -1 0 0 0 0 6 0 44
716 2 54 -31 698 1 8 0 8 9 44 5 580
717 0 19 -44 1076 0 -1 1 5 9 33 2 385
717 1 12 -6 227 -1 0 0 1 1 12 0 58
717 2 55 -32 846 -1 2 0 11 15 34 1 680
718 0 16 -45 971 -1 0 1 3 16 33 5 393
718 1 11 -6 209 0 0 0 1 1 13 0 57
718 2 52 -37 884 0 0 0 6 7 52 3 532
719 0 19 -46 1064 0 -1 1 5 14 38 2 421
719 1 11 0 85 0 -1 0 1 0 6 1 16
719 2 49 -53 736 -1 -6 0 7 3 65 2 451
720 0 18 -46 1028 0 1 1 5 9 32 1 433
720 1 14 -8 168 -2 0 0 1 2 8 1 43
720 2 51 -37 686 -2 6 0 7 3 56 4 530
721 0 17 -43 1080 1 1 1 4 2 29 0 458
721 1 15 -9 188 -1 0 0 1 1 6 1 51
721 2 51 -37 664 0 -1 0 10 7 54 1 368
722 0 16 -46 1033 -2 -2 1 6 6 24 1 428
722 1 15 -12 312 0 -1 0 1 2 11 0 84
722 2 51 -36 745 -1 6 0 4 7 40 2 649
723 0 55 -26 781 0 0 0 24 19 20 3 870
724 0 25 -44 1485 -1 -1 1 6 7 50 2 586
724 1 51 -33 803 0 0 0 15 6 38 3 736
725 0 25 -44 1478 0 0 1 9 11 42 2 587
725 1 49 -40 722 0 0 0 6 8 37 2 521
726 0 56 -20 984 0 0 0 19 6 27 4 828
727 0 57 -16 976 1 5 0 25 6 11 2 979
728 0 28 -40 1479 -3 -2 1 8 5 36 3 608
728 1 68 19 962 0 0 0 66 10 7 4 579
729 0 28 -38 1431 1 -1 1 11 4 30 1 592
729 1 67 17 1045 -2 -1 0 60 10 4 7 585
730 0 26 -43 1359 -4 -2 1 3 4 23 0 610
730 1 50 -29 903 0 0 0 30 12 35 1 930
731 0 25 -43 1280 0 0 1 4 12 27 1 596
731 1 50 -40 773 0 0 0 12 8 40 6 672
732 0 25 -43 1282 0 0 1 2 12 22 3 601
732 1 51 -37 1032 2 5 0 15 14 33 4 1014
733 0 24 -47 1306 -4 -1 1 1 11 32 3 599
733 1 56 -11 939 0 0 0 43 9 19 4 940
734 0 21 -11 558 0 0 0 0 4 10 0 178
734 1 11 -10 156 0 0 0 0 0 7 1 47
734 2 57 -10 801 -1 -6 0 29 8 11 2 818
735 0 49 -41 796 0 0 0 13 7 51 1 625
736 0 3 -8 41 -2 0 0 0 0 1 0 9
736 1 13 0 72 0 -1 0 1 0 5 0 12
736 2 49 -40 687 6 -5 0 7 3 42 3 437
737 0 26 -44 1359 1 -2 1 6 6 46 3 534
737 1 11 -6 132 0 0 0 0 1 8 0 36
737 2 54 -37 763 0 0 0 7 3 64 7 370
738 0 16 -42 983 4 2 1 7 4 40 2 382
738 1 54 -37 691 -4 0 0 11 1 64 3 249
739 0 19 -44 1078 2 2 1 8 5 29 2 496
739 1 50 -37 679 -3 4 0 6 6 60 5 403
740 0 50 -37 679 -2 3 0 4 6 48 5 457
741 0 21 -38 1089 -6 0 1 9 4 30 3 467
741 1 52 -40 717 -1 -3 0 10 8 51 1 381
742 0 18 -40 1074 -6 -1 1 3 8 39 2 424
742 1 52 -37 695 -1 3 0 9 7 58 4 522
743 0 19 -43 1176 -3 0 1 6 8 30 2 434
743 1 51 -41 745 7 -7 0 9 4 62 2 385
744 0 20 -43 1183 0 -1 1 4 4 39 3 460
744 1 53 -29 783 0 0 0 13 6 34 2 648
745 0 19 -42 1135 2 -1 1 2 9 28 2 452
745 1 3 -11 42 -3 -1 0 0 0 0 0 7
745 2 48 -41 754 0 0 0 6 6 60 0 543
746 0 12 -43 970 -7 -1 1 4 5 27 2 352
746 1 4 -12 64 -1 0 0 0 0 1 1 14
746 2 11 -3 41 0 0 0 1 0 4 0 7
746 3 47 -40 676 -1 1 0 3 8 51 2 496
747 0 16 -43 1088 1 0 1 5 2 20 1 448
747 1 13 -13 265 -1 -1 1 1 0 9 1 67
747 2 50 -37 662 7 -3 0 8 5 36 2 349
748 0 19 -41 1188 -1 0 1 3 2 35 0 500
748 1 47 -40 851 -3 -3 0 8 7 54 1 450
749 0 21 -42 1162 3 2 1 7 10 22 2 481
749 1 57 -25 763 0 0 0 20 12 27 5 836
750 0 21 -43 1238 -5 -1 1 5 11 29 2 475
750 1 57 -19 723 -1 5 0 27 10 19 1 768
751 0 26 -38 1335 5 2 1 10 4 26 2 567
751 1 54 -37 893 0 0 0 17 8 53 3 591
752 0 24 -42 1320 -5 0 1 5 2 32 1 549
752 1 56 -29 803 -1 6 0 20 8 44 2 666
753 0 25 -38 1364 0 1 1 5 6 26 1 542
753 1 55 -21 917 6 8 0 29 18 18 5 1086
754 0 20 -42 1313 -6 -2 1 4 5 44 3 466
754 1 52 -37 713 0 0 0 12 5 53 4 686
755 0 18 -40 1156 2 1 1 4 4 31 1 428
755 1 51 -33 697 1 1 0 7 9 45 4 657
756 0 21 -43 1350 -6 -2 1 4 8 45 1 522
756 1 54 -30 699 -1 2 0 11 13 42 1 599
757 0 22 -42 1377 3 2 1 4 3 34 3 526
757 1 54 -32 707 5 -5 0 10 9 45 6 462
758 0 30 -42 1801 0 0 1 12 7 52 1 628
758 1 47 -37 660 0 0 0 3 1 36 5 275
759 0 33 -54 809 0 0 0 2 7 63 4 596
759 1 17 -9 231 0 0 0 0 1 8 0 87
759 2 12 -13 129 5 0 0 0 0 6 1 32
759 3 47 -43 807 0 0 0 7 0 63 0 422
760 0 31 -54 964 0 4 0 3 4 70 0 511
760 1 12 -13 129 0 0 0 0 0 6 1 32
760 2 47 -53 704 -1 -2 0 7 2 64 0 433
761 0 25 -48 1406 -1 2 1 6 7 54 2 651
761 1 10 -11 212 0 -1 1 0 0 9 0 57
761 2 50 -45 688 1 8 0 4 9 49 2 753
762 0 28 -48 1455 2 -2 1 4 6 58 2 614
762 1 12 -11 187 0 -1 0 1 0 8 0 51
762 2 42 -43 782 0 0 0 0 3 69 7 321
763 0 26 -44 1392 2 2 1 5 4 46 4 501
763 1 10 -11 163 0 -1 0 1 0 7 1 46
763 2 51 -37 748 6 10 0 8 5 44 1 422
764 0 26 -44 1369 0 -1 1 8 5 47 1 499
764 1 11 -6 154 0 -1 0 0 0 7 0 38
764 2 49 -37 659 0 0 0 7 3 67 2 321
765 0 26 -48 1371 0 -3 1 3 7 51 2 529
765 1 11 -6 140 0 0 0 0 1 6 1 37
765 2 44 -37 767 -1 -4 0 3 2 71 7 373
766 0 28 -48 1467 -1 -2 1 9 7 59 1 646
766 1 42 -39 769 0 -3 0 3 0 56 8 284
767 0 28 -48 1443 1 -1 1 8 7 49 2 618
767 1 52 -37 690 0 0 0 7 3 62 3 365
768 0 26 -48 1019 0 1 0 4 6 44 0 390
768 1 2 -9 48 -1 0 0 0 0 0 0 12
768 2 52 -37 856 -3 2 0 8 4 59 3 446
769 0 19 -42 1143 0 0 1 4 7 34 2 446
769 1 4 -9 48 -1 0 0 0 0 2 0 10
769 2 49 -41 854 1 -4 0 6 3 61 2 379
770 0 18 -40 1114 2 -1 1 6 3 31 5 431
770 1 10 -10 158 -1 0 1 1 0 6 1 42
770 2 54 -29 810 0 0 0 18 9 44 1 779
771 0 12 -42 908 -2 0 1 5 4 24 2 381
771 1 10 -11 175 -1 0 1 0 0 5 1 49
771 2 55 -26 957 -1 3 0 18 8 37 3 906
772 0 21 -44 1214 0 2 1 3 7 29 0 531
772 1 57 -18 757 1 7 0 22 14 12 2 846
773 0 19 -43 1187 0 0 1 6 6 27 3 480
773 1 60 -17 1019 2 4 0 34 9 23 4 1019
774 0 24 -44 1348 0 1 1 3 7 33 1 564
775 0 22 -11 362 0 0 0 0 6 7 0 147
775 1 20 -37 1057 5 1 1 8 7 15 4 371
775 2 58 -19 1029 0 0 0 30 14 19 3 954
776 0 51 -37 956 0 0 0 17 9 43 1 810
777 0 50 -41 789 -2 -6 0 14 8 51 3 703
778 0 28 -37 1392 -3 -1 1 12 9 24 3 590
778 1 53 -33 963 3 6 0 27 10 41 2 856
779 0 26 -38 1309 -4 -1 1 6 5 27 2 540
779 1 51 -33 720 0 -4 0 6 8 38 3 667
780 0 30 -38 1442 4 -1 1 7 10 33 0 640
780 1 10 -9 115 2 0 0 1 0 6 0 33
780 2 56 -37 721 0 0 0 14 5 54 4 415
781 0 10 -8 111 -1 0 0 0 0 5 1 30
781 1 56 -37 750 -1 1 0 17 8 57 3 530
782 0 19 -41 995 -5 -1 1 2 8 25 2 503
782 1 10 -7 105 1 0 0 0 0 6 0 30
782 2 51 -34 706 -3 -3 0 7 4 43 1 553
783 0 48 -37 2987 0 0 1 16 8 87 13 1092
784 0 27 -38 1383 -4 -2 1 7 8 33 4 524
784 1 47 -37 845 0 0 0 4 5 77 2 432
785 0 16 -49 985 0 0 1 6 13 42 2 417
785 1 2 -9 48 -5 0 0 0 0 0 0 12
785 2 52 -45 878 0 0 0 9 11 51 2 895
786 0 10 -46 793 0 1 1 6 10 40 1 335
786 1 2 -11 56 -1 0 0 0 0 0 0 14
786 2 52 -37 746 1 4 0 7 11 48 1 813
787 0 29 -38 1512 -1 1 1 8 9 29 3 641
787 1 57 -33 803 0 0 0 14 8 47 3 608
788 0 23 -41 1313 -9 2 1 5 12 28 2 523
788 1 57 -33 726 1 -1 0 13 4 55 3 485
789 0 23 -38 1279 1 0 1 6 7 29 0 490
789 1 54 -37 693 -1 -5 0 11 7 46 2 385
790 0 24 -41 1394 -2 0 1 1 6 17 0 534
790 1 52 -40 663 -4 -1 0 10 8 44 0 389
791 0 20 -43 1271 -2 -1 1 2 7 13 0 488
791 1 52 -35 821 0 0 0 19 8 44 1 669
792 0 24 -38 1363 3 1 1 7 6 23 0 524
792 1 51 -33 779 3 -2 0 6 5 50 5 656
793 0 23 -40 1352 -1 -1 1 5 6 28 1 511
793 1 58 -19 866 4 12 0 33 10 21 2 759
794 0 23 -40 1287 0 0 1 9 4 31 0 507
794 1 59 -10 780 2 9 0 23 16 16 3 841
795 0 28 -40 1448 3 -1 1 9 8 33 1 609
795 1 58 -13 833 0 -4 0 34 8 24 5 952
796 0 22 -12 374 -1 0 0 1 1 8 0 150
796 1 15 -38 897 -3 -1 1 9 6 13 1 307
796 2 57 -21 902 -1 -7 0 30 8 26 4 884
797 0 52 -37 817 0 0 0 8 4 58 2 408
798 0 52 -41 745 -1 0 0 8 2 64 2 470
799 0 25 -38 1253 -3 -1 1 9 6 30 1 514
799 1 51 -37 735 1 5 0 17 7 49 3 684
800 0 51 -37 869 -1 3 0 17 3 45 5 810
801 0 51 -36 738 0 0 0 8 7 46 0 602
802 0 51 -37 788 0 -1 0 19 9 48 4 680
803 0 27 -38 1401 -7 -1 1 10 4 26 1 568
803 1 47 -37 684 -6 0 0 5 7 52 1 657
804 0 21 -40 1178 -3 0 1 4 5 29 1 465
804 1 50 -40 750 0 0 0 5 7 49 0 390
805 0 19 -48 1227 5 0 1 5 6 63 3 531
805 1 46 -45 734 -4 3 0 11 6 51 1 813
806 0 30 -54 1772 0 -1 1 5 8 83 1 1051
806 1 47 -45 855 1 -3 0 11 6 53 1 769
807 0 30 -54 1822 -1 0 1 4 7 86 3 1048
807 1 47 -40 778 -1 4 0 9 6 37 1 747
808 0 24 -37 1134 0 -2 1 0 5 27 4 486
808 1 42 -42 790 -2 -8 0 3 11 37 2 707
809 0 49 -48 437 -3 -4 0 1 1 56 9 605
809 1 24 -38 1131 -1 -1 1 5 4 32 0 481
809 2 39 -53 774 8 -11 0 2 6 65 2 613
