1 0 448 72 13 40
1 1 376 192 40 80
3 0 368 192 48 77
5 0 374 80 50 34
6 0 368 84 44 36
6 1 377 192 36 76
7 0 352 96 70 31
7 1 377 193 36 76
8 0 342 100 74 24
8 1 382 241 14 26
9 0 336 108 64 20
9 1 405 193 11 9
10 0 336 112 71 16
10 1 378 248 12 18
11 0 336 116 67 13
11 1 360 191 53 67
12 0 338 116 62 14
13 0 368 116 16 11
13 1 336 184 75 72
14 0 337 118 49 15
14 1 336 184 72 70
15 0 336 120 36 18
15 1 341 168 70 83
16 0 336 120 53 24
16 1 356 187 49 52
17 0 378 116 20 12
17 1 341 120 33 24
17 2 333 176 73 79
18 0 383 116 20 12
18 1 342 120 36 31
18 2 336 182 64 64
19 0 378 116 26 12
19 1 336 126 37 24
19 2 350 185 57 71
20 0 402 105 12 11
20 1 379 112 22 13
20 2 336 120 39 30
21 0 352 113 56 39
22 0 389 110 19 12
22 1 352 120 38 34
22 2 394 195 15 36
23 0 352 111 56 43
23 1 374 196 35 67
24 0 380 110 28 20
24 1 338 124 34 34
24 2 395 196 14 34
25 0 336 111 74 45
26 0 337 110 69 34
27 0 330 108 77 36
28 0 335 113 71 29
29 0 329 113 76 31
30 0 324 114 78 24
30 1 352 192 57 70
31 0 320 112 83 32
32 0 320 112 84 16
32 1 400 192 12 11
33 0 320 114 79 19
33 1 401 192 11 10
34 0 320 115 79 29
34 1 366 192 43 71
35 0 320 114 78 22
35 1 368 192 41 71
36 0 320 112 82 32
36 1 371 193 37 71
37 0 320 112 78 21
38 0 320 112 78 17
39 0 390 195 27 77
40 0 384 197 33 83
41 0 320 112 60 26
41 1 379 114 14 10
41 2 392 197 27 78
42 0 390 197 29 78
43 0 388 197 30 80
44 0 388 197 30 80
45 0 387 197 30 78
48 0 381 113 24 8
48 1 356 190 54 73
49 0 360 106 44 13
49 1 350 188 56 68
50 0 361 102 42 19
50 1 347 186 59 68
51 0 361 102 48 13
51 1 336 186 67 70
52 0 336 100 70 44
52 1 345 187 61 68
53 0 336 102 68 42
53 1 349 187 57 68
54 0 336 104 69 37
54 1 349 188 58 65
55 0 330 100 75 44
55 1 356 192 54 64
56 0 352 96 53 20
56 1 349 192 61 63
57 0 328 106 72 27
57 1 349 188 56 64
58 0 324 102 80 18
58 1 347 187 59 66
59 0 324 96 81 24
59 1 341 187 61 64
60 0 324 96 81 24
60 1 336 184 66 67
61 0 320 97 86 19
61 1 332 183 72 57
62 0 320 97 86 19
62 1 320 184 80 56
63 0 324 96 84 21
63 1 320 184 80 56
64 0 320 96 87 19
64 1 331 184 69 56
65 0 328 96 80 19
65 1 320 184 81 56
66 0 326 96 90 21
66 1 320 182 80 58
67 0 336 80 88 37
67 1 320 175 76 65
68 0 352 54 91 60
68 1 315 175 81 49
69 0 338 187 64 67
70 0 374 32 76 80
70 1 356 192 54 72
71 0 358 190 50 74
72 0 400 32 57 80
72 1 360 190 46 74
73 0 400 32 32 80
73 1 360 190 50 74
74 0 390 32 42 80
74 1 374 194 39 75
75 0 384 32 48 80
75 1 384 196 32 76
76 0 368 38 70 74
78 0 352 56 92 57
79 0 342 64 73 49
79 1 374 195 36 72
80 0 336 64 75 53
80 1 363 191 45 73
81 0 334 76 77 38
81 1 361 192 48 72
82 0 320 89 89 30
82 1 352 187 56 69
83 0 326 86 83 29
83 1 352 190 56 71
84 0 326 96 82 18
84 1 362 190 46 72
85 0 326 96 82 26
85 1 365 192 44 70
86 0 331 100 77 26
86 1 369 194 39 70
87 0 377 107 31 13
87 1 336 114 40 27
87 2 381 196 35 72
88 0 336 110 72 40
88 1 384 197 32 72
89 0 336 111 72 39
89 1 388 197 30 74
90 0 342 111 66 45
90 1 395 197 24 75
91 0 342 111 66 45
91 1 398 196 22 76
92 0 338 108 70 52
92 1 398 197 21 75
93 0 342 108 65 48
93 1 392 197 27 78
94 0 378 108 30 12
94 1 340 113 36 31
94 2 398 198 22 74
95 0 378 109 30 11
95 1 320 115 54 35
95 2 398 197 21 77
96 0 336 102 72 48
96 1 397 197 22 76
97 0 340 100 67 42
97 1 392 197 27 74
98 0 336 102 71 48
98 1 408 200 16 76
99 0 336 102 71 48
99 1 397 197 22 78
100 0 380 108 27 12
100 1 336 115 42 35
100 2 400 197 19 77
101 0 336 106 71 44
101 1 408 198 14 77
102 0 336 96 70 44
102 1 408 200 16 76
103 0 365 96 43 24
103 1 403 198 19 76
104 0 341 108 66 36
104 1 398 197 21 75
105 0 342 108 65 35
105 1 397 197 22 78
106 0 379 109 29 11
106 1 336 113 40 38
106 2 400 198 22 76
107 0 383 110 25 9
107 1 342 115 39 39
107 2 409 200 15 74
108 0 384 109 23 11
108 1 344 115 39 39
108 2 400 198 20 77
109 0 346 109 62 43
109 1 401 199 21 76
110 0 346 108 62 46
110 1 404 199 19 76
111 0 346 108 62 45
111 1 406 198 14 77
112 0 346 109 62 43
112 1 400 198 19 76
113 0 336 112 72 38
113 1 396 198 23 77
114 0 379 111 26 9
114 1 336 115 44 35
114 2 397 198 22 77
115 0 380 112 25 7
115 1 320 114 56 46
115 2 392 197 26 80
116 0 378 109 26 11
116 1 330 114 47 30
116 2 384 197 34 83
117 0 336 109 68 41
117 1 381 195 31 74
118 0 380 111 25 9
118 1 338 116 32 26
119 0 336 109 68 39
120 0 381 108 27 15
120 1 345 116 33 30
120 2 384 197 32 73
121 0 380 108 28 12
121 1 344 116 36 32
121 2 397 198 22 74
122 0 348 109 59 45
122 1 397 197 21 78
123 0 344 108 63 46
123 1 402 198 17 76
124 0 344 108 63 46
124 1 398 198 20 77
125 0 384 109 23 11
125 1 347 116 32 36
125 2 394 197 24 80
126 0 379 109 28 11
126 1 341 115 39 32
126 2 397 197 21 80
127 0 379 109 28 11
127 1 342 117 35 27
127 2 400 198 18 77
128 0 380 110 28 12
128 1 342 116 39 32
128 2 398 198 20 76
129 0 336 110 72 42
129 1 402 198 16 76
130 0 343 110 65 34
130 1 405 200 17 75
131 0 342 110 62 34
131 1 400 198 18 77
132 0 346 110 61 37
132 1 401 199 18 76
133 0 348 110 58 44
133 1 398 197 24 78
134 0 348 113 55 41
134 1 400 198 22 76
135 0 348 113 54 42
135 1 400 198 19 77
136 0 353 112 51 42
136 1 404 198 15 77
137 0 355 113 49 43
137 1 404 198 15 77
138 0 355 113 48 43
138 1 408 200 14 75
139 0 355 112 49 43
139 1 397 197 20 78
140 0 352 113 51 41
140 1 397 198 20 77
141 0 352 113 50 42
141 1 391 197 26 75
142 0 352 116 44 39
142 1 386 197 31 83
143 0 352 116 44 38
143 1 387 197 30 78
144 0 348 112 56 37
144 1 388 198 31 79
145 0 395 109 11 9
145 1 346 113 48 33
145 2 388 198 31 79
146 0 344 110 66 34
146 1 388 198 31 79
147 0 380 109 30 9
147 1 344 117 33 27
147 2 396 198 21 77
148 0 378 109 30 11
148 1 342 116 32 27
148 2 404 198 14 77
149 0 378 108 28 8
149 1 341 114 35 30
149 2 406 198 13 77
150 0 378 108 26 12
150 1 340 116 33 29
150 2 403 198 17 77
151 0 336 109 67 43
151 1 416 200 12 76
152 0 378 109 24 11
152 1 320 116 54 32
153 0 379 109 23 11
153 1 304 115 68 45
154 0 379 109 21 11
154 1 324 114 52 30
154 2 405 200 17 75
155 0 382 112 13 10
155 1 322 114 54 28
155 2 408 200 14 75
156 0 384 113 11 9
156 1 320 114 56 30
156 2 413 200 12 76
157 0 381 114 14 8
157 1 320 115 62 33
158 0 320 117 77 35
158 1 424 201 11 73
159 0 326 115 69 40
159 1 428 202 20 70
160 0 320 114 76 38
160 1 432 202 16 69
161 0 320 116 74 36
161 1 432 201 32 79
162 0 320 116 74 32
162 1 433 201 15 71
163 0 320 118 75 22
164 0 310 116 84 32
164 1 417 200 12 77
165 0 379 115 16 8
166 0 417 200 12 76
167 0 320 96 81 25
167 1 416 200 12 76
168 0 320 100 74 28
168 1 390 198 27 74
169 0 320 112 59 32
169 1 380 113 24 4
169 2 364 192 45 74
170 0 391 114 13 3
170 1 320 118 57 20
170 2 360 192 48 72
171 0 336 114 68 32
171 1 362 192 47 72
172 0 336 113 67 42
172 1 353 192 57 67
173 0 340 113 63 43
173 1 345 186 59 70
174 0 344 114 59 46
174 1 352 191 56 65
175 0 346 114 58 42
175 1 360 191 50 70
176 0 336 111 68 47
176 1 366 193 42 71
177 0 384 110 21 10
177 1 341 116 41 38
177 2 352 192 57 72
178 0 368 104 40 16
178 1 352 191 56 71
179 0 338 106 70 29
179 1 349 191 58 63
180 0 336 96 76 28
180 1 336 186 68 70
181 0 336 96 75 30
181 1 337 186 67 78
182 0 335 96 76 18
182 1 352 192 57 72
183 0 333 96 78 18
184 0 326 96 85 24
184 1 387 195 25 80
185 0 326 100 81 28
185 1 392 198 26 77
186 0 330 100 76 24
186 1 395 197 21 78
187 0 326 98 78 18
187 1 391 197 25 78
188 0 326 96 78 20
188 1 388 196 28 81
189 0 336 82 69 32
189 1 384 196 32 80
190 0 384 196 28 80
191 0 352 80 52 36
191 1 398 198 19 77
192 0 352 80 58 34
192 1 400 199 18 72
193 0 368 80 46 33
193 1 406 200 16 68
194 0 368 80 48 33
194 1 407 200 15 69
195 0 374 80 42 31
195 1 400 199 18 69
196 0 384 80 32 32
196 1 393 198 24 70
197 0 384 81 34 32
197 1 369 194 41 71
198 0 384 80 38 32
198 1 368 192 41 75
199 0 388 80 36 31
199 1 389 196 27 76
200 0 380 96 32 17
200 1 409 200 13 76
201 0 408 200 15 76
202 0 356 102 47 16
203 0 352 102 50 18
203 1 418 200 13 76
204 0 344 106 51 16
205 0 336 116 56 12
205 1 416 200 13 76
206 0 334 116 58 12
206 1 413 200 14 76
207 0 320 112 75 16
207 1 400 200 22 76
208 0 326 112 69 16
208 1 401 199 17 76
209 0 320 118 74 26
209 1 379 195 33 77
210 0 326 123 66 17
211 0 340 120 54 26
211 1 388 195 24 82
212 0 388 197 29 80
213 0 379 110 31 10
213 1 340 114 36 24
213 2 392 197 25 81
214 0 336 96 86 19
214 1 397 197 20 78
215 0 336 96 80 16
215 1 398 198 19 77
216 0 336 96 80 16
216 1 402 198 16 77
217 0 342 84 89 28
217 1 408 200 14 76
218 0 342 80 90 32
218 1 413 200 15 76
219 0 352 70 80 40
220 0 352 64 84 48
221 0 370 54 70 58
221 1 416 200 12 76
222 0 382 48 50 64
223 0 384 32 64 80
223 1 416 200 13 77
224 0 384 38 50 74
224 1 418 200 11 76
226 0 392 32 59 80
227 0 394 32 58 80
227 1 428 203 18 69
228 0 428 202 20 70
229 0 400 32 40 80
229 1 429 202 13 70
230 0 428 203 20 69
231 0 400 32 32 80
231 1 427 202 15 70
232 0 416 32 16 80
233 0 416 32 26 76
233 1 400 198 17 72
234 0 416 32 26 77
235 0 416 32 16 77
236 0 416 32 16 76
236 1 352 193 56 63
237 0 415 32 17 76
237 1 352 186 52 65
238 0 408 32 24 76
238 1 352 189 54 62
239 0 416 32 16 77
239 1 352 190 54 61
240 0 406 32 26 80
240 1 352 191 56 65
241 0 406 32 26 76
241 1 357 140 11 10
241 2 368 194 40 59
242 0 404 32 32 80
242 1 356 139 17 13
242 2 368 192 41 58
243 0 402 32 34 80
243 1 356 139 17 11
243 2 368 194 40 56
244 0 400 32 58 80
244 1 356 139 13 11
244 2 363 192 45 56
245 0 400 32 38 80
245 1 356 139 13 14
245 2 357 191 51 49
246 0 400 32 38 80
246 1 356 139 17 13
246 2 352 192 58 48
247 0 400 32 36 80
247 1 356 138 14 12
247 2 365 192 43 48
248 0 400 32 32 80
248 1 356 135 18 17
248 2 380 194 30 53
249 0 400 32 32 80
249 1 356 135 18 17
250 0 400 32 32 80
250 1 356 139 18 12
250 2 394 197 28 53
251 0 400 32 32 77
251 1 356 139 18 12
251 2 403 198 19 53
252 0 400 36 32 73
252 1 356 135 18 18
252 2 418 166 30 34
252 3 408 200 16 51
253 0 400 32 32 80
253 1 356 139 18 12
253 2 412 200 13 53
254 0 400 36 32 76
254 1 356 139 17 12
254 2 432 201 14 55
255 0 400 32 32 80
255 1 356 133 20 19
256 0 400 32 32 80
256 1 356 133 20 17
257 0 400 32 32 80
257 1 356 133 20 17
257 2 432 201 16 55
258 0 416 32 16 77
258 1 356 133 20 17
258 2 432 201 14 49
259 0 416 32 16 77
259 1 356 133 20 17
259 2 437 201 13 55
260 0 416 32 16 76
260 1 356 133 20 20
260 2 415 158 33 42
260 3 440 200 18 50
261 0 406 32 26 76
261 1 356 139 14 11
261 2 418 160 30 40
261 3 440 202 18 49
262 0 408 32 24 76
262 1 356 139 17 13
262 2 414 158 34 42
262 3 440 198 24 54
263 0 410 32 22 75
263 1 356 139 13 11
263 2 415 159 33 41
263 3 442 201 20 55
264 0 408 32 24 75
264 1 356 139 13 11
264 2 419 165 29 35
264 3 440 198 24 58
265 0 400 32 32 80
265 1 357 139 11 11
265 2 445 193 31 58
266 0 400 32 32 80
266 1 444 193 32 58
267 0 400 32 32 78
267 1 448 198 19 58
268 0 384 42 48 72
268 1 420 166 44 90
269 0 384 42 48 72
269 1 420 166 44 90
270 0 390 48 42 64
270 1 357 139 11 11
270 2 420 166 44 90
271 0 390 48 38 63
271 1 357 139 12 11
271 2 443 201 21 55
272 0 400 48 32 63
273 0 400 54 32 57
273 1 444 198 20 58
274 0 400 54 32 58
274 1 421 166 43 90
275 0 390 64 37 44
275 1 439 194 35 62
276 0 384 64 44 48
276 1 445 192 51 64
277 0 374 64 44 48
277 1 445 193 51 63
278 0 368 70 48 43
279 0 368 80 45 33
279 1 421 166 55 91
280 0 352 80 56 33
280 1 447 192 49 64
281 0 342 100 59 21
281 1 419 165 29 35
281 2 448 193 48 63
282 0 340 102 62 19
283 0 336 113 64 14
283 1 448 196 32 60
284 0 336 116 59 16
284 1 448 193 42 63
285 0 344 124 47 18
285 1 448 194 42 62
286 0 352 128 29 21
287 0 352 128 32 22
287 1 432 203 26 64
288 0 342 116 61 18
289 0 341 102 64 20
289 1 415 200 11 71
290 0 336 96 78 17
290 1 415 200 11 70
291 0 344 80 80 33
291 1 424 201 18 62
292 0 345 80 83 32
292 1 430 202 14 58
293 0 349 88 79 24
293 1 432 201 26 60
294 0 346 96 77 32
294 1 444 194 27 62
295 0 350 102 74 30
295 1 446 202 28 54
296 0 350 109 73 31
296 1 449 194 41 62
297 0 380 104 43 12
297 1 352 116 26 28
297 2 448 194 42 62
298 0 352 104 69 46
299 0 352 108 64 42
299 1 453 195 43 61
300 0 352 108 64 43
301 0 345 110 68 34
302 0 344 110 67 33
303 0 336 112 71 30
304 0 336 112 69 35
305 0 336 113 68 33
306 0 336 113 66 34
306 1 448 196 42 55
307 0 339 113 65 36
307 1 448 198 42 58
308 0 340 111 65 41
309 0 379 109 28 11
309 1 340 118 38 23
309 2 416 201 15 69
310 0 336 96 77 32
310 1 406 200 16 70
311 0 336 96 84 18
312 0 336 86 88 24
312 1 368 192 41 73
313 0 352 70 80 40
313 1 350 190 58 64
314 0 352 64 84 46
314 1 337 188 70 60
315 0 358 56 86 55
315 1 342 189 63 61
316 0 358 56 85 56
316 1 336 189 73 67
317 0 368 48 75 61
317 1 320 189 86 51
318 0 336 186 70 64
319 0 384 38 50 74
319 1 336 186 69 78
320 0 384 36 42 76
320 1 361 192 48 71
321 0 390 32 44 80
321 1 362 192 47 64
322 0 400 32 34 80
322 1 361 193 47 63
323 0 397 32 35 80
323 1 352 192 56 64
324 0 400 32 34 80
324 1 352 190 54 60
325 0 390 32 62 80
325 1 336 191 72 65
326 0 390 32 62 80
326 1 361 192 48 67
327 0 390 32 38 80
327 1 368 195 42 69
328 0 384 32 40 79
329 0 384 36 42 75
330 0 374 38 52 73
330 1 355 138 15 17
330 2 389 197 28 60
331 0 372 40 52 68
331 1 355 138 16 18
331 2 382 197 35 67
332 0 352 58 72 53
332 1 352 137 21 30
332 2 391 198 27 66
333 0 320 84 88 30
333 1 352 131 28 45
333 2 408 200 16 68
334 0 320 84 87 35
334 1 352 131 28 45
334 2 412 200 13 69
335 0 320 86 82 34
335 1 352 131 26 25
335 2 356 157 22 16
336 0 326 100 68 24
336 1 353 131 25 24
337 0 380 115 14 9
337 1 353 131 25 24
337 2 413 200 14 76
338 0 342 96 57 24
338 1 355 137 16 18
338 2 389 197 28 78
339 0 368 80 42 34
339 1 355 138 16 17
339 2 356 190 52 74
340 0 384 52 36 60
340 1 355 138 16 16
340 2 341 184 64 68
341 0 400 42 32 65
341 1 355 138 15 11
341 2 336 184 64 63
342 0 400 38 32 70
342 1 355 138 16 11
342 2 334 184 66 56
343 0 416 32 19 77
343 1 355 138 16 17
343 2 332 186 68 48
344 0 416 32 16 80
344 1 355 138 15 11
344 2 336 182 64 50
345 0 406 32 23 75
345 1 355 138 15 11
345 2 340 185 63 51
346 0 400 32 54 77
346 1 355 141 11 8
346 2 339 184 65 50
347 0 374 38 53 70
347 1 355 138 15 11
347 2 336 185 64 55
348 0 374 38 50 74
348 1 355 138 15 11
348 2 336 184 66 50
349 0 376 32 52 80
349 1 340 183 63 57
350 0 384 32 36 80
350 1 368 192 40 64
351 0 384 32 36 80
351 1 368 193 41 63
352 0 384 32 38 77
352 1 390 195 23 72
353 0 390 32 34 76
353 1 355 138 15 11
353 2 400 198 18 73
354 0 384 32 42 76
354 1 355 138 15 14
354 2 413 200 13 75
355 0 400 32 32 77
355 1 355 138 15 11
355 2 420 201 12 74
356 0 404 32 28 77
356 1 355 138 15 11
357 0 404 32 30 74
357 1 355 138 15 11
357 2 416 201 12 74
358 0 355 138 15 11
358 1 398 200 26 75
359 0 374 41 48 68
359 1 355 138 15 11
359 2 384 198 34 72
360 0 358 54 84 55
360 1 355 138 15 11
360 2 400 197 17 33
361 0 352 58 87 52
361 1 355 138 15 11
361 2 379 197 38 72
362 0 358 56 81 54
362 1 388 198 30 77
363 0 352 64 84 48
363 1 413 200 12 76
364 0 342 80 82 31
364 1 424 201 16 73
365 0 342 80 82 32
365 1 424 201 11 73
366 0 344 96 80 32
366 1 428 202 18 71
367 0 349 100 75 30
367 1 431 203 17 68
368 0 350 102 74 30
368 1 437 201 27 71
369 0 344 96 75 32
369 1 440 201 29 65
370 0 342 96 82 19
370 1 442 201 25 61
371 0 342 84 78 25
371 1 440 200 34 61
372 0 336 80 88 32
372 1 445 200 51 59
373 0 342 80 80 32
373 1 445 200 45 59
374 0 342 88 78 21
374 1 445 202 45 57
375 0 337 80 80 32
375 1 445 202 51 57
376 0 336 84 82 29
376 1 443 200 24 60
377 0 342 84 82 28
377 1 432 189 64 70
378 0 344 80 80 32
378 1 431 202 17 64
379 0 352 64 70 47
379 1 412 200 13 72
380 0 368 48 52 64
380 1 377 197 39 67
381 0 368 48 55 64
381 1 356 194 52 62
382 0 368 48 68 62
382 1 348 192 61 58
383 0 376 36 44 76
383 1 324 189 82 31
384 0 323 189 82 17
385 0 384 32 42 76
385 1 320 184 84 36
386 0 320 182 82 26
387 0 416 32 16 74
387 1 320 176 80 26
388 0 416 32 20 76
388 1 320 176 79 40
389 0 416 32 16 74
389 1 320 176 80 39
390 0 416 32 16 74
390 1 320 176 80 48
391 0 416 32 20 74
391 1 328 184 72 40
392 0 416 32 20 74
392 1 320 176 80 48
393 0 422 32 20 74
393 1 321 176 79 28
394 0 422 32 26 74
394 1 320 176 80 32
395 0 416 32 18 74
395 1 320 176 82 26
396 0 416 32 21 74
396 1 320 176 82 16
397 0 320 176 85 32
398 0 420 32 44 76
398 1 332 176 76 21
399 0 420 32 22 74
399 1 336 175 103 34
400 0 422 32 15 74
400 1 344 179 96 40
401 0 416 32 19 74
401 1 336 172 103 40
402 0 408 32 24 75
402 1 336 171 102 45
403 0 406 32 28 76
403 1 336 182 76 17
404 0 404 32 30 74
404 1 341 176 69 32
405 0 402 32 32 75
405 1 341 194 68 21
406 0 404 32 24 74
406 1 336 194 73 24
407 0 400 32 34 74
407 1 347 198 71 42
408 0 404 32 30 74
408 1 352 199 67 41
409 0 384 32 40 76
409 1 349 198 69 36
410 0 384 32 40 76
410 1 345 197 72 27
411 0 390 32 36 76
411 1 336 196 80 28
412 0 392 32 35 74
413 0 394 32 34 74
413 1 361 198 55 57
414 0 400 32 48 74
414 1 368 198 50 58
415 0 408 32 24 75
416 0 406 32 26 75
416 1 430 201 12 55
417 0 408 32 21 74
417 1 437 202 11 41
418 0 445 200 19 40
419 0 404 32 28 75
419 1 446 200 18 44
420 0 404 32 30 74
420 1 452 200 22 41
421 0 404 32 28 74
421 1 450 200 24 40
422 0 408 32 24 74
422 1 452 200 22 42
423 0 406 32 28 74
423 1 452 200 19 43
424 0 400 32 29 74
424 1 448 197 26 46
425 0 404 32 30 74
425 1 454 194 28 46
426 0 400 32 32 74
426 1 457 192 39 48
427 0 400 32 32 74
427 1 457 192 55 48
428 0 400 32 32 73
428 1 457 192 55 48
429 0 400 32 32 73
429 1 455 192 41 53
430 0 400 38 32 69
431 0 416 38 16 69
432 0 416 38 26 69
433 0 430 42 18 68
434 0 432 48 16 58
434 1 456 196 29 49
435 0 434 52 14 58
435 1 455 195 35 45
436 0 454 192 42 53
437 0 400 48 30 59
437 1 456 196 34 49
438 0 368 64 48 48
438 1 456 192 40 54
439 0 357 70 56 44
440 0 352 74 59 40
440 1 454 197 30 59
441 0 342 84 63 35
441 1 448 199 48 57
442 0 342 80 65 34
442 1 448 199 48 57
443 0 342 86 65 28
443 1 448 199 42 57
444 0 336 96 68 21
444 1 451 199 39 57
445 0 336 114 66 14
445 1 448 196 42 56
446 0 336 118 63 21
446 1 448 198 42 58
447 0 341 120 54 22
447 1 448 200 32 54
448 0 344 122 51 27
448 1 448 198 42 58
449 0 346 124 46 23
449 1 451 198 45 58
450 0 346 126 40 29
450 1 451 198 45 58
451 0 451 198 45 58
452 0 451 200 45 56
453 0 448 200 48 56
455 0 340 120 56 21
456 0 340 120 55 14
457 0 336 112 61 19
457 1 410 198 48 66
458 0 384 173 42 100
459 0 381 142 45 130
460 0 376 144 32 36
460 1 393 199 26 75
461 0 395 198 23 77
462 0 396 198 22 77
463 0 397 198 21 77
464 0 397 198 21 77
465 0 401 199 21 78
466 0 398 199 21 76
467 0 397 199 22 75
468 0 377 196 39 74
469 0 343 190 63 66
470 0 340 112 64 27
470 1 312 182 92 58
471 0 342 102 77 31
471 1 358 137 12 10
472 0 341 106 74 25
472 1 354 137 16 12
472 2 304 150 96 66
473 0 341 102 73 31
473 1 357 137 13 11
473 2 313 150 87 57
474 0 340 96 77 16
474 1 315 133 78 71
475 0 368 48 55 60
475 1 314 130 75 62
476 0 384 38 39 70
476 1 354 134 19 33
476 2 317 168 75 34
477 0 384 40 39 68
477 1 329 176 66 32
478 0 358 48 61 64
478 1 304 182 100 58
479 0 342 64 74 47
479 1 337 180 62 44
480 0 352 187 54 57
481 0 320 102 83 26
481 1 368 188 44 78
482 0 320 112 79 18
482 1 392 198 36 77
483 0 310 112 87 16
483 1 357 136 15 12
483 2 402 200 26 75
484 0 310 112 85 18
484 1 397 200 26 74
485 0 310 112 85 19
485 1 410 200 16 76
486 0 310 118 84 26
486 1 400 201 31 75
487 0 321 122 73 33
487 1 413 201 15 75
488 0 336 127 50 38
488 1 391 200 32 71
489 0 336 124 54 36
489 1 387 200 36 69
490 0 320 122 77 28
490 1 384 200 38 72
491 0 326 112 71 16
491 1 388 198 44 76
492 0 336 114 61 12
492 1 406 200 18 75
494 0 416 201 11 74
496 0 408 200 20 72
497 0 390 199 29 70
498 0 368 98 38 18
498 1 384 197 33 74
499 0 384 80 34 32
499 1 379 189 53 83
500 0 400 70 26 37
500 1 384 188 54 85
501 0 400 58 32 49
501 1 384 198 60 90
502 0 426 32 19 78
502 1 397 200 24 75
503 0 413 200 14 76
505 0 352 96 71 16
505 1 425 202 37 102
506 0 352 98 70 30
506 1 425 202 23 76
507 0 352 96 70 33
507 1 426 202 22 77
508 0 352 96 71 26
508 1 424 202 30 78
509 0 342 98 80 24
510 0 342 96 79 26
511 0 340 96 81 35
511 1 413 200 19 76
512 0 352 106 68 36
512 1 416 201 11 75
513 0 352 102 67 42
513 1 408 200 16 76
514 0 352 102 67 44
514 1 403 200 21 75
515 0 354 104 67 34
515 1 382 200 40 70
516 0 352 100 70 40
516 1 396 198 22 50
517 0 355 105 67 35
518 0 339 192 73 54
519 0 312 190 94 50
520 0 312 184 94 48
521 0 312 180 92 60
522 0 330 180 73 60
523 0 320 184 85 62
524 0 354 184 53 72
525 0 352 180 58 76
526 0 396 198 20 32
527 0 384 198 34 82
528 0 397 199 22 76
529 0 403 200 21 76
530 0 409 200 15 76
531 0 348 107 62 48
531 1 409 200 15 75
532 0 352 105 59 47
532 1 413 200 13 76
533 0 360 109 54 47
533 1 413 200 12 76
534 0 368 116 35 28
534 1 413 201 13 75
535 0 408 200 16 76
536 0 406 200 18 75
537 0 384 198 34 82
538 0 384 198 34 74
539 0 376 197 41 72
540 0 399 200 23 73
541 0 396 199 23 73
542 0 400 199 19 74
543 0 404 200 20 75
544 0 379 192 38 76
545 0 376 113 23 15
545 1 361 192 55 69
546 0 354 133 22 60
547 0 354 132 24 44
547 1 304 184 102 56
548 0 370 119 28 9
549 0 352 122 42 58
550 0 350 120 44 56
553 0 368 196 52 44
558 0 341 106 75 29
558 1 320 136 92 63
560 0 340 108 73 29
561 0 340 106 76 30
561 1 346 150 38 33
561 2 286 187 123 120
562 0 336 109 71 36
562 1 346 144 18 20
563 0 320 111 87 37
563 1 344 142 19 20
564 0 326 109 75 73
564 1 352 189 54 59
565 0 322 112 79 70
565 1 352 190 57 18
566 0 324 117 73 67
566 1 347 184 62 24
567 0 320 118 76 63
567 1 345 192 72 16
568 0 340 188 69 16
569 0 339 192 78 16
570 0 336 176 73 32
571 0 344 189 65 19
572 0 344 193 74 18
573 0 340 191 77 17
575 0 339 188 93 40
576 0 348 156 36 25
576 1 338 190 74 18
579 0 310 113 85 17
582 0 317 106 79 22
583 0 313 112 82 21
584 0 320 102 80 28
585 0 320 106 76 28
586 0 310 102 86 32
587 0 310 96 87 26
587 1 323 188 81 44
588 0 320 86 80 35
588 1 320 188 84 44
589 0 320 84 82 36
590 0 310 96 85 28
590 1 317 182 83 30
591 0 304 96 91 28
591 1 313 182 87 34
592 0 320 187 81 21
593 0 304 185 96 55
594 0 323 185 77 50
595 0 327 188 77 44
596 0 320 188 84 44
597 0 333 191 75 41
598 0 320 192 88 40
599 0 312 190 94 34
600 0 321 188 83 36
601 0 320 183 84 33
602 0 320 190 85 42
603 0 320 183 83 25
604 0 320 183 83 25
605 0 310 105 84 25
605 1 320 183 82 33
606 0 310 98 85 26
606 1 317 182 85 34
607 0 310 100 85 24
607 1 352 129 29 16
607 2 312 182 87 42
608 0 320 82 77 40
608 1 312 182 85 34
609 0 320 84 76 38
609 1 351 128 30 16
610 0 310 89 85 34
610 1 312 182 84 26
611 0 310 96 85 27
612 0 310 100 84 24
612 1 317 180 80 44
613 0 310 100 85 23
613 1 351 128 30 16
613 2 312 184 88 48
614 0 310 102 84 22
614 1 352 128 29 17
614 2 314 176 83 30
615 0 304 102 90 22
615 1 352 128 29 16
616 0 310 100 84 24
616 1 351 128 30 17
616 2 314 179 86 25
617 0 310 96 84 28
617 1 351 128 31 19
618 0 310 100 84 23
618 1 315 184 84 24
619 0 350 128 31 19
619 1 315 184 85 24
620 0 310 96 85 27
620 1 351 128 30 17
620 2 314 183 83 21
621 0 310 98 85 25
621 1 315 184 85 28
622 0 321 184 81 40
623 0 304 112 90 20
623 1 351 128 29 17
623 2 312 184 90 43
624 0 351 126 30 18
624 1 320 184 84 29
625 0 351 126 29 18
625 1 320 183 82 25
626 0 320 187 81 45
627 0 317 186 83 19
628 0 312 184 92 48
629 0 310 102 85 28
629 1 325 186 79 51
630 0 352 128 28 16
630 1 331 186 73 54
631 0 352 128 28 16
631 1 312 184 92 56
632 0 320 180 84 28
633 0 304 114 86 31
633 1 320 189 84 35
634 0 335 190 71 50
635 0 347 192 61 60
636 0 348 192 62 64
637 0 341 190 67 58
638 0 336 192 71 48
639 0 323 190 82 34
640 0 320 189 84 27
641 0 304 112 88 34
641 1 280 142 96 31
642 0 288 113 102 60
642 1 345 191 61 57
643 0 294 130 94 46
643 1 339 191 67 55
644 0 296 128 88 45
644 1 331 187 73 53
645 0 304 128 76 45
645 1 352 192 58 64
646 0 304 128 76 48
646 1 352 197 62 59
647 0 304 128 76 48
648 0 378 197 40 71
649 0 360 196 53 65
650 0 352 128 28 12
650 1 272 142 105 40
651 0 352 128 28 18
651 1 280 135 97 57
651 2 348 192 62 60
652 0 352 128 28 18
652 1 288 136 88 56
652 2 352 192 57 64
653 0 338 188 68 61
655 0 350 128 30 15
655 1 304 139 72 40
655 2 343 191 64 61
656 0 345 190 61 66
657 0 306 128 74 48
658 0 320 186 84 38
659 0 324 188 79 36
662 0 348 192 61 64
663 0 379 196 34 74
664 0 376 196 41 74
665 0 351 126 29 14
665 1 312 141 66 38
665 2 338 191 68 56
666 0 351 126 29 16
666 1 312 141 66 42
666 2 331 189 73 51
667 0 352 128 25 12
667 1 312 142 66 37
668 0 352 126 24 14
668 1 312 142 63 40
669 0 352 126 25 15
669 1 312 141 63 40
669 2 352 191 55 65
670 0 351 126 29 16
670 1 312 142 62 40
671 0 351 126 26 12
671 1 312 142 62 37
671 2 328 191 78 33
672 0 313 128 71 51
672 1 320 188 84 36
673 0 328 190 77 34
674 0 337 190 69 50
675 0 339 188 67 59
676 0 351 190 55 68
677 0 331 186 71 52
678 0 336 189 68 53
679 0 324 184 76 43
681 0 320 185 80 25
683 0 352 190 55 66
684 0 331 188 75 52
685 0 328 190 77 34
686 0 328 186 76 46
687 0 331 186 71 54
688 0 346 189 60 61
689 0 333 186 71 54
690 0 328 186 72 54
691 0 321 184 79 46
692 0 314 129 64 36
692 1 357 158 12 10
692 2 335 189 69 51
693 0 314 129 63 36
693 1 350 158 20 18
693 2 339 190 71 50
694 0 315 128 69 35
694 1 350 164 19 8
695 0 315 128 61 35
695 1 350 164 19 8
695 2 328 186 74 54
696 0 310 128 74 35
696 1 351 164 18 9
696 2 316 184 82 24
697 0 313 126 71 37
697 1 351 164 18 9
697 2 317 173 80 19
698 0 308 128 76 35
698 1 351 164 18 9
698 2 320 185 80 23
699 0 308 126 76 37
699 1 351 159 18 14
699 2 320 185 80 39
700 0 318 131 59 37
700 1 325 186 77 38
701 0 314 131 63 42
701 1 317 182 80 26
702 0 314 128 70 34
702 1 351 159 19 13
702 2 312 182 86 30
703 0 326 185 76 47
704 0 321 184 79 40
705 0 320 184 80 35
706 0 332 186 72 51
707 0 315 130 62 43
707 1 337 188 68 52
708 0 315 130 62 43
708 1 341 190 64 57
709 0 336 189 68 54
710 0 316 125 68 48
710 1 317 182 80 38
711 0 310 126 74 50
711 1 320 186 80 38
712 0 310 127 76 32
712 1 349 158 22 18
712 2 304 176 96 19
713 0 310 127 74 33
713 1 348 158 23 18
713 2 318 176 80 23
714 0 310 126 74 34
714 1 349 158 22 15
714 2 320 184 82 24
715 0 316 130 60 31
715 1 357 158 14 10
715 2 320 185 80 23
716 0 313 129 59 31
716 1 350 158 21 10
716 2 326 187 76 35
717 0 314 131 63 29
717 1 351 159 19 16
717 2 325 186 79 38
718 0 313 130 61 30
718 1 351 159 18 16
718 2 320 186 80 30
719 0 312 131 64 31
719 1 357 159 12 9
719 2 304 182 96 22
720 0 312 129 64 31
720 1 349 158 23 10
720 2 320 185 80 31
721 0 315 129 59 34
721 1 348 158 25 10
721 2 320 185 80 23
722 0 312 129 62 31
722 1 345 158 28 15
722 2 321 185 79 37
723 0 331 188 72 52
724 0 314 130 63 43
724 1 324 185 76 42
725 0 314 131 62 42
725 1 317 183 82 29
726 0 337 187 68 53
727 0 341 189 63 67
728 0 318 130 61 45
728 1 377 196 36 74
729 0 320 130 59 45
729 1 376 195 36 75
730 0 315 129 65 41
730 1 328 184 72 56
731 0 315 130 64 40
731 1 317 183 83 37
732 0 315 130 64 40
732 1 320 185 80 55
733 0 311 130 68 38
733 1 346 188 58 71
734 0 347 130 32 25
734 1 347 158 22 10
734 2 347 189 57 63
735 0 316 184 82 34
736 0 349 158 11 4
736 1 358 161 12 7
736 2 317 183 82 24
737 0 314 126 70 34
737 1 351 158 18 10
737 2 320 185 83 23
738 0 316 130 58 30
738 1 320 186 83 16
739 0 314 130 60 36
739 1 320 184 80 24
740 0 320 184 80 26
741 0 320 132 54 38
741 1 317 186 83 22
742 0 318 129 56 35
742 1 320 186 80 30
743 0 315 131 61 32
743 1 316 185 84 23
744 0 315 129 61 35
744 1 328 185 74 39
745 0 316 131 58 35
745 1 346 158 14 3
745 2 316 182 82 30
746 0 315 131 53 31
746 1 345 158 17 4
746 2 354 163 13 5
746 3 317 182 80 29
747 0 315 129 57 34
747 1 344 156 27 13
747 2 320 183 80 21
748 0 317 129 55 40
748 1 317 182 80 26
749 0 316 133 58 36
749 1 332 189 72 51
750 0 315 132 59 37
750 1 338 189 66 51
751 0 320 130 59 42
751 1 320 185 84 33
752 0 316 130 63 38
752 1 328 189 75 41
753 0 320 130 59 40
753 1 336 187 68 69
754 0 316 132 58 36
754 1 320 186 80 38
755 0 318 132 53 36
755 1 324 185 76 39
756 0 315 129 59 40
756 1 327 188 75 36
757 0 316 131 60 38
757 1 325 188 77 28
758 0 316 125 70 41
758 1 320 176 80 16
759 0 304 112 85 32
759 1 349 131 24 16
759 2 344 158 26 6
759 3 314 183 83 25
760 0 304 120 84 28
760 1 344 158 26 6
760 2 304 182 93 23
761 0 310 118 73 41
761 1 346 156 22 13
761 2 312 185 87 39
762 0 310 122 76 37
762 1 346 158 24 11
762 2 314 176 81 21
763 0 314 126 70 33
763 1 346 158 22 11
763 2 320 185 80 24
764 0 314 126 70 33
764 1 351 158 18 11
764 2 320 182 80 20
765 0 310 126 74 33
765 1 351 158 18 10
765 2 320 176 77 24
766 0 310 122 76 38
766 1 318 174 78 18
767 0 310 122 76 37
767 1 320 186 80 22
768 0 310 127 74 25
768 1 348 157 12 4
768 2 320 186 80 27
769 0 316 130 59 34
769 1 348 158 13 4
769 2 316 185 82 23
770 0 318 130 56 35
770 1 347 156 21 10
770 2 328 186 75 46
771 0 316 130 52 32
771 1 346 156 22 10
771 2 331 186 73 54
772 0 314 131 60 38
772 1 339 189 65 56
773 0 315 132 58 36
773 1 340 190 67 66
774 0 314 130 65 38
775 0 347 130 32 20
775 1 320 144 54 31
775 2 338 188 68 61
776 0 320 185 80 45
777 0 316 185 83 39
778 0 321 130 58 45
778 1 324 185 78 49
779 0 320 130 59 41
779 1 324 185 76 39
780 0 320 129 60 47
780 1 348 158 20 8
780 2 320 189 83 25
781 0 349 158 19 8
781 1 320 189 83 31
782 0 317 128 55 41
782 1 350 158 18 8
782 2 323 185 77 33
783 0 320 128 77 64
784 0 320 126 64 37
784 1 320 176 80 26
785 0 309 128 65 30
785 1 348 157 12 4
785 2 312 186 88 44
786 0 312 129 56 28
786 1 346 157 14 4
786 2 320 186 80 44
787 0 320 129 60 46
787 1 324 189 80 35
788 0 317 130 61 38
788 1 324 189 80 29
789 0 320 131 56 39
789 1 320 187 82 22
790 0 317 130 62 37
790 1 317 186 83 22
791 0 315 131 60 35
791 1 322 186 78 38
792 0 320 131 56 41
792 1 324 185 76 39
793 0 318 132 58 39
793 1 338 190 67 50
794 0 318 132 58 38
794 1 347 190 59 62
795 0 318 130 61 45
795 1 344 189 62 67
796 0 346 130 33 20
796 1 319 145 49 29
796 2 336 188 69 57
797 0 320 186 80 25
798 0 316 186 84 26
799 0 320 132 56 41
799 1 320 185 80 39
800 0 320 185 80 45
801 0 321 185 79 35
802 0 320 185 80 39
803 0 320 130 59 43
803 1 320 182 77 38
804 0 318 132 57 36
804 1 317 185 82 23
805 0 310 128 64 38
805 1 312 182 84 42
806 0 304 112 82 56
806 1 312 183 85 41
807 0 304 112 82 56
807 1 317 183 80 41
808 0 321 130 58 37
808 1 315 175 80 39
809 0 310 90 84 33
809 1 320 130 59 37
809 2 304 176 87 32
