1 0 1
1 1 5
3 0 5
5 0 1
6 0 1
6 1 5
7 0 1
7 1 5
8 0 1
8 1 5
9 0 1
9 1 5
10 0 1
10 1 5
11 0 1
11 1 5
12 0 1
13 0 1
13 1 5
14 0 1
14 1 5
15 0 1
15 1 5
16 0 1
16 1 5
17 0 0
17 1 0
17 2 0
18 0 0
18 1 0
18 2 0
19 0 0
19 1 0
19 2 0
20 0 0
20 1 0
20 2 0
21 0 1
22 0 0
22 1 0
22 2 0
23 0 1
23 1 5
24 0 1
24 1 2
24 2 5
25 0 2
26 0 1
27 0 1
28 0 1
29 0 1
30 0 1
30 1 5
31 0 1
32 0 1
32 1 5
33 0 1
33 1 5
34 0 1
34 1 5
35 0 1
35 1 5
36 0 1
36 1 5
37 0 1
38 0 1
39 0 5
40 0 5
41 0 0
41 1 0
41 2 0
42 0 5
43 0 5
44 0 5
45 0 5
48 0 1
48 1 5
49 0 1
49 1 5
50 0 1
50 1 5
51 0 1
51 1 5
52 0 1
52 1 5
53 0 1
53 1 5
54 0 1
54 1 5
55 0 1
55 1 5
56 0 1
56 1 5
57 0 1
57 1 5
58 0 1
58 1 5
59 0 1
59 1 5
60 0 1
60 1 5
61 0 1
61 1 5
62 0 1
62 1 5
63 0 1
63 1 5
64 0 1
64 1 5
65 0 1
65 1 5
66 0 1
66 1 5
67 0 1
67 1 5
68 0 1
68 1 5
69 0 5
70 0 1
70 1 5
71 0 5
72 0 1
72 1 5
73 0 1
73 1 5
74 0 1
74 1 5
75 0 1
75 1 5
76 0 1
78 0 1
79 0 1
79 1 5
80 0 1
80 1 5
81 0 1
81 1 5
82 0 1
82 1 5
83 0 1
83 1 5
84 0 1
84 1 5
85 0 1
85 1 5
86 0 1
86 1 5
87 0 0
87 1 1
87 2 5
88 0 1
88 1 5
89 0 1
89 1 5
90 0 1
90 1 5
91 0 1
91 1 5
92 0 1
92 1 5
93 0 1
93 1 5
94 0 0
94 1 1
94 2 5
95 0 0
95 1 1
95 2 5
96 0 1
96 1 5
97 0 1
97 1 5
98 0 1
98 1 5
99 0 1
99 1 5
100 0 0
100 1 1
100 2 5
101 0 1
101 1 5
102 0 1
102 1 5
103 0 1
103 1 5
104 0 1
104 1 5
105 0 1
105 1 5
106 0 0
106 1 1
106 2 5
107 0 0
107 1 0
107 2 0
108 0 0
108 1 1
108 2 5
109 0 1
109 1 5
110 0 1
110 1 5
111 0 1
111 1 5
112 0 1
112 1 5
113 0 1
113 1 5
114 0 0
114 1 1
114 2 5
115 0 0
115 1 0
115 2 0
116 0 0
116 1 1
116 2 5
117 0 1
117 1 5
118 0 1
118 1 5
119 0 5
120 0 0
120 1 0
120 2 0
121 0 0
121 1 1
121 2 5
122 0 1
122 1 5
123 0 1
123 1 5
124 0 1
124 1 5
125 0 0
125 1 1
125 2 5
126 0 0
126 1 0
126 2 0
127 0 0
127 1 0
127 2 0
128 0 0
128 1 1
128 2 5
129 0 1
129 1 5
130 0 1
130 1 5
131 0 1
131 1 5
132 0 1
132 1 5
133 0 1
133 1 5
134 0 1
134 1 5
135 0 1
135 1 5
136 0 1
136 1 5
137 0 1
137 1 5
138 0 1
138 1 5
139 0 1
139 1 5
140 0 1
140 1 5
141 0 1
141 1 5
142 0 1
142 1 5
143 0 1
143 1 5
144 0 1
144 1 5
145 0 0
145 1 1
145 2 5
146 0 1
146 1 5
147 0 0
147 1 1
147 2 5
148 0 0
148 1 0
148 2 0
149 0 0
149 1 0
149 2 0
150 0 0
150 1 1
150 2 5
151 0 1
151 1 5
152 0 1
152 1 5
153 0 1
153 1 5
154 0 1
154 1 5
154 2 0
155 0 0
155 1 0
155 2 0
156 0 1
156 1 5
156 2 0
157 0 1
157 1 5
158 0 1
158 1 5
159 0 1
159 1 5
160 0 1
160 1 5
161 0 1
161 1 5
162 0 1
162 1 5
163 0 1
164 0 1
164 1 5
165 0 1
166 0 5
167 0 1
167 1 5
168 0 1
168 1 5
169 0 1
169 1 5
169 2 0
170 0 0
170 1 1
170 2 5
171 0 1
171 1 5
172 0 1
172 1 5
173 0 1
173 1 5
174 0 1
174 1 5
175 0 1
175 1 5
176 0 1
176 1 5
177 0 1
177 1 0
177 2 5
178 0 1
178 1 5
179 0 1
179 1 5
180 0 1
180 1 5
181 0 1
181 1 5
182 0 1
182 1 5
183 0 1
184 0 1
184 1 5
185 0 1
185 1 5
186 0 1
186 1 5
187 0 1
187 1 5
188 0 1
188 1 5
189 0 1
189 1 5
190 0 5
191 0 1
191 1 5
192 0 1
192 1 5
193 0 1
193 1 5
194 0 1
194 1 5
195 0 1
195 1 5
196 0 1
196 1 5
197 0 1
197 1 5
198 0 1
198 1 5
199 0 1
199 1 5
200 0 1
200 1 5
201 0 5
202 0 1
203 0 1
203 1 5
204 0 1
205 0 1
205 1 5
206 0 1
206 1 5
207 0 1
207 1 5
208 0 1
208 1 5
209 0 1
209 1 5
210 0 1
211 0 1
211 1 5
212 0 5
213 0 1
213 1 2
213 2 5
214 0 1
214 1 5
215 0 1
215 1 5
216 0 1
216 1 5
217 0 1
217 1 5
218 0 1
218 1 5
219 0 1
220 0 1
221 0 1
221 1 5
222 0 1
223 0 1
223 1 5
224 0 1
224 1 5
226 0 1
227 0 1
227 1 5
228 0 5
229 0 1
229 1 5
230 0 5
231 0 1
231 1 5
232 0 1
233 0 1
233 1 5
234 0 1
235 0 1
236 0 1
236 1 5
237 0 1
237 1 5
238 0 1
238 1 5
239 0 1
239 1 5
240 0 1
240 1 5
241 0 1
241 1 2
241 2 5
242 0 1
242 1 2
242 2 5
243 0 1
243 1 2
243 2 5
244 0 1
244 1 2
244 2 5
245 0 1
245 1 2
245 2 5
246 0 1
246 1 2
246 2 5
247 0 1
247 1 2
247 2 5
248 0 1
248 1 2
248 2 5
249 0 1
249 1 2
250 0 1
250 1 2
250 2 5
251 0 1
251 1 2
251 2 5
252 0 0
252 1 0
252 2 0
252 3 0
253 0 1
253 1 2
253 2 5
254 0 1
254 1 2
254 2 5
255 0 1
255 1 2
256 0 1
256 1 2
257 0 1
257 1 2
257 2 5
258 0 1
258 1 2
258 2 5
259 0 1
259 1 2
259 2 5
260 0 1
260 1 2
260 2 4
260 3 5
261 0 1
261 1 2
261 2 4
261 3 5
262 0 1
262 1 2
262 2 4
262 3 5
263 0 1
263 1 2
263 2 4
263 3 5
264 0 1
264 1 2
264 2 4
264 3 5
265 0 1
265 1 2
265 2 5
266 0 1
266 1 5
267 0 1
267 1 5
268 0 1
268 1 5
269 0 1
269 1 5
270 0 1
270 1 2
270 2 5
271 0 1
271 1 2
271 2 5
272 0 1
273 0 1
273 1 5
274 0 1
274 1 5
275 0 1
275 1 5
276 0 1
276 1 5
277 0 1
277 1 5
278 0 1
279 0 1
279 1 5
280 0 1
280 1 5
281 0 1
281 1 2
281 2 5
282 0 1
283 0 1
283 1 5
284 0 1
284 1 5
285 0 1
285 1 5
286 0 1
287 0 1
287 1 5
288 0 5
289 0 1
289 1 5
290 0 1
290 1 5
291 0 1
291 1 5
292 0 1
292 1 5
293 0 1
293 1 5
294 0 1
294 1 5
295 0 1
295 1 5
296 0 1
296 1 5
297 0 1
297 1 2
297 2 5
298 0 1
299 0 1
299 1 5
300 0 1
301 0 1
302 0 1
303 0 1
304 0 1
305 0 1
306 0 1
306 1 5
307 0 1
307 1 5
308 0 1
309 0 0
309 1 1
309 2 5
310 0 1
310 1 5
311 0 1
312 0 1
312 1 5
313 0 1
313 1 5
314 0 1
314 1 5
315 0 1
315 1 5
316 0 1
316 1 5
317 0 1
317 1 5
318 0 5
319 0 1
319 1 5
320 0 1
320 1 5
321 0 1
321 1 5
322 0 1
322 1 5
323 0 1
323 1 5
324 0 1
324 1 5
325 0 1
325 1 5
326 0 1
326 1 5
327 0 1
327 1 5
328 0 1
329 0 1
330 0 1
330 1 2
330 2 5
331 0 0
331 1 0
331 2 0
332 0 1
332 1 2
332 2 5
333 0 0
333 1 0
333 2 0
334 0 0
334 1 0
334 2 0
335 0 1
335 1 2
335 2 4
336 0 1
336 1 2
337 0 1
337 1 2
337 2 5
338 0 1
338 1 2
338 2 5
339 0 1
339 1 2
339 2 5
340 0 1
340 1 2
340 2 5
341 0 1
341 1 2
341 2 5
342 0 1
342 1 2
342 2 5
343 0 1
343 1 2
343 2 5
344 0 1
344 1 2
344 2 5
345 0 1
345 1 2
345 2 5
346 0 1
346 1 2
346 2 5
347 0 1
347 1 2
347 2 5
348 0 1
348 1 2
348 2 5
349 0 1
349 1 5
350 0 1
350 1 5
351 0 1
351 1 5
352 0 1
352 1 5
353 0 1
353 1 2
353 2 5
354 0 1
354 1 2
354 2 5
355 0 1
355 1 2
355 2 5
356 0 1
356 1 2
357 0 1
357 1 2
357 2 5
358 0 2
358 1 5
359 0 1
359 1 2
359 2 5
360 0 1
360 1 2
360 2 5
361 0 1
361 1 2
361 2 5
362 0 1
362 1 5
363 0 1
363 1 5
364 0 1
364 1 5
365 0 1
365 1 5
366 0 1
366 1 5
367 0 1
367 1 5
368 0 1
368 1 5
369 0 1
369 1 5
370 0 1
370 1 5
371 0 1
371 1 5
372 0 1
372 1 5
373 0 1
373 1 5
374 0 1
374 1 5
375 0 1
375 1 5
376 0 1
376 1 5
377 0 1
377 1 5
378 0 1
378 1 5
379 0 1
379 1 5
380 0 1
380 1 5
381 0 1
381 1 5
382 0 1
382 1 5
383 0 1
383 1 5
384 0 5
385 0 1
385 1 5
386 0 5
387 0 1
387 1 5
388 0 1
388 1 5
389 0 1
389 1 5
390 0 1
390 1 5
391 0 1
391 1 5
392 0 1
392 1 5
393 0 1
393 1 5
394 0 1
394 1 5
395 0 1
395 1 5
396 0 1
396 1 5
397 0 5
398 0 1
398 1 5
399 0 1
399 1 5
400 0 1
400 1 5
401 0 1
401 1 5
402 0 1
402 1 5
403 0 1
403 1 5
404 0 1
404 1 5
405 0 1
405 1 5
406 0 1
406 1 5
407 0 1
407 1 5
408 0 1
408 1 5
409 0 1
409 1 5
410 0 1
410 1 5
411 0 1
411 1 5
412 0 1
413 0 1
413 1 5
414 0 1
414 1 5
415 0 1
416 0 1
416 1 5
417 0 1
417 1 5
418 0 5
419 0 1
419 1 5
420 0 1
420 1 5
421 0 1
421 1 5
422 0 1
422 1 5
423 0 1
423 1 5
424 0 1
424 1 5
425 0 1
425 1 5
426 0 1
426 1 5
427 0 1
427 1 5
428 0 1
428 1 5
429 0 1
429 1 5
430 0 1
431 0 1
432 0 1
433 0 1
434 0 1
434 1 5
435 0 1
435 1 5
436 0 5
437 0 1
437 1 5
438 0 1
438 1 5
439 0 1
440 0 1
440 1 5
441 0 1
441 1 5
442 0 1
442 1 5
443 0 1
443 1 5
444 0 1
444 1 5
445 0 1
445 1 5
446 0 1
446 1 5
447 0 1
447 1 5
448 0 1
448 1 5
449 0 1
449 1 5
450 0 1
450 1 5
451 0 5
452 0 5
453 0 5
455 0 1
456 0 1
457 0 1
457 1 5
458 0 5
459 0 5
460 0 1
460 1 5
461 0 5
462 0 5
463 0 5
464 0 5
465 0 5
466 0 5
467 0 5
468 0 5
469 0 5
470 0 1
470 1 5
471 0 1
471 1 2
472 0 1
472 1 2
472 2 5
473 0 1
473 1 2
473 2 5
474 0 1
474 1 5
475 0 1
475 1 5
476 0 1
476 1 2
476 2 5
477 0 1
477 1 5
478 0 1
478 1 5
479 0 1
479 1 5
480 0 5
481 0 1
481 1 5
482 0 1
482 1 5
483 0 1
483 1 2
483 2 5
484 0 1
484 1 5
485 0 1
485 1 5
486 0 1
486 1 5
487 0 1
487 1 5
488 0 1
488 1 5
489 0 1
489 1 5
490 0 1
490 1 5
491 0 1
491 1 5
492 0 1
492 1 5
494 0 5
496 0 5
497 0 5
498 0 1
498 1 5
499 0 1
499 1 5
500 0 1
500 1 5
501 0 1
501 1 5
502 0 1
502 1 5
503 0 5
505 0 1
505 1 5
506 0 1
506 1 5
507 0 1
507 1 5
508 0 1
508 1 5
509 0 1
510 0 1
511 0 1
511 1 5
512 0 1
512 1 5
513 0 1
513 1 5
514 0 1
514 1 5
515 0 1
515 1 5
516 0 1
516 1 5
517 0 1
518 0 5
519 0 5
520 0 5
521 0 5
522 0 5
523 0 5
524 0 5
525 0 5
526 0 5
527 0 5
528 0 5
529 0 5
530 0 5
531 0 1
531 1 5
532 0 1
532 1 5
533 0 1
533 1 5
534 0 1
534 1 5
535 0 5
536 0 5
537 0 5
538 0 5
539 0 5
540 0 5
541 0 5
542 0 5
543 0 5
544 0 5
545 0 1
545 1 5
546 0 1
547 0 1
547 1 5
548 0 1
549 0 1
550 0 5
553 0 5
558 0 1
558 1 5
560 0 1
561 0 1
561 1 5
561 2 0
562 0 1
562 1 5
563 0 1
563 1 5
564 0 1
564 1 5
565 0 1
565 1 5
566 0 1
566 1 5
567 0 1
567 1 5
568 0 5
569 0 5
570 0 5
571 0 5
572 0 5
573 0 5
575 0 5
576 0 1
576 1 5
579 0 1
582 0 1
583 0 1
584 0 1
585 0 1
586 0 1
587 0 1
587 1 5
588 0 1
588 1 5
589 0 1
590 0 1
590 1 5
591 0 1
591 1 5
592 0 5
593 0 5
594 0 5
595 0 5
596 0 5
597 0 5
598 0 5
599 0 5
600 0 5
601 0 5
602 0 5
603 0 5
604 0 5
605 0 1
605 1 5
606 0 1
606 1 5
607 0 1
607 1 2
607 2 5
608 0 1
608 1 5
609 0 1
609 1 5
610 0 1
610 1 5
611 0 1
612 0 1
612 1 5
613 0 1
613 1 2
613 2 5
614 0 1
614 1 2
614 2 5
615 0 1
615 1 5
616 0 1
616 1 5
616 2 0
617 0 1
617 1 5
618 0 1
618 1 5
619 0 1
619 1 5
620 0 1
620 1 0
620 2 5
621 0 1
621 1 5
622 0 5
623 0 0
623 1 1
623 2 5
624 0 1
624 1 5
625 0 1
625 1 5
626 0 5
627 0 5
628 0 5
629 0 1
629 1 5
630 0 1
630 1 5
631 0 1
631 1 5
632 0 5
633 0 1
633 1 5
634 0 5
635 0 5
636 0 5
637 0 5
638 0 5
639 0 5
640 0 5
641 0 1
641 1 3
642 0 1
642 1 5
643 0 1
643 1 5
644 0 1
644 1 5
645 0 1
645 1 5
646 0 1
646 1 5
647 0 1
648 0 5
649 0 5
650 0 2
650 1 1
651 0 0
651 1 0
651 2 0
652 0 0
652 1 0
652 2 0
653 0 5
655 0 2
655 1 1
655 2 5
656 0 5
657 0 1
658 0 5
659 0 5
662 0 5
663 0 5
664 0 5
665 0 0
665 1 0
665 2 0
666 0 2
666 1 1
666 2 5
667 0 1
667 1 3
668 0 2
668 1 1
669 0 1
669 1 5
669 2 0
670 0 1
670 1 5
671 0 0
671 1 1
671 2 5
672 0 1
672 1 5
673 0 5
674 0 5
675 0 5
676 0 5
677 0 5
678 0 5
679 0 5
681 0 5
683 0 5
684 0 5
685 0 5
686 0 5
687 0 5
688 0 5
689 0 5
690 0 5
691 0 5
692 0 3
692 1 4
692 2 1
693 0 1
693 1 2
693 2 5
694 0 1
694 1 2
695 0 1
695 1 2
695 2 5
696 0 1
696 1 2
696 2 5
697 0 1
697 1 2
697 2 5
698 0 1
698 1 2
698 2 5
699 0 1
699 1 2
699 2 5
700 0 1
700 1 5
701 0 1
701 1 5
702 0 1
702 1 2
702 2 5
703 0 5
704 0 5
705 0 5
706 0 5
707 0 1
707 1 5
708 0 1
708 1 5
709 0 5
710 0 1
710 1 5
711 0 1
711 1 5
712 0 1
712 1 2
712 2 5
713 0 1
713 1 2
713 2 5
714 0 1
714 1 2
714 2 5
715 0 1
715 1 2
715 2 5
716 0 1
716 1 2
716 2 5
717 0 1
717 1 2
717 2 5
718 0 1
718 1 2
718 2 5
719 0 1
719 1 2
719 2 5
720 0 1
720 1 2
720 2 5
721 0 1
721 1 2
721 2 5
722 0 1
722 1 2
722 2 5
723 0 5
724 0 1
724 1 5
725 0 1
725 1 5
726 0 5
727 0 5
728 0 1
728 1 5
729 0 1
729 1 5
730 0 1
730 1 5
731 0 1
731 1 5
732 0 1
732 1 5
733 0 1
733 1 5
734 0 1
734 1 2
734 2 5
735 0 5
736 0 1
736 1 2
736 2 5
737 0 1
737 1 2
737 2 5
738 0 1
738 1 5
739 0 1
739 1 5
740 0 5
741 0 1
741 1 5
742 0 1
742 1 5
743 0 1
743 1 5
744 0 1
744 1 5
745 0 1
745 1 2
745 2 5
746 0 1
746 1 2
746 2 4
746 3 5
747 0 1
747 1 2
747 2 5
748 0 1
748 1 5
749 0 1
749 1 5
750 0 1
750 1 5
751 0 1
751 1 5
752 0 1
752 1 5
753 0 1
753 1 5
754 0 1
754 1 5
755 0 1
755 1 5
756 0 1
756 1 5
757 0 1
757 1 5
758 0 1
758 1 5
759 0 1
759 1 0
759 2 2
759 3 5
760 0 1
760 1 2
760 2 5
761 0 1
761 1 2
761 2 5
762 0 1
762 1 2
762 2 5
763 0 1
763 1 2
763 2 5
764 0 1
764 1 2
764 2 5
765 0 1
765 1 2
765 2 5
766 0 1
766 1 5
767 0 1
767 1 5
768 0 1
768 1 2
768 2 5
769 0 1
769 1 2
769 2 5
770 0 1
770 1 2
770 2 5
771 0 1
771 1 2
771 2 5
772 0 1
772 1 5
773 0 1
773 1 5
774 0 1
775 0 0
775 1 0
775 2 0
776 0 5
777 0 5
778 0 1
778 1 5
779 0 1
779 1 5
780 0 1
780 1 2
780 2 5
781 0 2
781 1 5
782 0 1
782 1 2
782 2 5
783 0 5
784 0 1
784 1 5
785 0 1
785 1 2
785 2 5
786 0 1
786 1 2
786 2 5
787 0 1
787 1 5
788 0 1
788 1 5
789 0 1
789 1 5
790 0 1
790 1 5
791 0 1
791 1 5
792 0 1
792 1 5
793 0 1
793 1 5
794 0 1
794 1 5
795 0 1
795 1 5
796 0 0
796 1 1
796 2 5
797 0 5
798 0 5
799 0 1
799 1 5
800 0 5
801 0 5
802 0 5
803 0 1
803 1 5
804 0 1
804 1 5
805 0 1
805 1 5
806 0 1
806 1 5
807 0 1
807 1 5
808 0 1
808 1 5
809 0 1
809 1 3
809 2 5
