1 0 439 102 35 18
1 1 314 176 83 16
2 0 404 48 28 69
2 1 315 162 83 26
3 0 410 46 22 66
3 1 314 168 74 16
4 0 406 38 25 69
4 1 313 171 81 12
5 0 372 40 58 77
5 1 376 171 13 8
7 0 353 54 63 68
7 1 309 175 73 4
8 0 352 50 63 72
9 0 336 48 77 80
9 1 365 170 17 3
10 0 352 56 59 66
10 1 320 164 64 12
11 0 393 108 16 19
11 1 320 160 64 12
12 0 314 165 70 9
13 0 327 176 64 27
14 0 341 182 59 26
15 0 392 116 16 12
15 1 352 181 46 17
16 0 336 75 74 50
16 1 345 176 52 17
17 0 325 162 61 16
18 0 313 164 73 14
20 0 395 113 13 15
20 1 309 166 77 12
21 0 322 80 82 49
21 1 310 164 76 14
22 0 322 86 84 51
22 1 312 168 75 11
23 0 310 102 105 44
23 1 322 176 66 28
24 0 310 112 80 24
24 1 336 189 72 47
25 0 304 118 86 18
25 1 352 191 59 51
26 0 310 116 82 20
26 1 344 190 67 66
27 0 304 118 89 22
27 1 336 190 75 66
28 0 304 128 85 16
28 1 345 191 67 65
29 0 304 130 84 18
29 1 336 191 76 65
30 0 304 128 84 16
30 1 367 161 12 10
30 2 337 190 78 66
31 0 304 132 84 12
31 1 366 156 21 22
31 2 336 190 77 60
32 0 309 128 77 19
32 1 365 155 19 20
32 2 332 188 75 55
33 0 310 132 76 17
33 1 365 155 21 23
33 2 344 190 67 71
34 0 320 128 66 32
34 1 365 155 21 23
34 2 349 191 63 72
35 0 320 135 61 25
35 1 365 154 21 24
35 2 352 192 64 75
36 0 320 136 61 20
36 1 364 155 20 20
36 2 352 192 64 80
37 0 320 132 66 17
37 1 365 157 17 10
37 2 336 190 75 66
38 0 310 134 76 15
38 1 371 158 12 6
38 2 339 191 73 63
39 0 304 129 86 15
39 1 371 156 12 8
39 2 336 190 79 66
40 0 310 122 92 17
40 1 365 153 17 9
40 2 344 190 67 66
41 0 310 112 99 27
41 1 336 190 74 66
42 0 320 96 89 43
42 1 336 191 77 65
43 0 336 102 67 30
43 1 328 187 77 53
44 0 352 106 50 26
44 1 316 182 86 41
45 0 336 112 64 28
45 1 316 182 84 34
46 0 336 122 59 22
46 1 320 182 82 42
47 0 326 128 73 16
47 1 320 186 85 54
48 0 320 128 74 16
48 1 320 184 86 56
49 0 310 128 76 16
49 1 329 187 77 53
50 0 310 128 78 16
50 1 320 185 84 43
51 0 320 136 66 8
51 1 368 165 11 7
51 2 320 185 82 40
52 0 320 134 66 26
52 1 317 185 85 34
53 0 320 135 66 16
53 1 317 183 84 41
54 0 320 136 65 18
54 1 323 186 81 41
55 0 304 138 77 22
55 1 332 187 75 55
56 0 304 134 82 26
56 1 344 191 68 64
57 0 304 138 82 22
57 1 331 188 77 54
58 0 304 141 80 19
58 1 320 186 84 42
59 0 310 143 72 13
59 1 368 164 11 9
59 2 323 186 83 42
60 0 288 144 96 22
60 1 373 168 11 9
60 2 321 187 84 33
61 0 314 144 69 31
61 1 320 186 84 28
62 0 308 141 79 38
62 1 320 186 84 23
63 0 314 181 86 21
64 0 309 132 83 46
64 1 316 185 86 31
65 0 304 130 86 24
65 1 352 148 39 34
65 2 336 185 71 55
66 0 306 128 84 26
66 1 323 146 81 83
67 0 304 129 87 27
67 1 324 144 52 26
67 2 312 168 90 40
68 0 304 129 87 41
68 1 304 165 108 43
69 0 304 118 96 33
69 1 324 144 52 26
69 2 309 165 93 43
70 0 308 118 85 51
70 1 312 166 99 84
71 0 310 114 92 56
71 1 309 165 103 83
72 0 310 112 90 45
72 1 320 144 56 25
72 2 309 166 93 48
73 0 310 112 92 57
73 1 313 166 87 38
74 0 310 120 83 50
74 1 312 166 96 54
75 0 309 130 81 22
75 1 320 144 56 26
75 2 315 166 85 44
76 0 308 128 82 41
76 1 315 166 85 46
77 0 308 128 82 42
77 1 360 166 30 17
77 2 321 184 82 47
78 0 306 128 94 25
78 1 323 148 67 35
78 2 328 185 78 55
79 0 305 132 86 14
79 1 323 148 69 30
79 2 336 190 72 66
80 0 306 132 85 18
80 1 324 148 68 30
80 2 328 184 79 63
81 0 304 132 86 38
81 1 360 162 31 19
81 2 320 185 83 39
82 0 304 132 87 17
82 1 324 150 45 20
82 2 360 162 31 21
82 3 320 185 83 39
83 0 308 135 82 33
83 1 360 163 24 21
83 2 315 182 85 34
84 0 308 135 82 35
84 1 358 166 18 3
84 2 315 171 87 46
85 0 304 132 86 39
85 1 360 164 30 19
85 2 316 181 86 38
86 0 310 134 79 48
86 1 317 186 85 33
87 0 310 134 80 16
87 1 326 150 60 31
87 2 320 184 84 56
88 0 309 132 77 18
88 1 358 150 13 14
88 2 360 164 26 17
88 3 336 190 74 66
89 0 308 134 78 16
89 1 358 152 12 10
89 2 360 165 28 18
89 3 336 190 75 66
90 0 306 134 83 18
90 1 358 152 12 9
90 2 360 171 30 11
90 3 320 186 83 38
91 0 304 134 85 26
91 1 358 150 12 11
91 2 360 171 30 11
92 0 304 138 82 16
92 1 358 150 12 11
92 2 360 164 28 19
92 3 322 184 83 52
93 0 305 134 84 17
93 1 358 150 30 33
93 2 325 185 80 54
94 0 309 136 76 28
94 1 359 166 29 17
94 2 317 182 85 38
95 0 309 134 80 48
95 1 316 182 84 32
96 0 304 137 80 23
96 1 359 150 11 10
96 2 360 166 27 15
96 3 336 186 70 62
97 0 305 136 80 14
97 1 343 151 25 16
97 2 360 166 26 15
97 3 346 192 66 68
98 0 304 134 85 35
98 1 360 166 26 15
98 2 344 191 67 65
99 0 304 136 83 25
99 1 360 166 21 13
99 2 372 173 16 10
99 3 336 190 74 66
100 0 304 136 81 20
100 1 360 167 18 12
100 2 372 173 17 7
100 3 329 185 76 55
101 0 304 135 80 28
101 1 371 174 19 9
101 2 345 190 65 59
102 0 304 133 80 27
102 1 357 151 13 9
102 2 360 174 30 9
102 3 354 191 57 65
103 0 304 136 84 32
103 1 371 174 19 9
103 2 354 193 62 63
104 0 360 172 29 11
104 1 328 186 76 36
105 0 316 122 74 26
105 1 357 157 11 4
105 2 320 171 82 45
106 0 360 138 24 8
106 1 313 171 86 37
107 0 390 64 34 53
107 1 360 138 24 8
107 2 312 164 76 36
108 0 360 138 24 8
108 1 314 164 75 38
109 0 342 64 71 60
109 1 360 134 29 25
109 2 316 164 72 28
110 0 340 64 73 65
110 1 360 134 28 25
110 2 317 169 71 23
111 0 360 134 29 25
111 1 318 169 68 23
112 0 320 134 68 31
112 1 341 163 50 16
112 2 352 186 52 33
113 0 360 134 28 22
113 1 326 162 66 19
113 2 400 194 16 19
114 0 340 134 48 28
114 1 344 162 48 19
114 2 366 186 40 28
115 0 384 32 38 86
115 1 343 134 46 28
115 2 336 157 56 22
115 3 342 182 60 30
116 0 432 107 16 4
116 1 344 134 45 26
116 2 320 153 80 55
117 0 352 48 64 78
117 1 424 100 20 12
117 2 315 134 76 60
118 0 352 48 64 78
118 1 424 101 17 8
118 2 360 134 29 15
118 3 304 150 87 40
119 0 360 133 28 27
119 1 309 165 73 15
120 0 310 134 79 47
121 0 426 32 22 80
121 1 312 133 79 46
122 0 312 133 77 30
122 1 360 165 28 15
124 0 433 102 15 9
125 0 310 133 98 63
126 0 391 181 14 12
127 0 374 134 13 12
127 1 304 138 83 41
128 0 376 32 48 85
128 1 312 134 77 45
129 0 358 48 61 69
129 1 310 134 79 45
130 0 310 134 79 45
131 0 336 73 75 51
131 1 374 134 15 11
131 2 306 138 82 42
132 0 374 134 14 12
132 1 304 138 85 42
133 0 336 68 75 57
133 1 306 136 83 44
134 0 338 64 74 64
134 1 312 137 74 43
134 2 393 183 16 13
135 0 358 48 58 73
135 1 310 137 88 63
136 0 362 137 20 28
136 1 314 165 85 26
137 0 336 72 72 53
137 1 360 137 27 42
137 2 320 184 80 32
138 0 320 86 88 52
138 1 360 138 28 42
138 2 336 186 72 54
139 0 310 116 93 22
139 1 368 135 16 9
139 2 360 142 28 38
139 3 342 190 68 53
140 0 304 118 90 26
140 1 361 145 27 35
140 2 336 190 74 60
141 0 312 129 78 19
141 1 362 145 26 35
141 2 341 192 74 62
142 0 320 130 68 18
142 1 361 145 26 34
142 2 403 192 13 12
143 0 325 139 61 39
143 1 368 196 51 76
144 0 324 134 65 44
144 1 368 196 52 76
145 0 324 135 62 43
145 1 372 197 49 81
146 0 320 134 69 35
146 1 400 201 32 82
147 0 304 136 81 28
147 1 396 200 34 84
148 0 312 142 69 24
148 1 396 201 32 82
149 0 312 141 70 21
149 1 368 195 52 81
150 0 304 142 78 20
150 1 336 191 75 65
151 0 336 137 48 25
151 1 344 192 69 68
152 0 336 135 47 27
152 1 348 192 68 67
153 0 336 141 45 21
153 1 368 196 52 76
154 0 324 141 57 25
154 1 368 194 50 78
155 0 316 140 66 24
155 1 373 168 11 9
155 2 361 194 57 78
156 0 312 142 73 36
156 1 378 196 42 83
157 0 312 143 74 35
157 1 384 200 42 83
158 0 321 141 66 38
158 1 384 200 41 88
159 0 321 142 67 37
159 1 384 197 42 91
160 0 320 141 68 38
160 1 352 192 63 71
161 0 312 141 72 36
161 1 344 192 72 80
162 0 306 141 78 36
162 1 332 190 78 58
163 0 371 137 13 10
163 1 312 140 72 37
163 2 331 188 79 55
164 0 304 136 80 31
164 1 362 162 12 10
164 2 320 186 85 54
165 0 310 134 78 19
165 1 362 153 24 25
165 2 336 188 74 60
166 0 306 134 82 24
166 1 363 154 23 24
166 2 332 188 78 57
167 0 309 134 81 13
167 1 336 188 74 60
168 0 304 130 85 12
168 1 366 163 15 11
168 2 328 188 78 58
169 0 320 112 80 26
169 1 366 163 18 14
169 2 336 190 73 66
170 0 336 80 71 47
170 1 352 191 58 49
171 0 344 64 69 60
171 1 366 155 15 8
171 2 333 185 69 31
172 0 342 66 71 63
172 1 364 154 17 11
172 2 324 181 75 27
173 0 313 154 79 54
174 0 313 154 76 36
175 0 342 66 69 61
175 1 364 153 22 25
175 2 333 181 65 27
176 0 352 64 61 58
176 1 364 154 19 22
176 2 336 176 61 28
177 0 346 65 63 62
177 1 363 154 20 22
177 2 352 181 46 19
178 0 336 96 67 32
178 1 363 149 23 29
178 2 372 191 39 33
179 0 320 112 77 24
179 1 363 142 23 36
179 2 365 190 45 50
180 0 320 116 70 21
180 1 363 145 25 34
180 2 360 190 48 34
181 0 310 132 76 46
181 1 382 194 34 30
182 0 310 128 74 18
182 1 363 142 23 36
182 2 402 196 17 23
183 0 373 191 39 38
184 0 320 139 64 39
184 1 352 191 57 43
185 0 326 136 61 43
185 1 368 192 43 51
186 0 346 138 41 41
186 1 381 196 37 63
187 0 342 137 41 30
187 1 374 171 13 8
187 2 384 198 37 74
188 0 320 136 67 43
188 1 396 200 29 70
189 0 320 140 64 27
189 1 362 163 11 9
189 2 374 171 13 8
189 3 390 200 35 72
190 0 309 136 65 15
190 1 371 137 13 10
190 2 365 154 18 13
190 3 363 163 24 16
190 4 367 195 51 73
191 0 304 138 79 29
191 1 362 163 11 9
191 2 374 171 13 8
191 3 368 196 52 76
192 0 304 139 71 18
192 1 360 152 23 14
192 2 362 163 12 9
192 3 385 198 38 82
193 0 312 145 71 31
193 1 384 199 40 80
194 0 312 146 70 26
194 1 368 195 50 77
195 0 308 144 72 13
195 1 364 155 23 24
195 2 336 192 79 72
196 0 307 144 77 13
196 1 364 155 21 23
196 2 336 190 75 66
197 0 308 140 76 20
197 1 364 155 17 10
197 2 370 166 16 12
197 3 329 188 77 50
198 0 304 135 71 21
198 1 371 137 13 7
198 2 364 155 22 23
198 3 333 188 77 57
199 0 306 138 78 10
199 1 364 155 11 15
199 2 333 188 77 57
200 0 304 134 70 22
200 1 333 188 77 58
201 0 336 122 53 15
201 1 336 190 75 66
202 0 342 137 42 7
202 1 364 155 22 23
202 2 336 190 75 66
203 0 326 136 58 12
203 1 364 153 18 19
203 2 328 188 79 51
204 0 320 134 64 10
204 1 363 153 19 19
204 2 322 186 82 41
205 0 310 130 78 14
205 1 363 153 19 19
205 2 320 187 85 47
206 0 304 134 80 22
206 1 366 154 16 11
206 2 363 162 13 10
206 3 350 190 61 57
207 0 304 138 70 12
207 1 366 154 17 11
207 2 363 162 13 10
207 3 362 192 54 70
208 0 304 138 80 34
208 1 352 193 63 73
209 0 310 142 72 23
209 1 363 162 12 10
209 2 348 193 67 67
210 0 310 144 72 29
210 1 336 190 74 66
211 0 315 148 68 28
211 1 328 190 82 58
212 0 312 138 64 20
212 1 363 154 20 19
212 2 332 188 76 58
213 0 370 136 16 10
213 1 304 138 70 22
213 2 365 154 18 17
213 3 376 171 12 9
213 4 333 190 75 53
214 0 304 128 91 16
214 1 365 154 18 12
214 2 363 162 12 10
214 3 330 188 76 50
215 0 310 128 90 16
215 1 364 154 22 24
215 2 326 185 78 39
216 0 310 116 96 22
216 1 364 154 19 22
216 2 329 186 75 38
217 0 364 155 16 15
217 1 320 185 82 29
218 0 320 84 87 47
218 1 320 184 80 26
219 0 352 64 64 58
219 1 313 176 83 32
220 0 352 60 63 62
220 1 316 181 82 27
221 0 336 80 76 48
221 1 336 186 67 38
222 0 333 86 77 42
222 1 366 190 42 29
223 0 358 90 53 38
223 1 338 186 65 29
224 0 331 179 69 29
225 0 416 85 16 27
225 1 316 181 84 27
226 0 416 80 16 32
226 1 313 181 85 18
227 0 384 64 38 53
227 1 309 176 80 12
228 0 309 176 77 12
229 0 342 96 65 32
229 1 320 182 80 26
230 0 336 96 70 32
230 1 320 185 82 29
231 0 326 112 76 20
231 1 344 189 63 45
232 0 322 112 79 22
232 1 352 190 58 46
233 0 320 116 70 22
233 1 352 191 59 49
234 0 310 129 80 15
234 1 352 192 63 58
235 0 310 132 74 12
235 1 349 191 63 50
236 0 326 132 48 16
236 1 370 138 14 6
236 2 379 196 39 63
237 0 320 138 64 14
237 1 384 198 39 74
238 0 310 141 63 19
238 1 369 196 50 75
239 0 312 141 61 15
239 1 366 196 53 76
240 0 304 137 70 13
240 1 368 196 51 76
241 0 307 138 69 22
241 1 368 196 51 76
242 0 308 138 65 18
242 1 372 197 48 74
243 0 312 144 68 16
243 1 394 200 32 80
244 0 314 144 62 16
244 1 393 200 33 85
245 0 316 147 67 15
245 1 373 197 47 80
246 0 312 147 71 24
246 1 364 196 56 76
247 0 318 149 64 27
247 1 374 169 11 9
247 2 352 192 64 70
248 0 307 138 69 22
248 1 344 192 72 68
249 0 308 135 64 25
249 1 366 155 16 13
249 2 344 192 72 67
250 0 304 134 85 16
250 1 366 155 16 10
250 2 352 192 64 80
251 0 307 134 83 17
251 1 366 155 16 10
251 2 368 195 50 77
252 0 308 134 82 14
252 1 364 155 11 16
252 2 382 197 39 81
253 0 310 134 75 10
253 1 369 196 50 79
254 0 308 130 81 14
254 1 352 194 64 78
255 0 310 112 85 22
255 1 352 192 64 70
256 0 314 104 94 34
256 1 352 193 64 73
257 0 387 198 35 63
258 0 336 64 75 61
258 1 384 199 39 73
259 0 352 191 59 49
260 0 320 96 88 42
260 1 336 190 72 39
261 0 319 96 89 42
261 1 366 154 16 11
261 2 320 184 80 26
262 0 320 90 87 46
262 1 365 154 17 11
262 2 317 182 82 42
263 0 320 96 83 35
263 1 363 148 19 17
263 2 313 171 76 21
264 0 320 90 84 40
264 1 364 148 18 24
264 2 314 171 75 21
265 0 320 88 88 50
265 1 313 168 73 23
266 0 336 80 72 48
266 1 366 154 16 14
266 2 325 176 64 15
267 0 336 68 75 57
267 1 332 178 62 20
268 0 367 155 15 9
268 1 333 171 57 19
269 0 321 156 67 30
270 0 358 48 58 72
270 1 315 156 67 25
271 0 336 64 80 62
271 1 328 171 66 31
272 0 344 181 54 26
273 0 370 38 56 82
273 1 372 142 11 7
274 0 368 32 58 86
274 1 384 188 21 11
275 0 362 171 28 13
276 0 328 171 68 31
277 0 310 104 98 34
277 1 320 171 71 31
278 0 304 112 89 23
278 1 328 185 74 35
279 0 308 128 81 10
279 1 368 190 42 46
280 0 304 134 80 10
280 1 378 192 38 48
281 0 304 140 77 16
281 1 364 156 16 14
281 2 356 191 55 43
282 0 311 144 69 16
282 1 364 155 16 15
282 2 336 188 70 36
283 0 308 138 67 18
283 1 364 156 16 14
283 2 336 187 68 37
284 0 352 104 48 28
284 1 364 187 42 32
285 0 400 193 16 12
286 0 384 64 36 54
286 1 382 188 26 19
287 0 352 54 64 68
287 1 432 102 16 9
287 2 360 181 38 27
288 0 352 54 64 69
288 1 340 176 49 12
289 0 340 64 72 62
289 1 342 176 46 14
290 0 364 175 27 12
291 0 368 40 53 79
291 1 433 102 15 9
291 2 386 180 13 12
292 0 384 32 40 85
294 0 368 45 50 73
294 1 432 100 16 11
294 2 370 176 23 10
295 0 336 176 55 13
296 0 329 176 62 13
297 0 313 177 85 15
298 0 309 176 81 16
299 0 336 68 80 54
299 1 310 176 81 14
300 0 336 64 76 64
300 1 309 172 78 16
301 0 336 64 84 61
301 1 307 170 81 13
303 0 336 70 72 55
303 1 308 174 76 9
304 0 309 168 75 11
305 0 368 157 13 5
305 1 304 166 80 10
306 0 304 166 75 10
307 0 334 80 74 50
307 1 304 166 81 12
308 0 308 164 80 17
309 0 336 64 74 60
309 1 307 164 81 16
310 0 336 74 72 53
310 1 304 172 82 14
311 0 336 70 72 58
311 1 309 176 77 14
312 0 310 176 86 26
313 0 313 180 87 28
314 0 320 104 88 34
314 1 320 185 82 39
315 0 304 118 102 20
315 1 320 186 83 45
316 0 308 122 84 12
316 1 320 185 82 40
317 0 308 122 83 14
317 1 320 182 82 42
318 0 304 132 80 12
318 1 336 190 74 66
319 0 304 130 85 16
319 1 364 154 15 16
319 2 328 187 77 53
320 0 304 132 80 12
320 1 364 154 15 16
320 2 320 187 84 53
321 0 304 132 80 12
321 1 364 154 16 11
321 2 315 181 85 31
322 0 304 132 80 12
322 1 315 182 85 36
323 0 308 128 76 16
323 1 320 187 84 53
324 0 309 130 66 16
324 1 374 136 12 10
324 2 346 190 65 70
325 0 306 136 78 24
325 1 344 191 68 73
326 0 310 138 74 13
326 1 352 193 64 73
327 0 304 142 78 14
327 1 344 190 67 74
328 0 320 140 55 12
328 1 324 187 82 51
329 0 358 112 42 23
329 1 320 186 82 39
330 0 328 187 77 53
331 0 368 112 36 16
331 1 333 188 74 55
332 0 352 118 51 17
332 1 348 190 63 63
333 0 336 130 56 14
333 1 352 192 63 66
334 0 325 134 63 10
334 1 329 189 79 58
335 0 320 135 64 11
335 1 366 153 12 15
335 2 328 188 78 55
336 0 314 140 70 20
336 1 367 153 11 15
336 2 320 187 86 53
337 0 320 138 64 13
337 1 365 153 13 14
337 2 328 188 78 55
338 0 324 140 59 26
338 1 364 163 11 9
338 2 320 188 86 52
339 0 325 188 85 39
340 0 312 128 86 40
340 1 361 166 26 13
340 2 324 188 82 35
341 0 320 190 91 50
342 0 320 191 92 49
343 0 328 190 83 34
344 0 310 116 98 52
344 1 360 171 30 13
344 2 320 188 87 28
345 0 304 128 96 28
345 1 359 149 11 13
345 2 360 163 30 21
345 3 333 191 79 49
346 0 312 128 88 28
346 1 359 149 11 13
346 2 360 166 30 18
346 3 329 190 80 33
347 0 310 116 98 35
347 1 326 153 44 15
347 2 360 166 30 17
347 3 320 188 86 20
348 0 310 129 90 25
348 1 359 149 11 11
348 2 360 166 29 16
348 3 323 187 83 37
349 0 310 129 90 25
349 1 360 166 30 17
349 2 331 190 80 32
350 0 312 132 88 24
350 1 359 150 11 10
350 2 360 166 29 16
350 3 320 188 87 20
351 0 310 128 90 23
351 1 359 150 11 10
351 2 360 166 30 17
351 3 325 190 85 24
352 0 304 129 91 27
352 1 359 150 11 10
352 2 360 166 30 17
352 3 320 186 89 25
353 0 310 128 90 23
353 1 359 150 11 10
353 2 360 166 30 17
353 3 320 188 90 20
354 0 310 130 85 24
354 1 360 166 30 17
354 2 320 186 90 30
355 0 312 129 90 27
355 1 359 151 11 9
355 2 360 166 30 18
355 3 332 191 80 37
356 0 312 130 82 26
356 1 326 153 44 15
356 2 360 166 29 18
356 3 324 188 83 17
357 0 312 130 82 22
357 1 326 150 44 18
357 2 360 166 30 18
357 3 326 190 84 18
358 0 304 130 90 24
358 1 326 154 44 14
358 2 360 166 26 15
358 3 322 184 82 16
359 0 304 130 90 24
359 1 326 150 44 18
359 2 360 166 26 14
359 3 321 187 83 16
360 0 310 128 89 22
360 1 326 150 43 18
360 2 360 172 29 11
360 3 326 187 80 21
361 0 310 128 94 24
361 1 360 171 29 12
361 2 320 188 90 24
362 0 310 128 94 22
362 1 360 174 29 9
362 2 320 188 86 24
363 0 304 130 91 24
363 1 360 166 30 16
363 2 325 188 82 17
364 0 310 130 85 20
364 1 360 174 29 9
364 2 324 188 82 16
365 0 310 128 90 20
365 1 360 174 30 9
365 2 320 188 86 12
366 0 304 128 96 26
366 1 360 172 29 12
366 2 320 188 86 20
367 0 304 128 90 42
367 1 360 172 29 11
367 2 320 186 90 34
368 0 304 130 89 41
368 1 360 171 22 12
368 2 320 188 86 19
369 0 312 130 81 44
369 1 360 168 29 15
369 2 320 187 84 21
370 0 308 132 82 38
370 1 360 172 22 11
370 2 320 187 85 21
371 0 312 132 79 38
371 1 360 172 29 12
371 2 320 186 83 22
372 0 304 132 84 38
372 1 360 172 29 12
373 0 308 134 82 36
373 1 360 172 22 11
373 2 336 192 80 64
374 0 329 190 82 46
375 0 308 134 82 42
375 1 360 167 30 15
375 2 326 189 82 32
376 0 309 134 80 47
376 1 320 187 84 21
377 0 288 136 100 46
377 1 315 184 86 15
378 0 376 136 12 16
378 1 288 137 98 44
378 2 316 186 86 24
379 0 376 136 11 13
379 1 308 137 66 12
379 2 288 151 82 25
379 3 360 165 26 16
379 4 332 190 78 53
380 0 376 134 13 16
380 1 348 165 27 3
380 2 360 169 28 13
380 3 328 190 81 58
381 0 376 134 13 18
381 1 360 169 26 12
381 2 320 188 87 47
382 0 376 134 13 18
382 1 360 169 26 12
382 2 320 186 83 26
383 0 376 134 13 18
383 1 360 170 28 12
383 2 317 186 86 22
384 0 314 132 61 18
384 1 371 136 18 15
384 2 374 172 14 11
384 3 316 186 87 22
385 0 324 134 63 17
385 1 359 151 11 9
385 2 356 162 14 6
385 3 360 171 29 12
385 4 322 184 83 44
386 0 332 134 57 14
386 1 360 174 29 9
386 2 330 188 80 52
387 0 336 192 80 80
388 0 280 138 106 43
388 1 336 191 76 59
389 0 368 170 18 11
389 1 320 187 84 26
390 0 304 136 68 14
390 1 288 151 98 30
390 2 312 186 91 20
391 0 310 136 77 17
391 1 288 150 101 32
391 2 315 185 86 17
392 0 304 132 80 17
392 1 288 151 86 28
392 2 369 168 17 13
392 3 320 187 84 23
393 0 288 135 100 46
393 1 309 137 65 14
393 2 372 173 16 7
393 3 328 188 80 51
394 0 309 136 77 20
394 1 316 151 62 30
394 2 372 173 16 7
394 3 336 190 75 58
395 0 310 136 77 45
395 1 372 173 16 7
395 2 328 190 81 50
396 0 310 137 64 22
396 1 312 151 66 28
396 2 368 171 18 10
396 3 320 186 83 24
397 0 373 136 11 12
397 1 310 136 63 20
397 2 314 152 65 30
397 3 375 171 13 11
397 4 316 186 87 22
398 0 309 132 86 23
398 1 305 153 96 49
399 0 304 128 89 22
399 1 307 150 70 34
399 2 314 177 87 25
400 0 304 118 90 31
400 1 304 153 97 49
401 0 310 120 86 13
401 1 361 138 23 10
401 2 304 151 97 51
402 0 304 118 96 29
402 1 288 151 113 59
403 0 310 112 86 35
403 1 288 152 94 34
403 2 336 184 64 24
404 0 310 112 93 24
404 1 360 136 24 11
404 2 288 150 94 34
404 3 332 186 70 26
405 0 310 112 93 24
405 1 360 136 24 11
405 2 272 152 129 56
406 0 304 122 96 25
406 1 264 152 137 48
407 0 304 122 89 25
407 1 272 153 129 39
408 0 272 134 118 58
408 1 316 186 87 20
409 0 309 138 75 17
409 1 272 154 110 34
409 2 320 184 86 56
410 0 309 138 75 17
410 1 294 156 83 32
410 2 332 187 78 56
411 0 309 137 75 18
411 1 309 154 68 27
411 2 330 188 80 52
412 0 309 138 64 16
412 1 310 138 74 45
412 2 318 186 85 34
413 0 304 138 97 64
414 0 308 136 78 32
414 1 304 167 92 33
415 0 309 136 77 34
415 1 360 167 20 14
415 2 315 182 85 37
416 0 309 139 75 29
416 1 360 166 20 13
416 2 345 191 66 65
417 0 304 135 80 37
417 1 352 152 36 30
417 2 350 192 63 66
418 0 370 139 14 10
418 1 329 188 81 51
419 0 308 139 76 42
419 1 320 187 85 41
420 0 370 136 16 16
420 1 309 141 75 40
420 2 313 182 87 24
421 0 310 136 88 66
422 0 312 138 62 8
422 1 310 151 68 30
422 2 317 181 83 35
423 0 336 132 49 23
423 1 310 152 74 27
423 2 341 189 66 51
424 0 357 192 59 67
425 0 352 191 64 69
426 0 312 139 72 41
426 1 336 191 75 65
427 0 333 190 75 54
428 0 309 136 77 23
428 1 308 152 70 28
428 2 316 186 87 37
429 0 374 134 15 14
429 1 304 138 68 12
429 2 310 152 68 28
429 3 314 181 87 27
430 0 308 129 81 21
430 1 310 152 91 56
431 0 318 96 85 40
431 1 362 140 22 20
431 2 310 152 91 56
432 0 361 140 23 15
432 1 312 153 78 42
433 0 362 48 54 73
433 1 361 140 23 15
433 2 308 153 93 55
434 0 372 48 49 69
434 1 362 140 22 14
434 2 312 152 72 27
434 3 333 186 70 35
435 0 336 64 80 57
435 1 312 140 72 41
435 2 352 191 59 51
436 0 361 140 23 10
436 1 312 152 72 26
436 2 344 190 67 51
437 0 317 112 89 22
437 1 328 188 79 57
438 0 310 112 108 26
438 1 312 138 72 43
438 2 328 187 80 53
439 0 310 116 93 20
439 1 312 136 74 42
439 2 320 187 86 53
440 0 310 116 93 19
440 1 360 136 25 14
440 2 312 153 72 27
440 3 320 187 86 37
441 0 310 118 93 18
441 1 362 139 22 14
441 2 314 153 65 23
441 3 320 187 84 31
442 0 304 128 100 26
442 1 314 153 65 23
442 2 318 186 85 28
443 0 312 130 79 24
443 1 316 153 63 28
443 2 325 187 81 43
444 0 328 187 79 51
445 0 312 134 76 15
445 1 368 148 12 6
445 2 316 153 63 23
445 3 329 188 81 52
446 0 312 134 76 16
446 1 316 153 63 23
446 2 324 188 82 46
447 0 312 134 75 18
447 1 320 153 58 23
447 2 322 187 82 37
448 0 311 132 77 19
448 1 320 153 58 22
448 2 320 186 83 38
449 0 311 134 77 16
449 1 320 153 59 23
449 2 320 186 83 38
450 0 310 134 78 18
450 1 320 153 58 23
450 2 329 188 78 52
451 0 304 136 70 20
451 1 320 153 58 23
451 2 336 190 75 66
452 0 304 138 71 20
452 1 340 157 28 2
452 2 320 157 58 24
452 3 333 189 76 56
453 0 336 190 75 66
454 0 310 136 76 36
454 1 329 162 47 19
454 2 344 191 68 65
455 0 312 136 72 34
455 1 340 166 36 15
455 2 352 192 64 80
456 0 312 138 72 33
456 1 346 166 30 11
456 2 364 195 54 69
457 0 361 138 23 11
457 1 314 151 65 25
457 2 384 198 38 69
458 0 336 122 54 28
458 1 342 165 35 11
458 2 376 198 46 60
459 0 342 112 58 21
459 1 360 136 24 15
459 2 359 151 11 9
459 3 360 167 17 9
460 0 368 86 43 38
460 1 360 134 29 26
460 2 360 165 24 11
460 3 336 188 72 36
461 0 363 139 21 16
461 1 360 165 24 12
461 2 324 186 79 25
462 0 360 138 24 12
462 1 360 167 19 11
462 2 341 190 69 54
463 0 312 134 78 16
463 1 365 167 13 9
463 2 336 194 80 40
464 0 312 136 74 16
464 1 367 162 12 14
464 2 331 193 82 39
465 0 312 132 76 35
465 1 345 194 73 57
466 0 312 134 76 33
467 0 340 192 76 54
468 0 312 136 72 32
468 1 328 188 80 52
469 0 312 136 72 32
469 1 320 187 85 37
470 0 310 139 74 29
470 1 336 189 72 62
471 0 310 138 74 30
471 1 352 192 64 64
472 0 372 136 12 13
472 1 360 138 24 19
472 2 314 154 57 21
472 3 364 169 19 7
472 4 360 195 58 69
473 0 369 136 15 11
473 1 360 141 14 6
473 2 314 153 57 23
473 3 341 192 75 59
474 0 369 136 15 12
474 1 313 153 67 19
474 2 361 167 23 10
474 3 336 192 80 58
475 0 371 136 13 9
475 1 313 153 68 21
475 2 360 167 24 12
475 3 352 194 64 60
476 0 360 138 13 14
476 1 316 154 55 25
476 2 362 196 56 49
477 0 359 138 25 14
477 1 316 153 66 31
477 2 365 165 19 11
477 3 344 192 72 51
478 0 360 134 27 18
478 1 316 152 66 32
478 2 364 165 20 11
479 0 370 136 14 11
479 1 313 148 67 25
479 2 360 167 24 10
479 3 388 200 37 88
480 0 360 136 24 15
480 1 313 152 71 24
480 2 360 166 20 10
480 3 357 195 61 72
481 0 370 136 14 10
481 1 313 148 67 28
481 2 360 167 24 10
481 3 336 190 75 66
482 0 310 138 74 38
482 1 360 167 24 9
482 2 320 184 90 51
483 0 310 136 74 32
483 1 362 167 22 10
483 2 318 180 85 35
484 0 312 138 72 31
484 1 360 168 24 11
484 2 336 191 76 53
485 0 312 137 72 31
485 1 359 167 25 10
485 2 340 196 78 24
486 0 376 134 11 12
486 1 360 166 20 10
486 2 333 192 83 29
487 0 312 131 84 17
487 1 328 181 82 21
488 0 313 122 87 26
488 1 320 186 88 22
489 0 313 128 87 20
489 1 320 188 87 26
490 0 360 134 27 11
490 1 326 191 83 16
491 0 323 180 83 12
492 0 360 134 27 11
492 1 318 179 85 18
493 0 360 134 27 17
493 1 316 179 85 17
494 0 360 134 27 11
494 1 316 179 85 17
495 0 315 165 86 33
496 0 350 138 34 22
496 1 315 165 86 35
497 0 320 100 87 26
497 1 316 165 85 36
498 0 361 138 23 11
499 0 320 116 88 12
500 0 320 102 86 26
500 1 362 137 22 18
501 0 320 106 88 21
502 0 320 106 89 20
502 1 362 138 22 21
503 0 320 106 84 25
503 1 362 137 24 18
504 0 320 112 84 19
504 1 362 138 22 12
505 0 320 116 86 18
505 1 363 137 23 18
506 0 318 114 85 21
506 1 361 139 23 16
507 0 310 112 93 19
507 1 363 139 21 16
508 0 314 112 89 19
508 1 364 138 20 17
509 0 310 122 90 15
509 1 363 139 20 21
510 0 364 142 12 18
511 0 328 189 83 67
512 0 325 188 82 41
514 0 312 128 87 25
515 0 310 118 90 17
515 1 362 138 22 15
516 0 310 116 89 18
516 1 363 137 22 22
517 0 310 122 90 15
518 0 314 112 87 21
519 0 310 116 90 17
519 1 364 137 21 23
520 0 310 112 91 22
520 1 361 137 25 18
521 0 310 112 91 21
521 1 362 137 22 22
522 0 310 112 91 21
522 1 363 138 21 21
523 0 310 118 90 13
523 1 363 137 21 17
524 0 310 124 90 20
524 1 364 137 20 18
525 0 311 130 84 13
525 1 364 138 20 22
526 0 377 174 11 8
526 1 320 186 86 41
527 0 377 177 11 4
527 1 328 188 78 52
528 0 328 190 82 59
529 0 346 162 30 19
529 1 320 188 90 61
530 0 312 132 75 27
531 0 306 130 90 29
531 1 356 165 28 14
532 0 308 116 87 18
532 1 362 135 22 25
533 0 310 112 90 21
533 1 364 137 21 18
534 0 319 102 82 32
534 1 364 136 22 19
534 2 382 182 23 29
535 0 364 137 21 18
535 1 388 181 17 22
536 0 384 181 23 23
537 0 312 106 89 28
538 0 320 96 83 35
539 0 310 112 90 21
539 1 364 136 22 19
539 2 382 180 20 20
540 0 317 106 84 27
540 1 361 136 25 12
540 2 372 178 33 20
541 0 320 100 81 33
541 1 361 136 25 12
541 2 384 180 21 20
542 0 320 96 81 37
542 1 362 137 23 13
542 2 390 180 13 10
543 0 320 90 84 41
543 1 362 137 22 17
543 2 390 180 14 12
544 0 336 68 72 57
544 1 363 138 21 16
545 0 352 54 61 70
545 1 362 137 23 22
545 2 352 162 32 19
545 3 341 186 61 30
546 0 336 68 82 56
546 1 362 137 23 23
546 2 352 162 27 17
546 3 380 192 33 32
547 0 310 116 92 17
547 1 346 162 29 15
547 2 376 172 12 10
547 3 326 188 79 33
548 0 310 112 90 21
549 0 310 112 92 21
549 1 360 162 12 13
550 0 317 106 83 26
550 1 356 138 29 22
550 2 360 162 14 14
551 0 319 112 82 21
552 0 314 112 87 21
552 1 340 137 45 38
553 0 310 118 90 15
554 0 310 116 90 16
554 1 362 137 23 21
555 0 310 118 92 15
555 1 362 136 22 22
555 2 356 162 17 16
556 0 364 136 20 11
557 0 346 159 42 23
559 0 346 159 33 20
559 1 312 185 90 31
560 0 325 187 82 51
561 0 342 147 46 35
561 1 344 192 69 64
562 0 344 192 69 64
563 0 320 190 91 60
564 0 320 188 86 44
565 0 312 186 91 38
566 0 343 147 31 31
566 1 375 176 13 6
567 0 310 112 92 25
567 1 362 140 22 10
568 0 369 142 15 2
568 1 316 162 82 40
569 0 362 139 22 9
569 1 358 160 12 18
569 2 347 184 54 22
570 0 336 64 80 65
570 1 364 140 20 7
570 2 359 159 16 20
570 3 348 182 52 26
571 0 320 80 90 50
571 1 364 138 20 10
571 2 356 159 16 21
572 0 320 96 84 36
572 1 365 142 16 6
572 2 344 160 32 18
573 0 319 106 81 26
573 1 365 142 16 6
574 0 317 106 83 26
574 1 364 142 17 6
575 0 320 106 80 27
575 1 363 137 21 15
576 0 310 112 90 21
576 1 363 137 21 21
577 0 320 106 82 26
577 1 364 142 17 5
578 0 320 106 80 27
578 1 362 139 22 9
579 0 320 112 82 20
579 1 361 140 23 8
580 0 320 112 81 20
580 1 361 136 23 11
581 0 320 112 81 20
581 1 362 137 22 8
582 0 318 112 82 21
582 1 361 139 23 13
582 2 313 168 96 29
583 0 361 139 23 13
583 1 310 150 84 40
584 0 364 137 20 8
584 1 357 148 13 11
584 2 312 165 82 23
585 0 318 116 85 15
585 1 361 138 23 8
585 2 313 175 87 19
586 0 320 116 84 14
586 1 362 137 22 11
586 2 315 175 85 25
587 0 318 121 82 16
587 1 362 137 22 11
587 2 360 165 20 14
587 3 320 182 81 26
588 0 324 114 80 21
588 1 362 136 24 12
588 2 360 168 28 13
588 3 320 186 83 14
589 0 320 116 88 19
589 1 355 136 31 19
589 2 331 163 39 13
589 3 371 174 17 7
589 4 320 187 85 21
590 0 361 139 23 13
590 1 323 179 80 12
591 0 342 88 79 29
591 1 361 140 23 6
591 2 321 152 80 40
592 0 336 100 80 24
592 1 360 137 24 11
592 2 341 163 29 5
592 3 320 169 80 19
593 0 336 102 79 27
593 1 360 134 27 16
593 2 341 163 29 5
593 3 319 173 81 17
594 0 326 104 90 24
594 1 360 134 27 16
594 2 322 153 53 15
594 3 314 174 86 16
595 0 326 106 86 18
595 1 360 134 27 16
595 2 341 163 34 5
595 3 314 172 86 17
596 0 320 100 92 24
596 1 360 138 24 8
596 2 344 150 22 6
596 3 341 163 34 5
596 4 314 169 86 19
597 0 320 106 91 22
597 1 322 136 62 31
597 2 312 164 85 22
598 0 320 112 90 16
598 1 361 139 23 7
598 2 312 145 71 36
599 0 320 112 87 16
599 1 360 136 24 18
599 2 312 155 71 25
600 0 320 116 86 17
600 1 344 136 40 22
600 2 304 165 95 27
601 0 320 128 80 18
601 1 362 136 24 12
601 2 360 166 23 13
601 3 376 177 11 4
601 4 326 188 84 34
602 0 288 128 111 40
602 1 346 164 35 15
602 2 320 188 86 32
603 0 290 128 109 48
603 1 320 188 85 24
604 0 373 134 15 16
604 1 320 188 90 40
605 0 304 130 95 49
605 1 320 188 87 30
606 0 304 130 94 50
606 1 320 187 84 21
607 0 320 122 80 25
607 1 323 138 63 27
607 2 348 163 33 17
607 3 319 186 84 22
608 0 320 118 82 25
608 1 360 136 26 17
608 2 348 163 33 18
608 3 320 186 83 16
609 0 320 122 80 22
609 1 361 138 13 15
609 2 348 163 32 16
609 3 320 186 84 22
610 0 320 120 82 24
610 1 369 136 17 13
610 2 348 163 32 6
610 3 321 179 83 16
611 0 320 112 84 20
611 1 360 134 27 15
611 2 344 150 22 6
611 3 352 163 18 5
611 4 361 165 19 11
611 5 321 182 83 20
612 0 320 118 84 17
612 1 361 136 23 10
612 2 359 147 11 7
612 3 348 163 33 15
612 4 320 187 86 31
613 0 320 124 80 20
613 1 360 136 24 17
613 2 360 166 20 13
613 3 322 187 84 21
614 0 320 122 80 22
614 1 361 138 13 8
614 2 348 163 22 5
614 3 320 186 83 22
615 0 320 116 80 22
615 1 351 164 26 15
615 2 320 187 84 21
616 0 320 112 82 20
616 1 361 136 23 10
616 2 360 166 16 13
616 3 320 186 83 22
617 0 320 122 80 16
617 1 360 138 13 16
617 2 360 166 20 13
617 3 328 190 82 37
618 0 316 132 75 19
618 1 360 167 20 12
618 2 320 185 85 23
619 0 317 130 74 24
619 1 360 167 19 11
619 2 320 187 86 21
620 0 316 132 75 35
620 1 360 167 17 11
620 2 320 187 84 19
621 0 316 130 77 21
621 1 360 168 18 9
621 2 323 188 84 33
622 0 315 132 75 18
622 1 356 166 21 13
622 2 331 190 79 42
623 0 315 132 72 20
623 1 352 166 25 13
623 2 340 192 71 48
624 0 314 139 58 17
624 1 363 167 17 12
624 2 331 190 80 49
625 0 312 137 56 15
625 1 320 190 90 42
626 0 312 137 63 17
626 1 363 166 17 9
626 2 321 188 85 30
627 0 312 134 75 17
627 1 361 159 23 19
627 2 320 187 84 28
628 0 312 134 75 14
628 1 341 159 40 19
628 2 341 192 73 54
629 0 312 134 76 15
629 1 360 159 23 19
629 2 336 192 79 48
630 0 360 167 20 12
630 1 336 192 80 48
631 0 360 138 13 8
631 1 292 149 79 22
631 2 361 165 19 14
631 3 320 190 89 30
632 0 294 137 94 28
632 1 354 163 26 15
632 2 332 192 80 40
633 0 376 134 12 16
633 1 354 163 26 15
633 2 326 190 84 30
634 0 310 136 78 30
634 1 351 163 26 16
634 2 320 187 86 21
635 0 314 136 74 29
635 1 352 163 25 16
635 2 317 186 85 22
636 0 311 135 77 30
636 1 352 163 28 17
636 2 320 186 83 23
637 0 317 135 71 31
637 1 352 163 24 16
637 2 318 186 85 18
638 0 317 135 71 31
638 1 352 163 22 5
638 2 363 166 17 9
638 3 318 186 85 16
639 0 314 135 74 31
639 1 352 163 22 5
639 2 320 187 85 25
640 0 314 135 74 31
640 1 352 164 24 15
640 2 322 184 84 40
641 0 314 134 73 34
641 1 360 166 17 8
641 2 317 187 87 21
642 0 313 134 74 19
642 1 352 166 25 13
642 2 317 186 85 28
643 0 312 135 76 40
643 1 314 185 87 19
644 0 376 134 12 10
644 1 313 136 61 17
644 2 356 167 21 7
644 3 314 182 86 20
645 0 313 134 74 16
645 1 357 168 23 11
645 2 317 184 83 24
646 0 312 135 76 15
646 1 316 153 56 23
646 2 317 185 84 23
647 0 312 134 75 16
647 1 316 153 64 26
647 2 315 184 85 18
648 0 312 134 76 14
648 1 351 166 25 13
648 2 314 176 86 15
649 0 312 131 76 14
649 1 304 155 92 32
650 0 306 121 94 15
650 1 368 137 16 8
650 2 272 149 125 42
651 0 310 122 89 15
651 1 363 136 21 11
651 2 313 148 81 42
652 0 304 118 95 20
652 1 365 136 20 10
652 2 272 153 100 25
653 0 310 122 89 15
653 1 365 136 21 11
653 2 272 153 101 25
654 0 310 128 85 9
654 1 365 138 19 10
654 2 280 154 117 35
655 0 312 132 79 13
655 1 312 175 88 17
656 0 309 130 79 18
656 1 357 154 13 6
656 2 314 175 84 25
657 0 310 120 82 25
657 1 288 150 109 52
658 0 272 122 116 52
658 1 360 168 18 11
658 2 320 176 79 31
659 0 256 136 130 39
659 1 304 176 95 16
660 0 312 176 87 17
661 0 311 118 81 27
661 1 256 141 144 59
662 0 310 118 85 16
662 1 256 137 143 50
663 0 314 112 86 23
663 1 370 136 14 10
664 0 314 112 86 23
664 1 288 138 108 48
665 0 320 112 80 20
665 1 384 180 25 17
666 0 320 114 80 19
666 1 384 180 24 14
667 0 320 108 82 24
667 1 368 136 16 8
667 2 385 180 23 17
668 0 320 112 80 21
668 1 368 136 18 8
668 2 385 180 21 14
669 0 320 100 82 30
669 1 368 136 16 8
669 2 386 179 20 16
670 0 320 118 83 14
670 1 256 138 147 58
671 0 320 120 80 26
671 1 361 136 23 10
671 2 264 151 139 39
672 0 311 121 89 11
672 1 361 139 23 8
672 2 344 153 26 13
672 3 317 175 84 14
673 0 320 116 81 16
673 1 368 138 18 7
673 2 338 144 32 14
673 3 312 162 87 25
674 0 320 114 80 19
674 1 361 139 23 9
674 2 358 149 11 5
674 3 313 154 55 18
674 4 373 174 11 4
674 5 391 181 12 9
675 0 320 114 80 21
675 1 358 136 28 18
675 2 313 154 55 24
675 3 392 182 13 10
676 0 320 116 82 16
676 1 363 136 23 16
676 2 313 153 55 23
676 3 387 178 23 17
677 0 320 114 82 17
677 1 363 136 23 16
677 2 312 166 85 25
678 0 314 112 86 21
678 1 368 138 16 7
678 2 306 154 65 27
679 0 311 116 90 18
679 1 304 139 80 27
679 2 310 168 86 22
680 0 310 120 91 12
680 1 294 139 90 31
680 2 310 166 87 24
681 0 310 118 91 14
681 1 368 139 16 5
681 2 311 165 85 21
682 0 314 112 86 21
682 1 256 139 128 31
682 2 310 173 86 15
683 0 304 112 96 21
684 0 310 112 90 20
685 0 314 96 86 37
685 1 364 137 20 8
685 2 256 150 114 26
685 3 391 181 12 9
686 0 317 98 85 33
686 1 360 138 12 8
686 2 272 150 101 29
686 3 392 183 14 11
687 0 310 102 90 31
687 1 361 136 23 10
688 0 310 112 90 20
688 1 288 140 96 38
688 2 393 183 11 11
689 0 326 86 82 42
689 1 306 136 78 40
689 2 376 174 12 6
689 3 390 181 13 10
690 0 326 88 82 40
690 1 309 136 77 40
690 2 376 174 11 6
690 3 391 181 12 9
691 0 336 70 76 54
691 1 309 136 77 39
691 2 390 181 13 9
692 0 309 137 75 37
692 1 372 173 16 7
693 0 320 100 86 31
693 1 309 139 75 37
693 2 376 174 11 6
693 3 390 181 13 9
694 0 320 100 84 30
694 1 309 139 75 37
694 2 376 174 11 6
694 3 390 181 13 11
695 0 320 108 84 22
695 1 304 139 80 39
695 2 373 176 14 3
695 3 390 181 14 11
696 0 318 112 82 21
696 1 294 139 90 37
696 2 372 173 14 8
696 3 387 183 17 8
697 0 318 105 82 28
697 1 390 181 15 11
698 0 320 96 84 34
698 1 372 136 12 12
698 2 308 138 79 42
698 3 390 181 13 10
699 0 326 86 81 42
699 1 310 136 77 44
699 2 390 181 13 9
700 0 312 139 72 33
700 1 366 172 19 8
700 2 390 181 14 10
701 0 337 64 74 62
701 1 315 137 72 43
702 0 320 90 88 36
702 1 315 139 69 37
703 0 310 120 85 28
703 1 377 174 11 7
703 2 344 184 56 22
704 0 310 134 78 30
704 1 374 172 11 8
704 2 364 190 46 34
705 0 312 135 74 11
705 1 374 172 13 8
705 2 352 185 54 39
706 0 373 136 11 16
706 1 356 166 24 13
706 2 331 187 73 37
707 0 373 136 11 16
707 1 317 138 57 14
707 2 356 165 29 15
707 3 328 187 76 37
708 0 320 135 54 13
708 1 358 154 13 22
708 2 349 192 63 50
709 0 344 116 47 30
709 1 272 153 98 23
709 2 352 194 64 52
710 0 361 136 23 10
710 1 341 154 28 21
710 2 352 194 64 62
711 0 365 128 23 19
711 1 358 154 12 17
711 2 364 197 56 61
712 0 358 128 30 16
712 1 358 144 11 8
712 2 373 175 14 6
712 3 368 198 54 60
713 0 346 136 22 24
713 1 373 175 14 6
713 2 384 201 44 71
714 0 336 137 48 20
714 1 396 202 36 56
715 0 334 136 36 18
715 1 420 204 17 59
716 0 352 96 55 37
716 1 344 139 40 17
716 2 432 206 12 58
717 0 365 139 19 5
717 1 357 144 12 10
717 2 366 173 21 7
717 3 432 206 16 50
718 0 400 80 26 36
718 1 357 140 27 14
718 2 368 172 18 9
718 3 448 207 16 49
719 0 404 80 28 32
719 1 356 140 28 12
719 2 368 172 18 9
719 3 457 205 23 51
720 0 406 80 26 32
720 1 357 140 27 18
720 2 373 175 12 5
720 3 458 205 22 51
721 0 448 80 16 28
721 1 365 139 19 5
721 2 359 144 11 16
721 3 365 172 19 8
721 4 458 205 22 54
722 0 365 139 19 5
722 1 357 144 12 8
722 2 444 207 16 65
723 0 472 86 40 40
723 1 365 139 19 10
723 2 376 175 11 5
724 0 464 86 48 46
724 1 360 139 24 9
724 2 356 152 13 15
724 3 376 175 11 5
725 0 464 80 58 52
725 1 360 139 24 9
725 2 356 152 12 18
725 3 376 175 11 5
725 4 373 198 49 34
726 0 470 80 52 47
726 1 362 140 22 10
726 2 360 166 13 9
726 3 353 174 47 16
727 0 470 70 42 53
727 1 368 140 16 6
727 2 345 173 59 18
728 0 469 72 43 51
728 1 365 140 19 7
728 2 350 192 65 21
729 0 469 80 49 43
729 1 365 141 19 6
729 2 360 195 58 32
730 0 470 84 52 42
730 1 362 137 24 29
731 0 470 81 52 45
731 1 366 142 15 26
731 2 438 208 13 32
732 0 470 80 58 46
732 1 362 153 19 18
732 2 416 206 28 34
733 0 472 86 51 39
733 1 362 160 18 14
733 2 432 207 16 33
734 0 464 80 64 52
734 1 363 155 23 23
734 2 466 196 24 38
735 0 464 80 64 52
735 1 464 180 48 44
736 0 473 80 55 48
736 1 476 185 52 33
737 0 476 96 52 34
737 1 464 202 32 50
738 0 475 96 53 35
738 1 464 202 28 54
739 0 475 96 53 35
740 0 475 96 53 35
741 0 475 96 53 35
742 0 477 96 51 34
742 1 357 198 67 20
743 0 477 96 51 34
743 1 355 181 84 30
744 0 477 96 51 34
744 1 352 182 59 11
745 0 475 96 53 35
745 1 364 154 13 10
745 2 352 191 61 17
746 0 477 96 51 34
746 1 397 197 23 15
747 0 366 155 11 7
748 0 464 64 32 54
748 1 363 152 11 9
748 2 422 205 20 31
749 0 364 144 15 19
749 1 384 201 48 71
750 0 364 144 13 14
750 1 365 203 65 59
751 0 365 142 12 24
751 1 366 203 64 53
752 0 400 70 53 37
752 1 362 153 18 11
752 2 336 198 86 24
753 0 390 74 58 38
753 1 365 144 17 24
753 2 329 192 83 16
754 0 390 80 58 32
754 1 435 107 13 3
754 2 364 142 17 26
754 3 328 189 83 14
755 0 382 96 50 16
755 1 364 142 18 28
755 2 325 186 85 18
756 0 374 100 55 17
756 1 362 143 20 26
756 2 328 190 83 17
757 0 374 96 56 26
757 1 365 139 17 29
757 2 320 190 88 22
758 0 374 100 53 27
758 1 362 141 20 31
758 2 330 186 82 22
759 0 384 102 38 22
759 1 364 137 20 31
759 2 329 181 79 14
760 0 376 100 43 22
760 1 363 137 22 13
760 2 362 147 20 24
760 3 324 185 83 13
761 0 384 70 50 40
761 1 363 137 22 26
761 2 362 162 13 11
761 3 332 192 84 48
762 0 390 70 42 42
762 1 362 137 23 36
762 2 329 191 82 39
763 0 400 74 32 38
763 1 362 137 23 36
763 2 333 194 83 40
764 0 362 137 22 36
764 1 352 197 67 50
765 0 363 137 21 14
765 1 362 162 13 11
765 2 368 197 52 59
766 0 363 137 22 14
766 1 365 148 17 16
766 2 368 197 52 59
767 0 432 80 32 28
767 1 363 137 22 14
767 2 365 148 17 16
767 3 388 197 33 48
768 0 363 137 22 14
768 1 362 148 20 18
768 2 406 200 18 42
769 0 400 95 24 20
769 1 364 137 20 30
770 0 400 96 19 22
770 1 365 137 19 28
770 2 452 206 26 34
771 0 400 102 16 18
771 1 366 154 16 11
771 2 432 208 16 58
772 0 390 96 29 22
772 1 362 152 21 17
772 2 400 202 32 62
773 0 400 96 19 22
773 1 362 152 20 17
773 2 416 203 19 55
774 0 400 100 17 20
774 1 366 154 16 11
774 2 416 205 26 53
775 0 384 96 35 23
775 1 363 160 11 10
775 2 448 206 32 50
776 0 435 107 13 3
776 1 464 201 32 55
777 0 464 202 32 54
778 0 448 94 16 14
778 1 464 201 32 55
779 0 432 96 16 15
780 0 442 206 16 68
781 0 462 100 12 16
781 1 442 207 22 65
782 0 470 96 22 30
782 1 362 153 18 18
782 2 456 206 24 47
783 0 472 96 40 31
783 1 363 153 17 18
784 0 476 96 36 32
784 1 365 153 15 14
785 0 476 96 52 36
785 1 362 153 18 14
785 2 474 189 46 34
786 0 476 102 47 31
786 1 362 153 18 15
786 2 474 187 48 37
787 0 467 102 61 38
787 1 475 186 47 38
788 0 467 96 58 44
788 1 475 186 47 38
789 0 477 96 51 38
789 1 476 186 46 32
790 0 477 96 51 40
790 1 365 154 16 9
790 2 476 182 52 26
791 0 477 96 51 38
791 1 464 172 64 30
792 0 477 96 51 40
792 1 464 172 65 28
793 0 477 96 51 40
793 1 367 157 14 8
793 2 468 168 60 32
794 0 478 96 50 38
794 1 368 154 13 11
794 2 464 172 65 30
795 0 477 96 51 40
795 1 368 154 13 11
796 0 477 96 51 40
796 1 367 157 14 9
797 0 477 96 51 40
797 1 367 157 14 8
798 0 476 96 52 42
798 1 367 157 14 8
799 0 476 96 52 40
799 1 367 157 14 8
800 0 469 80 47 44
800 1 367 158 14 2
801 0 470 80 58 46
801 1 474 188 22 20
802 0 470 80 52 46
802 1 363 157 18 3
802 2 474 192 22 26
803 0 470 80 58 46
803 1 363 157 18 3
803 2 472 186 39 32
804 0 471 80 57 48
804 1 363 157 18 3
804 2 472 192 20 32
805 0 465 86 58 46
805 1 363 157 18 3
805 2 468 176 60 36
806 0 468 80 60 53
806 1 368 154 13 8
806 2 464 172 64 34
807 0 477 86 51 44
807 1 365 144 14 19
807 2 477 174 51 34
808 0 366 144 13 19
808 1 464 172 64 34
809 0 475 96 53 35
809 1 475 174 63 34
810 0 468 86 60 47
810 1 365 143 16 20
810 2 478 179 50 32
811 0 470 88 42 41
811 1 365 144 16 19
811 2 476 186 52 38
812 0 475 96 37 37
812 1 366 144 14 16
812 2 476 186 52 38
813 0 477 109 35 25
813 1 366 144 15 18
813 2 476 188 52 40
814 0 471 112 57 32
814 1 476 186 50 38
815 0 467 115 61 29
816 0 480 110 48 31
816 1 476 192 36 48
817 0 480 102 48 36
817 1 474 197 38 43
818 0 480 102 48 36
818 1 472 192 40 48
819 0 471 100 57 41
819 1 475 192 47 48
820 0 475 88 49 40
820 1 475 192 44 37
821 0 467 64 39 56
821 1 476 186 52 38
822 0 470 86 38 40
822 1 476 186 52 38
823 0 469 86 23 35
823 1 472 192 40 48
824 0 366 155 11 7
825 0 420 98 16 14
825 1 434 206 11 70
826 0 364 154 11 9
827 0 370 114 36 15
827 1 364 154 11 9
827 2 386 202 43 76
828 0 354 131 34 18
828 1 362 152 13 17
828 2 360 196 64 70
829 0 352 140 17 12
829 1 371 141 13 3
829 2 362 154 12 15
829 3 368 196 56 76
830 0 352 137 32 13
830 1 362 154 11 15
830 2 376 198 50 80
831 0 346 138 38 12
832 0 341 112 79 16
832 1 362 156 18 14
832 2 438 208 20 76
833 0 344 106 82 22
833 1 362 156 19 14
833 2 438 208 18 76
834 0 352 106 83 35
834 1 432 208 22 77
835 0 352 106 72 32
835 1 436 208 22 74
836 0 352 106 64 43
836 1 432 208 16 74
837 0 342 107 74 41
837 1 425 206 14 77
838 0 340 106 76 28
839 0 376 205 59 51
840 0 358 54 68 60
840 1 360 204 71 36
841 0 362 64 62 51
841 1 433 102 15 9
841 2 352 201 76 39
842 0 352 80 80 36
842 1 368 203 62 53
843 0 384 48 51 62
843 1 415 205 23 63
844 0 366 156 16 6
844 1 432 208 13 53
845 0 416 38 32 74
845 1 367 158 15 4
845 2 453 208 11 16
846 0 367 158 15 4
847 0 400 38 48 74
847 1 364 157 18 5
847 2 475 186 40 32
848 0 400 48 48 64
848 1 475 186 44 33
849 0 365 156 17 18
849 1 472 192 34 43
850 0 467 197 34 46
851 0 467 198 39 44
852 0 471 86 41 42
852 1 474 192 35 48
853 0 472 86 40 41
853 1 475 192 37 42
854 0 470 80 52 48
854 1 367 156 15 15
854 2 474 189 46 35
855 0 471 80 57 45
855 1 367 156 18 22
855 2 475 186 37 38
856 0 470 84 52 42
856 1 367 156 19 22
856 2 474 189 46 29
857 0 470 80 52 46
857 1 366 155 21 23
857 2 454 205 14 17
858 0 470 80 52 46
858 1 366 155 18 15
858 2 425 205 12 17
859 0 470 80 52 46
859 1 366 155 18 15
859 2 404 191 20 12
860 0 470 80 52 46
860 1 366 155 17 15
861 0 472 80 56 46
861 1 366 155 16 15
862 0 470 84 52 43
862 1 366 155 21 22
863 0 472 80 56 46
863 1 366 155 21 22
864 0 469 70 43 52
864 1 366 155 16 15
865 0 469 70 43 52
865 1 365 154 17 16
866 0 464 64 42 52
866 1 366 155 21 22
866 2 472 192 18 20
867 0 464 64 48 53
867 1 366 155 19 22
867 2 467 196 13 24
868 0 464 64 48 52
868 1 366 155 14 15
869 0 466 64 46 56
869 1 366 155 14 15
870 0 467 68 45 52
870 1 366 155 14 15
871 0 467 70 45 50
871 1 366 154 14 16
871 2 478 174 17 17
872 0 464 64 48 56
872 1 367 150 13 20
873 0 466 64 46 56
873 1 364 150 20 23
873 2 464 168 64 34
874 0 467 70 45 50
874 1 365 150 19 23
874 2 466 173 63 29
