0 -1
1 1
2 1
3 1
4 1
5 1
6 -1
7 1
8 1
9 1
10 1
11 1
12 1
13 1
14 1
15 1
16 1
17 1
18 1
19 -1
20 1
21 1
22 1
23 1
24 1
25 1
26 1
27 1
28 1
29 1
30 1
31 1
32 1
33 1
34 0
35 0
36 0
37 1
38 1
39 1
40 1
41 1
42 1
43 1
44 1
45 1
46 1
47 1
48 1
49 1
50 1
51 1
52 1
53 1
54 1
55 1
56 1
57 1
58 1
59 1
60 1
61 1
62 1
63 1
64 1
65 0
66 1
67 1
68 1
69 0
70 1
71 1
72 0
73 1
74 1
75 0
76 1
77 1
78 0
79 0
80 0
81 0
82 0
83 1
84 1
85 1
86 1
87 1
88 0
89 0
90 0
91 1
92 1
93 1
94 1
95 1
96 0
97 0
98 0
99 0
100 0
101 0
102 0
103 0
104 1
105 0
106 1
107 0
108 1
109 0
110 0
111 1
112 0
113 0
114 0
115 0
116 0
117 0
118 0
119 1
120 1
121 1
122 1
123 -1
124 1
125 1
126 1
127 1
128 1
129 1
130 1
131 0
132 1
133 1
134 0
135 1
136 1
137 0
138 0
139 0
140 0
141 0
142 0
143 1
144 1
145 1
146 1
147 1
148 1
149 1
150 1
151 1
152 1
153 1
154 1
155 1
156 1
157 1
158 1
159 1
160 1
161 1
162 1
163 0
164 1
165 1
166 1
167 1
168 1
169 1
170 1
171 0
172 0
173 1
174 1
175 0
176 0
177 1
178 1
179 1
180 1
181 1
182 1
183 1
184 1
185 1
186 1
187 1
188 1
189 0
190 0
191 0
192 0
193 1
194 1
195 0
196 0
197 0
198 0
199 1
200 1
201 1
202 1
203 1
204 1
205 1
206 0
207 0
208 1
209 0
210 1
211 1
212 1
213 0
214 0
215 0
216 0
217 1
218 1
219 1
220 1
221 1
222 1
223 1
224 1
225 1
226 1
227 1
228 1
229 1
230 1
231 1
232 1
233 1
234 1
235 1
236 0
237 1
238 1
239 1
240 1
241 1
242 1
243 1
244 1
245 1
246 1
247 0
248 1
249 1
250 1
251 1
252 1
253 1
254 1
255 1
256 1
257 1
258 1
259 1
260 1
261 1
262 1
263 1
264 1
265 1
266 1
267 1
268 1
269 1
270 1
271 1
272 1
273 1
274 1
275 1
276 1
277 1
278 1
279 1
280 1
281 1
282 0
283 0
284 1
285 1
286 1
287 1
288 1
289 1
290 1
291 0
292 1
293 -1
294 0
295 1
296 1
297 1
298 1
299 1
300 1
301 1
302 -1
303 1
304 1
305 1
306 1
307 1
308 1
309 1
310 1
311 1
312 1
313 1
314 1
315 1
316 1
317 1
318 1
319 1
320 1
321 1
322 1
323 1
324 1
325 1
326 1
327 1
328 1
329 1
330 1
331 1
332 1
333 1
334 1
335 1
336 1
337 1
338 1
339 1
340 0
341 1
342 1
343 1
344 0
345 0
346 0
347 0
348 0
349 0
350 0
351 0
352 0
353 0
354 0
355 0
356 0
357 0
358 0
359 0
360 0
361 0
362 0
363 0
364 0
365 0
366 0
367 0
368 0
369 0
370 0
371 0
372 1
373 0
374 1
375 1
376 1
377 1
378 0
379 0
380 0
381 0
382 0
383 0
384 0
385 0
386 0
387 1
388 1
389 1
390 0
391 0
392 0
393 0
394 0
395 0
396 0
397 0
398 1
399 0
400 1
401 1
402 1
403 0
404 0
405 1
406 1
407 1
408 1
409 0
410 0
411 0
412 0
413 1
414 1
415 1
416 1
417 0
418 1
419 1
420 0
421 1
422 0
423 0
424 1
425 1
426 1
427 1
428 0
429 0
430 1
431 0
432 1
433 0
434 0
435 0
436 0
437 1
438 0
439 0
440 0
441 0
442 0
443 0
444 1
445 0
446 0
447 0
448 0
449 0
450 0
451 0
452 0
453 1
454 0
455 0
456 0
457 0
458 0
459 0
460 0
461 0
462 0
463 0
464 0
465 1
466 1
467 1
468 1
469 1
470 1
471 1
472 0
473 0
474 0
475 0
476 0
477 0
478 0
479 0
480 0
481 0
482 0
483 0
484 0
485 0
486 0
487 1
488 1
489 1
490 1
491 1
492 1
493 1
494 1
495 1
496 1
497 1
498 1
499 1
500 1
501 1
502 1
503 1
504 1
505 1
506 1
507 1
508 1
509 1
510 1
511 1
512 1
513 -1
514 1
515 1
516 1
517 1
518 1
519 1
520 1
521 1
522 1
523 1
524 1
525 1
526 1
527 1
528 1
529 1
530 1
531 1
532 1
533 1
534 0
535 1
536 1
537 1
538 1
539 0
540 0
541 0
542 0
543 0
544 1
545 0
546 0
547 0
548 1
549 1
550 1
551 1
552 1
553 1
554 1
555 0
556 1
557 1
558 -1
559 1
560 1
561 1
562 1
563 1
564 1
565 1
566 1
567 1
568 1
569 0
570 0
571 0
572 0
573 1
574 1
575 1
576 1
577 1
578 1
579 1
580 1
581 1
582 0
583 1
584 0
585 0
586 0
587 0
588 0
589 0
590 1
591 0
592 0
593 0
594 0
595 0
596 0
597 0
598 0
599 0
600 0
601 0
602 1
603 1
604 1
605 1
606 1
607 0
608 0
609 0
610 0
611 -1
612 0
613 0
614 0
615 0
616 0
617 0
618 0
619 0
620 0
621 0
622 0
623 0
624 1
625 1
626 1
627 1
628 0
629 0
630 1
631 0
632 0
633 0
634 0
635 1
636 1
637 1
638 1
639 1
640 1
641 1
642 1
643 1
644 0
645 0
646 0
647 0
648 1
649 1
650 0
651 0
652 0
653 0
654 0
655 1
656 1
657 1
658 1
659 1
660 1
661 1
662 1
663 1
664 1
665 1
666 1
667 1
668 1
669 1
670 1
671 1
672 0
673 0
674 -1
675 0
676 0
677 0
678 0
679 0
680 0
681 0
682 0
683 1
684 1
685 0
686 0
687 1
688 1
689 1
690 0
691 0
692 1
693 0
694 0
695 0
696 0
697 1
698 0
699 0
700 0
701 1
702 1
703 1
704 1
705 1
706 0
707 0
708 0
709 0
710 0
711 0
712 0
713 1
714 1
715 1
716 1
717 0
718 0
719 0
720 0
721 0
722 0
723 0
724 0
725 0
726 0
727 0
728 0
729 0
730 1
731 0
732 0
733 0
734 1
735 1
736 1
737 1
738 1
739 1
740 1
741 1
742 1
743 1
744 1
745 0
746 1
747 1
748 0
749 1
750 1
751 1
752 0
753 0
754 0
755 0
756 0
757 0
758 0
759 0
760 0
761 0
762 0
763 0
764 1
765 0
766 0
767 0
768 0
769 1
770 0
771 0
772 0
773 0
774 0
775 0
776 1
777 1
778 1
779 1
780 1
781 1
782 0
783 1
784 1
785 1
786 1
787 1
788 1
789 1
790 1
791 1
792 1
793 1
794 1
795 1
796 1
797 1
798 1
799 1
800 1
801 1
802 1
803 1
804 1
805 1
806 1
807 1
808 1
809 1
810 1
811 1
812 1
813 1
814 1
815 1
816 1
817 1
818 1
819 1
820 1
821 1
822 1
823 1
824 1
825 1
826 1
827 0
828 0
829 0
830 0
831 1
832 1
833 1
834 1
835 1
836 1
837 1
838 1
839 1
840 1
841 1
842 1
843 1
844 1
845 0
846 1
847 1
848 1
849 1
850 1
851 1
852 1
853 1
854 1
855 1
856 1
857 1
858 0
859 0
860 1
861 1
862 1
863 1
864 1
865 1
866 0
867 0
868 1
869 1
870 1
871 0
872 1
873 0
874 0
