1 0 1
1 1 5
2 0 1
2 1 5
3 0 1
3 1 5
4 0 1
4 1 5
5 0 1
5 1 5
7 0 1
7 1 5
8 0 1
9 0 1
9 1 5
10 0 1
10 1 5
11 0 1
11 1 5
12 0 1
13 0 1
14 0 1
15 0 1
15 1 5
16 0 1
16 1 5
17 0 1
18 0 1
20 0 1
20 1 5
21 0 1
21 1 5
22 0 1
22 1 5
23 0 1
23 1 5
24 0 1
24 1 5
25 0 1
25 1 5
26 0 1
26 1 5
27 0 1
27 1 5
28 0 1
28 1 5
29 0 1
29 1 5
30 0 1
30 1 2
30 2 5
31 0 1
31 1 2
31 2 5
32 0 1
32 1 2
32 2 5
33 0 1
33 1 2
33 2 5
34 0 0
34 1 0
34 2 0
35 0 0
35 1 0
35 2 0
36 0 0
36 1 0
36 2 0
37 0 1
37 1 2
37 2 5
38 0 1
38 1 2
38 2 5
39 0 1
39 1 2
39 2 5
40 0 1
40 1 2
40 2 5
41 0 1
41 1 5
42 0 1
42 1 5
43 0 1
43 1 5
44 0 1
44 1 5
45 0 1
45 1 5
46 0 1
46 1 5
47 0 1
47 1 5
48 0 1
48 1 5
49 0 1
49 1 5
50 0 1
50 1 5
51 0 1
51 1 2
51 2 5
52 0 1
52 1 5
53 0 1
53 1 5
54 0 1
54 1 5
55 0 1
55 1 5
56 0 1
56 1 5
57 0 1
57 1 5
58 0 1
58 1 5
59 0 1
59 1 2
59 2 5
60 0 1
60 1 2
60 2 5
61 0 1
61 1 5
62 0 1
62 1 5
63 0 1
64 0 1
64 1 5
65 0 1
65 1 5
65 2 0
66 0 1
66 1 5
67 0 1
67 1 2
67 2 5
68 0 1
68 1 5
69 0 1
69 1 5
69 2 0
70 0 1
70 1 5
71 0 1
71 1 5
72 0 1
72 1 5
72 2 0
73 0 1
73 1 5
74 0 1
74 1 5
75 0 1
75 1 0
75 2 5
76 0 1
76 1 5
77 0 1
77 1 2
77 2 5
78 0 0
78 1 0
78 2 0
79 0 0
79 1 0
79 2 0
80 0 0
80 1 0
80 2 0
81 0 0
81 1 0
81 2 0
82 0 1
82 1 0
82 2 2
82 3 5
83 0 1
83 1 2
83 2 5
84 0 1
84 1 2
84 2 5
85 0 1
85 1 2
85 2 5
86 0 1
86 1 5
87 0 1
87 1 2
87 2 5
88 0 0
88 1 0
88 2 0
88 3 0
89 0 0
89 1 0
89 2 0
89 3 0
90 0 1
90 1 2
90 2 4
90 3 0
91 0 1
91 1 2
91 2 4
92 0 1
92 1 2
92 2 4
92 3 5
93 0 1
93 1 2
93 2 5
94 0 1
94 1 2
94 2 5
95 0 1
95 1 5
96 0 1
96 1 0
96 2 0
96 3 5
97 0 0
97 1 0
97 2 0
97 3 0
98 0 0
98 1 0
98 2 0
99 0 0
99 1 0
99 2 0
99 3 0
100 0 0
100 1 0
100 2 0
100 3 0
101 0 0
101 1 0
101 2 0
102 0 0
102 1 0
102 2 0
102 3 0
103 0 0
103 1 1
103 2 5
104 0 1
104 1 5
105 0 0
105 1 1
105 2 5
106 0 1
106 1 5
107 0 0
107 1 1
107 2 5
108 0 1
108 1 5
109 0 0
109 1 1
109 2 5
110 0 0
110 1 1
110 2 5
111 0 1
111 1 5
112 0 0
112 1 0
112 2 0
113 0 0
113 1 0
113 2 0
114 0 0
114 1 0
114 2 0
115 0 0
115 1 0
115 2 0
115 3 0
116 0 0
116 1 0
116 2 0
117 0 0
117 1 0
117 2 0
118 0 0
118 1 0
118 2 0
118 3 0
119 0 1
119 1 5
120 0 1
121 0 1
121 1 5
122 0 1
122 1 5
124 0 1
125 0 1
126 0 1
127 0 1
127 1 5
128 0 1
128 1 5
129 0 1
129 1 5
130 0 1
131 0 0
131 1 1
131 2 5
132 0 1
132 1 5
133 0 1
133 1 5
134 0 1
134 1 5
134 2 0
135 0 1
135 1 5
136 0 1
136 1 5
137 0 0
137 1 0
137 2 0
138 0 0
138 1 0
138 2 0
139 0 0
139 1 0
139 2 0
139 3 0
140 0 0
140 1 0
140 2 0
141 0 0
141 1 0
141 2 0
142 0 1
142 1 5
142 2 0
143 0 1
143 1 5
144 0 1
144 1 5
145 0 1
145 1 5
146 0 1
146 1 5
147 0 1
147 1 5
148 0 1
148 1 5
149 0 1
149 1 5
150 0 1
150 1 5
151 0 1
151 1 5
152 0 1
152 1 5
153 0 1
153 1 5
154 0 1
154 1 5
155 0 1
155 1 2
155 2 5
156 0 1
156 1 5
157 0 1
157 1 5
158 0 1
158 1 5
159 0 1
159 1 5
160 0 1
160 1 5
161 0 1
161 1 5
162 0 1
162 1 5
163 0 0
163 1 1
163 2 5
164 0 1
164 1 2
164 2 5
165 0 1
165 1 2
165 2 5
166 0 1
166 1 2
166 2 5
167 0 1
167 1 5
168 0 1
168 1 2
168 2 5
169 0 1
169 1 2
169 2 5
170 0 1
170 1 5
171 0 1
171 1 5
171 2 0
172 0 0
172 1 0
172 2 0
173 0 1
174 0 1
175 0 0
175 1 0
175 2 0
176 0 0
176 1 0
176 2 0
177 0 1
177 1 2
177 2 5
178 0 1
178 1 2
178 2 5
179 0 1
179 1 2
179 2 5
180 0 1
180 1 2
180 2 5
181 0 1
181 1 5
182 0 1
182 1 2
182 2 5
183 0 1
184 0 1
184 1 5
185 0 1
185 1 5
186 0 1
186 1 5
187 0 1
187 1 2
187 2 5
188 0 1
188 1 5
189 0 1
189 1 0
189 2 0
189 3 5
190 0 0
190 1 0
190 2 0
190 3 0
190 4 0
191 0 0
191 1 0
191 2 0
191 3 0
192 0 1
192 1 0
192 2 0
192 3 5
193 0 1
193 1 5
194 0 1
194 1 5
195 0 1
195 1 5
195 2 0
196 0 0
196 1 0
196 2 0
197 0 0
197 1 0
197 2 0
197 3 0
198 0 1
198 1 0
198 2 2
198 3 5
199 0 1
199 1 2
199 2 5
200 0 1
200 1 5
201 0 1
201 1 5
202 0 1
202 1 2
202 2 5
203 0 1
203 1 2
203 2 5
204 0 1
204 1 2
204 2 5
205 0 1
205 1 2
205 2 5
206 0 0
206 1 0
206 2 0
206 3 0
207 0 1
207 1 0
207 2 5
207 3 0
208 0 1
208 1 5
209 0 1
209 1 5
209 2 0
210 0 1
210 1 5
211 0 1
211 1 5
212 0 1
212 1 2
212 2 5
213 0 0
213 1 0
213 2 0
213 3 0
213 4 0
214 0 0
214 1 0
214 2 0
214 3 0
215 0 0
215 1 0
215 2 0
216 0 0
216 1 1
216 2 5
217 0 1
217 1 5
218 0 1
218 1 5
219 0 1
219 1 5
220 0 1
220 1 5
221 0 1
221 1 5
222 0 1
222 1 5
223 0 1
223 1 5
224 0 1
225 0 1
225 1 5
226 0 1
226 1 5
227 0 1
227 1 5
228 0 1
229 0 1
229 1 5
230 0 1
230 1 5
231 0 1
231 1 5
232 0 1
232 1 5
233 0 1
233 1 5
234 0 1
234 1 5
235 0 1
235 1 5
236 0 1
236 1 0
236 2 5
237 0 1
237 1 5
238 0 1
238 1 5
239 0 1
239 1 5
240 0 1
240 1 5
241 0 1
241 1 5
242 0 1
242 1 5
243 0 1
243 1 5
244 0 1
244 1 5
245 0 1
245 1 5
246 0 1
246 1 5
247 0 1
247 1 0
247 2 5
248 0 1
248 1 5
249 0 1
249 1 2
249 2 5
250 0 1
250 1 2
250 2 5
251 0 1
251 1 2
251 2 5
252 0 1
252 1 2
252 2 5
253 0 1
253 1 5
254 0 1
254 1 5
255 0 1
255 1 5
256 0 1
256 1 5
257 0 1
258 0 1
258 1 5
259 0 1
260 0 1
260 1 5
261 0 1
261 1 2
261 2 5
262 0 1
262 1 2
262 2 5
263 0 1
263 1 2
263 2 5
264 0 1
264 1 2
264 2 5
265 0 1
265 1 5
266 0 1
266 1 2
266 2 5
267 0 1
267 1 5
268 0 1
268 1 5
269 0 1
270 0 1
270 1 5
271 0 1
271 1 5
272 0 1
273 0 1
273 1 5
274 0 1
274 1 5
275 0 1
276 0 1
277 0 1
277 1 5
278 0 1
278 1 5
279 0 1
279 1 5
280 0 1
280 1 5
281 0 1
281 1 2
281 2 5
282 0 0
282 1 0
282 2 0
283 0 0
283 1 0
283 2 0
284 0 1
284 1 5
285 0 1
286 0 1
286 1 5
287 0 1
287 1 2
287 2 5
288 0 1
288 1 5
289 0 1
289 1 5
290 0 1
291 0 0
291 1 0
291 2 0
292 0 1
294 0 0
294 1 0
294 2 0
295 0 1
296 0 1
297 0 1
298 0 1
299 0 1
299 1 5
300 0 1
300 1 5
301 0 1
301 1 5
303 0 1
303 1 5
304 0 1
305 0 1
305 1 5
306 0 1
307 0 1
307 1 5
308 0 1
309 0 1
309 1 5
310 0 1
310 1 5
311 0 1
311 1 5
312 0 1
313 0 1
314 0 1
314 1 5
315 0 1
315 1 5
316 0 1
316 1 5
317 0 1
317 1 5
318 0 1
318 1 5
319 0 1
319 1 2
319 2 5
320 0 1
320 1 2
320 2 5
321 0 1
321 1 2
321 2 5
322 0 1
322 1 5
323 0 1
323 1 5
324 0 1
324 1 2
324 2 5
325 0 1
325 1 5
326 0 1
326 1 5
327 0 1
327 1 5
328 0 1
328 1 5
329 0 1
329 1 5
330 0 1
331 0 1
331 1 5
332 0 1
332 1 5
333 0 1
333 1 5
334 0 1
334 1 5
335 0 1
335 1 2
335 2 5
336 0 1
336 1 2
336 2 5
337 0 1
337 1 2
337 2 5
338 0 1
338 1 2
338 2 5
339 0 1
340 0 0
340 1 0
340 2 0
341 0 1
342 0 1
343 0 1
344 0 0
344 1 0
344 2 0
345 0 0
345 1 0
345 2 0
345 3 0
346 0 0
346 1 0
346 2 0
346 3 0
347 0 0
347 1 0
347 2 0
347 3 0
348 0 0
348 1 0
348 2 0
348 3 0
349 0 0
349 1 0
349 2 0
350 0 0
350 1 0
350 2 0
350 3 0
351 0 0
351 1 0
351 2 0
351 3 0
352 0 0
352 1 0
352 2 0
352 3 0
353 0 0
353 1 0
353 2 0
353 3 0
354 0 0
354 1 0
354 2 0
355 0 0
355 1 0
355 2 0
355 3 0
356 0 0
356 1 0
356 2 0
356 3 0
357 0 0
357 1 0
357 2 0
357 3 0
358 0 0
358 1 0
358 2 0
358 3 0
359 0 0
359 1 0
359 2 0
359 3 0
360 0 0
360 1 0
360 2 0
360 3 0
361 0 0
361 1 0
361 2 0
362 0 0
362 1 0
362 2 0
363 0 0
363 1 0
363 2 0
364 0 0
364 1 0
364 2 0
365 0 0
365 1 0
365 2 0
366 0 0
366 1 0
366 2 0
367 0 0
367 1 0
367 2 0
368 0 0
368 1 0
368 2 0
369 0 0
369 1 0
369 2 0
370 0 0
370 1 0
370 2 0
371 0 1
371 1 5
371 2 0
372 0 1
372 1 5
373 0 1
373 1 5
373 2 0
374 0 1
375 0 1
375 1 2
375 2 5
376 0 1
376 1 5
377 0 1
377 1 5
378 0 0
378 1 1
378 2 5
379 0 0
379 1 0
379 2 0
379 3 0
379 4 0
380 0 0
380 1 0
380 2 0
380 3 0
381 0 0
381 1 0
381 2 0
382 0 0
382 1 0
382 2 0
383 0 0
383 1 0
383 2 0
384 0 0
384 1 0
384 2 0
384 3 0
385 0 0
385 1 0
385 2 0
385 3 0
385 4 0
386 0 0
386 1 0
386 2 0
387 0 1
388 0 1
388 1 5
389 0 1
389 1 5
390 0 0
390 1 0
390 2 0
391 0 0
391 1 0
391 2 0
392 0 0
392 1 0
392 2 0
392 3 0
393 0 0
393 1 0
393 2 0
393 3 0
394 0 0
394 1 0
394 2 0
394 3 0
395 0 0
395 1 0
395 2 0
396 0 0
396 1 0
396 2 0
396 3 0
397 0 0
397 1 1
397 2 5
397 3 0
397 4 0
398 0 1
398 1 5
399 0 1
399 1 5
399 2 0
400 0 1
400 1 5
401 0 1
401 1 2
401 2 5
402 0 1
402 1 5
403 0 1
403 1 5
403 2 0
404 0 1
404 1 2
404 2 5
404 3 0
405 0 1
405 1 2
405 2 5
406 0 1
406 1 5
407 0 1
407 1 5
408 0 1
408 1 5
409 0 0
409 1 1
409 2 5
410 0 0
410 1 0
410 2 0
411 0 0
411 1 0
411 2 0
412 0 0
412 1 0
412 2 0
413 0 1
414 0 1
414 1 5
415 0 1
415 1 2
415 2 5
416 0 1
416 1 2
416 2 5
417 0 0
417 1 0
417 2 0
418 0 1
418 1 5
419 0 1
419 1 5
420 0 0
420 1 1
420 2 5
421 0 1
422 0 0
422 1 0
422 2 0
423 0 0
423 1 0
423 2 0
424 0 1
425 0 1
426 0 1
426 1 5
427 0 1
428 0 0
428 1 0
428 2 0
429 0 0
429 1 1
429 2 5
429 3 0
430 0 1
430 1 5
431 0 0
431 1 1
431 2 5
432 0 1
432 1 5
433 0 0
433 1 1
433 2 5
434 0 0
434 1 0
434 2 0
434 3 0
435 0 0
435 1 0
435 2 0
436 0 0
436 1 0
436 2 0
437 0 1
437 1 5
438 0 0
438 1 1
438 2 5
439 0 0
439 1 0
439 2 0
440 0 0
440 1 0
440 2 0
440 3 0
441 0 0
441 1 0
441 2 0
441 3 0
442 0 0
442 1 0
442 2 0
443 0 0
443 1 0
443 2 0
444 0 1
445 0 0
445 1 0
445 2 0
445 3 0
446 0 0
446 1 0
446 2 0
447 0 0
447 1 0
447 2 0
448 0 0
448 1 0
448 2 0
449 0 0
449 1 0
449 2 0
450 0 0
450 1 0
450 2 0
451 0 0
451 1 0
451 2 0
452 0 0
452 1 0
452 2 0
452 3 0
453 0 1
454 0 0
454 1 0
454 2 0
455 0 0
455 1 0
455 2 0
456 0 0
456 1 0
456 2 0
457 0 0
457 1 0
457 2 0
458 0 0
458 1 0
458 2 0
459 0 0
459 1 0
459 2 0
459 3 0
460 0 0
460 1 0
460 2 0
460 3 0
461 0 0
461 1 0
461 2 0
462 0 0
462 1 0
462 2 0
463 0 0
463 1 0
463 2 0
464 0 1
464 1 5
464 2 0
465 0 1
465 1 5
466 0 1
467 0 1
468 0 1
468 1 5
469 0 1
469 1 5
470 0 1
470 1 5
471 0 1
471 1 5
472 0 0
472 1 0
472 2 1
472 3 5
472 4 0
473 0 0
473 1 0
473 2 0
473 3 0
474 0 0
474 1 0
474 2 0
474 3 0
475 0 0
475 1 0
475 2 0
475 3 0
476 0 0
476 1 0
476 2 0
477 0 0
477 1 0
477 2 0
477 3 0
478 0 0
478 1 0
478 2 0
479 0 0
479 1 0
479 2 0
479 3 0
480 0 0
480 1 0
480 2 0
480 3 0
481 0 0
481 1 0
481 2 0
481 3 0
482 0 0
482 1 0
482 2 0
483 0 0
483 1 0
483 2 0
484 0 0
484 1 0
484 2 0
485 0 0
485 1 0
485 2 0
486 0 0
486 1 0
486 2 0
487 0 1
487 1 5
488 0 1
488 1 5
489 0 1
489 1 5
490 0 1
490 1 5
491 0 1
492 0 1
492 1 5
493 0 1
493 1 5
494 0 1
494 1 5
495 0 1
496 0 1
496 1 5
497 0 1
497 1 5
498 0 1
499 0 1
500 0 1
500 1 5
501 0 1
502 0 1
502 1 5
503 0 1
503 1 5
504 0 1
504 1 5
505 0 1
505 1 5
506 0 1
506 1 5
507 0 1
507 1 5
508 0 1
508 1 5
509 0 1
509 1 5
510 0 1
511 0 1
512 0 1
514 0 1
515 0 1
515 1 5
516 0 1
516 1 5
517 0 1
518 0 1
519 0 1
519 1 5
520 0 1
520 1 5
521 0 1
521 1 5
522 0 1
522 1 5
523 0 1
523 1 5
524 0 1
524 1 5
525 0 1
525 1 5
526 0 1
526 1 5
527 0 1
527 1 5
528 0 1
529 0 1
529 1 5
530 0 1
531 0 1
531 1 5
532 0 1
532 1 5
533 0 1
533 1 5
534 0 0
534 1 1
534 2 5
535 0 1
535 1 5
536 0 1
537 0 1
538 0 1
539 0 0
539 1 0
539 2 0
540 0 0
540 1 0
540 2 0
541 0 0
541 1 0
541 2 0
542 0 0
542 1 0
542 2 0
543 0 1
543 1 5
543 2 0
544 0 1
544 1 5
545 0 1
545 1 0
545 2 0
545 3 5
546 0 0
546 1 0
546 2 0
546 3 0
547 0 0
547 1 0
547 2 0
547 3 0
548 0 1
549 0 1
549 1 5
550 0 1
550 1 2
550 2 5
551 0 1
552 0 1
552 1 5
553 0 1
554 0 1
554 1 5
555 0 1
555 1 5
555 2 0
556 0 1
557 0 1
559 0 1
559 1 5
560 0 1
561 0 1
561 1 5
562 0 1
563 0 1
564 0 1
565 0 1
566 0 1
566 1 5
567 0 1
567 1 5
568 0 1
568 1 5
569 0 0
569 1 0
569 2 0
570 0 0
570 1 0
570 2 0
570 3 0
571 0 0
571 1 0
571 2 0
572 0 1
572 1 5
572 2 0
573 0 1
573 1 5
574 0 1
574 1 5
575 0 1
575 1 5
576 0 1
576 1 5
577 0 1
577 1 5
578 0 1
578 1 5
579 0 1
579 1 5
580 0 1
580 1 5
581 0 1
581 1 5
582 0 1
582 1 5
582 2 0
583 0 1
583 1 5
584 0 0
584 1 1
584 2 5
585 0 0
585 1 0
585 2 0
586 0 0
586 1 0
586 2 0
587 0 0
587 1 0
587 2 0
587 3 0
588 0 0
588 1 0
588 2 0
588 3 0
589 0 0
589 1 1
589 2 5
589 3 0
589 4 0
590 0 1
590 1 5
591 0 0
591 1 1
591 2 5
592 0 0
592 1 0
592 2 0
592 3 0
593 0 0
593 1 0
593 2 0
593 3 0
594 0 0
594 1 0
594 2 0
594 3 0
595 0 0
595 1 0
595 2 0
595 3 0
596 0 0
596 1 0
596 2 0
596 3 0
596 4 0
597 0 0
597 1 0
597 2 0
598 0 0
598 1 0
598 2 0
599 0 0
599 1 0
599 2 0
600 0 0
600 1 0
600 2 0
601 0 1
601 1 2
601 2 0
601 3 0
601 4 5
602 0 1
602 1 2
602 2 5
603 0 1
603 1 5
604 0 1
604 1 5
605 0 1
605 1 5
606 0 1
606 1 5
607 0 1
607 1 0
607 2 0
607 3 5
608 0 0
608 1 0
608 2 0
608 3 0
609 0 0
609 1 0
609 2 0
609 3 0
610 0 0
610 1 0
610 2 0
610 3 0
611 0 0
611 1 0
611 2 0
611 3 0
611 4 0
611 5 0
612 0 0
612 1 0
612 2 0
612 3 0
612 4 0
613 0 0
613 1 0
613 2 0
613 3 0
614 0 0
614 1 0
614 2 0
614 3 0
615 0 0
615 1 0
615 2 0
616 0 0
616 1 0
616 2 0
616 3 0
617 0 0
617 1 0
617 2 0
617 3 0
618 0 0
618 1 0
618 2 0
619 0 0
619 1 0
619 2 0
620 0 0
620 1 0
620 2 0
621 0 0
621 1 0
621 2 0
622 0 0
622 1 0
622 2 0
623 0 0
623 1 0
623 2 0
624 0 1
624 1 2
624 2 5
625 0 1
625 1 5
626 0 1
626 1 2
626 2 5
627 0 1
627 1 2
627 2 5
628 0 0
628 1 0
628 2 0
629 0 0
629 1 1
629 2 5
630 0 1
630 1 5
631 0 0
631 1 0
631 2 0
631 3 0
632 0 0
632 1 0
632 2 0
633 0 0
633 1 0
633 2 0
634 0 0
634 1 0
634 2 0
635 0 1
635 1 2
635 2 5
636 0 1
636 1 2
636 2 5
637 0 1
637 1 2
637 2 5
638 0 1
638 1 2
638 2 4
638 3 5
639 0 1
639 1 2
639 2 5
640 0 1
640 1 2
640 2 5
641 0 1
641 1 2
641 2 5
642 0 1
642 1 2
642 2 5
643 0 1
643 1 5
644 0 0
644 1 1
644 2 0
644 3 5
645 0 0
645 1 0
645 2 0
646 0 0
646 1 0
646 2 0
647 0 0
647 1 0
647 2 0
648 0 1
648 1 2
648 2 5
649 0 1
649 1 5
650 0 0
650 1 0
650 2 0
651 0 0
651 1 0
651 2 0
652 0 0
652 1 0
652 2 0
653 0 0
653 1 0
653 2 0
654 0 0
654 1 0
654 2 0
655 0 1
655 1 5
656 0 1
656 1 2
656 2 5
657 0 1
657 1 5
658 0 1
658 1 2
658 2 5
659 0 1
659 1 5
660 0 1
661 0 1
661 1 5
662 0 1
662 1 5
663 0 1
663 1 5
664 0 1
664 1 5
665 0 1
665 1 5
666 0 1
666 1 5
667 0 1
667 1 2
667 2 5
668 0 1
668 1 2
668 2 5
669 0 1
669 1 2
669 2 5
670 0 1
670 1 5
671 0 1
671 1 2
671 2 5
672 0 0
672 1 0
672 2 0
672 3 0
673 0 0
673 1 0
673 2 0
673 3 0
674 0 0
674 1 0
674 2 0
674 3 0
674 4 0
674 5 0
675 0 0
675 1 0
675 2 0
675 3 0
676 0 0
676 1 0
676 2 0
676 3 0
677 0 0
677 1 0
677 2 0
678 0 0
678 1 0
678 2 0
679 0 0
679 1 0
679 2 0
680 0 0
680 1 0
680 2 0
681 0 0
681 1 0
681 2 0
682 0 0
682 1 0
682 2 0
683 0 1
684 0 1
685 0 0
685 1 0
685 2 0
685 3 0
686 0 1
686 1 5
686 2 0
686 3 0
687 0 1
687 1 5
688 0 1
688 1 2
688 2 5
689 0 1
689 1 2
689 2 4
689 3 5
690 0 0
690 1 0
690 2 0
690 3 0
691 0 0
691 1 1
691 2 5
692 0 1
692 1 5
693 0 0
693 1 1
693 2 5
693 3 0
694 0 0
694 1 0
694 2 0
694 3 0
695 0 0
695 1 0
695 2 0
695 3 0
696 0 1
696 1 0
696 2 0
696 3 5
697 0 1
697 1 5
698 0 1
698 1 0
698 2 0
698 3 5
699 0 0
699 1 0
699 2 0
700 0 1
700 1 5
700 2 0
701 0 1
701 1 5
702 0 1
702 1 5
703 0 1
703 1 2
703 2 5
704 0 1
704 1 2
704 2 5
705 0 1
705 1 2
705 2 5
706 0 0
706 1 0
706 2 0
707 0 0
707 1 0
707 2 0
707 3 0
708 0 0
708 1 0
708 2 0
709 0 0
709 1 0
709 2 0
710 0 0
710 1 0
710 2 0
711 0 0
711 1 0
711 2 0
712 0 1
712 1 0
712 2 2
712 3 5
713 0 1
713 1 2
713 2 5
714 0 1
714 1 5
715 0 1
715 1 5
716 0 1
716 1 2
716 2 5
717 0 0
717 1 0
717 2 0
717 3 0
718 0 0
718 1 0
718 2 0
718 3 0
719 0 0
719 1 0
719 2 0
719 3 0
720 0 0
720 1 0
720 2 0
720 3 0
721 0 0
721 1 0
721 2 0
721 3 0
721 4 0
722 0 0
722 1 0
722 2 0
723 0 0
723 1 0
723 2 0
724 0 0
724 1 0
724 2 0
724 3 0
725 0 0
725 1 0
725 2 0
725 3 0
725 4 0
726 0 0
726 1 0
726 2 0
726 3 0
727 0 0
727 1 0
727 2 0
728 0 0
728 1 0
728 2 0
729 0 1
729 1 5
729 2 0
730 0 1
730 1 5
731 0 1
731 1 5
731 2 0
732 0 0
732 1 0
732 2 0
733 0 0
733 1 0
733 2 0
734 0 1
734 1 2
734 2 5
735 0 1
735 1 5
736 0 1
736 1 5
737 0 1
737 1 5
738 0 1
738 1 5
739 0 1
740 0 1
741 0 1
742 0 1
742 1 5
743 0 1
743 1 5
744 0 1
744 1 5
745 0 1
745 1 0
745 2 5
746 0 1
746 1 5
747 0 1
748 0 0
748 1 0
748 2 0
749 0 1
749 1 5
750 0 1
750 1 5
751 0 1
751 1 5
752 0 0
752 1 0
752 2 0
753 0 0
753 1 0
753 2 0
754 0 0
754 1 0
754 2 0
754 3 0
755 0 0
755 1 0
755 2 0
756 0 0
756 1 0
756 2 0
757 0 0
757 1 0
757 2 0
758 0 0
758 1 0
758 2 0
759 0 0
759 1 0
759 2 0
760 0 0
760 1 0
760 2 0
760 3 0
761 0 0
761 1 0
761 2 0
761 3 0
762 0 0
762 1 0
762 2 0
763 0 0
763 1 0
763 2 0
764 0 1
764 1 5
765 0 1
765 1 5
765 2 0
766 0 0
766 1 0
766 2 0
767 0 0
767 1 0
767 2 0
767 3 0
768 0 0
768 1 0
768 2 0
769 0 1
769 1 5
770 0 1
770 1 5
770 2 0
771 0 0
771 1 0
771 2 0
772 0 0
772 1 0
772 2 0
773 0 0
773 1 0
773 2 0
774 0 0
774 1 0
774 2 0
775 0 0
775 1 1
775 2 5
776 0 1
776 1 5
777 0 1
778 0 1
778 1 5
779 0 1
780 0 1
781 0 1
781 1 5
782 0 1
782 1 5
782 2 0
783 0 1
783 1 5
784 0 1
784 1 5
785 0 1
785 1 2
785 2 5
786 0 1
786 1 2
786 2 5
787 0 1
787 1 5
788 0 1
788 1 5
789 0 1
789 1 5
790 0 1
790 1 2
790 2 5
791 0 1
791 1 5
792 0 1
792 1 5
793 0 1
793 1 2
793 2 5
794 0 1
794 1 2
794 2 5
795 0 1
795 1 5
796 0 1
796 1 5
797 0 1
797 1 5
798 0 1
798 1 5
799 0 1
799 1 5
800 0 1
800 1 5
801 0 1
801 1 5
802 0 1
802 1 2
802 2 5
803 0 1
803 1 2
803 2 5
804 0 1
804 1 2
804 2 5
805 0 1
805 1 2
805 2 5
806 0 1
806 1 2
806 2 5
807 0 1
807 1 2
807 2 5
808 0 1
808 1 5
809 0 1
809 1 5
810 0 1
810 1 2
810 2 5
811 0 1
811 1 2
811 2 5
812 0 1
812 1 2
812 2 5
813 0 1
813 1 2
813 2 5
814 0 1
814 1 5
815 0 1
816 0 1
816 1 5
817 0 1
817 1 5
818 0 1
818 1 5
819 0 1
819 1 5
820 0 1
820 1 5
821 0 1
821 1 5
822 0 1
822 1 5
823 0 1
823 1 5
824 0 1
825 0 1
825 1 5
826 0 1
827 0 0
827 1 0
827 2 0
828 0 0
828 1 0
828 2 0
829 0 0
829 1 0
829 2 0
829 3 0
830 0 0
830 1 0
830 2 0
831 0 1
832 0 1
832 1 2
832 2 5
833 0 1
833 1 2
833 2 5
834 0 1
834 1 5
835 0 1
835 1 5
836 0 1
836 1 5
837 0 1
837 1 5
838 0 1
839 0 1
840 0 1
840 1 5
841 0 1
841 1 2
841 2 5
842 0 1
842 1 5
843 0 1
843 1 5
844 0 1
844 1 5
845 0 0
845 1 1
845 2 5
846 0 1
847 0 1
847 1 2
847 2 5
848 0 1
848 1 5
849 0 1
849 1 5
850 0 1
851 0 1
852 0 1
852 1 5
853 0 1
853 1 5
854 0 1
854 1 2
854 2 5
855 0 1
855 1 2
855 2 5
856 0 1
856 1 2
856 2 5
857 0 1
857 1 2
857 2 5
858 0 0
858 1 0
858 2 0
859 0 1
859 1 5
859 2 0
860 0 1
860 1 5
861 0 1
861 1 5
862 0 1
862 1 5
863 0 1
863 1 5
864 0 1
864 1 5
865 0 1
865 1 5
866 0 1
866 1 5
866 2 0
867 0 1
867 1 5
867 2 0
868 0 1
868 1 5
869 0 1
869 1 5
870 0 1
870 1 5
871 0 1
871 1 5
871 2 0
872 0 1
872 1 5
873 0 1
873 1 5
873 2 0
874 0 0
874 1 0
874 2 0
