0 0 44 46 0 0 0 0 0 0 0 0 0
1 0 67 -22 2001 0 0 0 7 3 48 4 950
2 0 40 -36 603 -6 -2 0 8 6 40 0 422
3 0 54 -30 451 0 -4 0 1 1 23 14 997
3 1 36 -49 622 -12 -7 0 6 9 46 1 367
4 0 47 -32 417 2 5 0 3 0 13 16 878
4 1 30 -62 542 -6 -5 0 1 6 61 2 308
5 0 48 -36 472 1 2 0 4 0 31 15 938
5 1 28 -57 532 2 -4 0 2 4 56 1 210
6 0 48 29 82 0 -1 0 1 0 2 0 32
7 0 20 -56 633 -1 -3 0 2 4 57 3 341
7 1 47 -38 0 0 0 0 0 0 0 0 0
8 0 22 -57 554 -2 -2 0 1 5 57 1 306
9 0 21 -59 485 -2 -2 0 1 2 61 0 152
10 0 43 -43 432 -1 1 0 1 2 39 16 626
10 1 12 -31 172 -1 -1 0 1 1 16 1 101
11 0 14 -62 572 -3 -6 0 7 1 41 3 207
11 1 52 -42 0 0 0 0 0 0 0 0 0
14 0 45 -37 427 -4 0 0 0 0 40 17 663
14 1 3 -59 417 0 2 0 5 0 46 5 192
15 0 3 -54 353 6 -3 1 4 1 21 1 141
16 0 12 -46 469 0 0 0 4 0 32 0 160
17 0 52 -22 420 -1 -3 0 10 0 8 11 1027
17 1 14 -33 350 5 6 0 2 1 35 2 224
18 0 47 25 70 -4 5 0 1 1 5 0 29
18 1 25 0 272 7 6 0 0 2 7 4 97
20 0 48 -51 961 -8 5 0 3 2 62 4 1007
21 0 56 -55 1164 -4 2 0 6 1 69 9 905
22 0 56 -55 1265 -2 1 0 5 3 72 8 957
23 0 36 -57 633 -4 6 0 3 2 62 10 598
24 0 26 -62 476 -3 1 0 2 2 66 3 641
24 1 76 36 540 0 0 0 42 7 3 2 342
25 0 36 -62 634 -1 0 0 2 2 74 1 497
25 1 67 1 619 0 0 0 25 9 12 2 827
26 0 29 -61 469 0 -2 0 1 2 61 7 402
26 1 62 -30 818 0 0 0 21 6 21 2 1042
27 0 29 -62 476 -3 0 0 1 1 68 6 397
27 1 56 -33 745 0 0 0 20 14 39 3 782
28 0 51 -46 800 0 0 0 13 10 60 5 944
29 0 39 -44 370 0 0 0 2 1 37 9 653
29 1 45 -45 788 -1 2 0 9 10 24 2 1115
30 0 44 -29 317 5 -7 0 1 0 22 7 531
30 1 49 -38 719 -1 2 0 10 8 32 1 874
31 0 59 20 194 0 0 0 8 0 1 6 206
31 1 56 -18 783 0 0 0 15 7 7 2 1023
33 0 60 -14 858 -2 -2 0 31 4 17 2 1056
34 0 45 -24 322 -5 2 0 3 1 33 7 436
34 1 59 -14 763 -1 -1 0 19 9 19 0 1162
35 0 39 -45 478 0 10 0 2 1 55 10 652
35 1 47 -46 745 0 0 0 8 9 54 0 790
36 0 39 -46 454 1 0 0 0 1 52 9 578
37 0 45 -29 350 0 0 0 1 0 25 13 588
37 1 39 -51 667 -1 -2 0 9 13 52 2 1324
38 0 57 18 209 0 0 0 4 0 7 4 237
38 1 44 -46 674 6 6 0 6 10 50 1 853
39 0 51 -16 528 0 0 0 5 6 10 1 594
40 0 61 2 279 -4 0 0 15 0 6 6 594
40 1 55 1 451 0 0 0 10 6 6 1 297
41 0 62 2 399 0 -4 0 11 0 2 9 674
41 1 49 -6 460 -9 -5 0 6 3 15 0 270
42 0 48 -17 353 0 0 0 3 1 24 6 749
42 1 38 -36 479 0 0 0 6 6 38 2 300
43 0 56 -17 375 -1 -1 0 1 1 22 3 624
43 1 38 -47 590 -10 2 0 5 4 56 4 501
44 0 52 8 291 4 -5 0 4 2 5 4 381
44 1 12 -2 131 0 -1 1 1 0 3 0 52
44 2 29 -57 572 -4 -6 0 2 7 48 0 423
45 0 73 44 111 0 0 0 10 1 0 4 81
45 1 27 -46 860 3 3 0 9 9 42 3 693
46 0 74 33 166 0 -3 0 17 0 0 5 225
47 0 51 2 334 0 0 0 4 0 15 4 439
47 1 18 -2 206 -1 0 1 0 2 4 0 104
47 2 21 -36 765 -1 -2 1 6 7 30 0 629
48 0 50 -4 304 -3 4 0 0 1 14 1 398
48 1 30 -2 543 0 0 1 4 3 1 1 255
48 2 42 -23 492 0 0 0 9 5 24 1 339
49 0 41 -1 261 -3 3 0 4 1 15 7 315
49 1 30 -2 493 -1 -1 1 3 1 3 3 232
49 2 48 -10 447 12 1 0 2 11 10 1 321
50 0 57 28 113 0 0 0 1 1 0 3 67
50 1 33 -3 655 0 -1 1 5 1 5 4 307
50 2 64 28 223 0 0 0 9 5 2 0 138
51 0 63 39 80 10 3 0 1 0 3 1 31
51 1 28 -3 474 0 0 1 7 1 4 0 240
51 2 57 6 391 -6 -3 0 18 4 10 2 384
52 0 65 29 107 1 -1 0 2 0 3 1 126
52 1 30 -3 473 0 0 1 3 2 4 2 253
52 2 57 -2 537 -3 -1 0 15 9 6 1 475
53 0 51 9 348 -8 4 0 3 3 9 3 322
53 1 30 -3 467 0 0 1 8 2 5 1 248
53 2 48 -20 485 0 0 0 2 4 35 2 405
54 0 48 -3 385 -5 3 0 3 2 9 8 506
56 0 60 5 267 0 0 0 17 0 3 3 544
56 1 29 -57 1062 -3 -5 1 1 6 60 1 1141
57 0 29 -60 1084 -2 -3 1 1 7 59 3 1119
58 0 26 -61 954 0 0 1 5 4 70 1 760
59 0 72 1 455 0 0 0 27 0 5 11 1001
60 0 85 82 33 -2 -1 0 0 0 5 0 5
60 1 21 5 55 0 0 0 0 0 4 0 26
60 2 16 -58 653 2 2 1 6 0 37 1 437
61 0 54 -22 509 -8 5 0 5 0 17 8 1160
61 1 72 49 77 -1 0 0 0 1 3 0 41
61 2 22 6 70 0 0 0 0 0 3 0 25
61 3 15 -53 612 0 0 1 5 2 64 3 504
62 0 54 -30 576 -5 2 0 3 1 19 10 1107
62 1 19 -53 683 -1 1 1 3 6 23 9 537
63 0 54 -30 467 1 -2 0 3 0 9 13 983
63 1 20 0 233 3 5 1 4 0 0 2 114
63 2 43 -29 487 0 0 0 6 9 22 2 519
64 0 52 -10 403 2 -3 0 11 1 9 2 787
64 1 52 -5 468 7 10 0 8 9 12 0 411
65 0 55 -20 586 -1 2 0 11 15 13 2 889
66 0 42 -12 360 -9 4 0 2 1 23 8 374
66 1 52 -42 715 0 0 0 6 12 40 1 884
67 0 43 -30 420 -9 4 0 2 0 34 9 483
67 1 45 -61 666 0 0 0 9 8 42 1 852
68 0 44 -30 451 -4 3 0 2 1 41 9 423
68 1 45 -49 659 -2 0 0 4 11 35 0 729
69 0 42 -40 538 -2 1 0 3 0 43 7 532
69 1 49 -36 771 0 0 0 4 20 19 0 956
70 0 39 -40 436 2 4 0 1 1 40 9 467
70 1 55 -22 685 9 11 0 22 14 10 1 1169
71 0 31 -40 361 0 0 0 0 1 42 3 383
71 1 57 -29 716 3 5 0 26 12 14 3 1499
72 0 28 -34 300 -1 4 0 1 1 35 3 184
72 1 56 -22 793 -1 -3 0 26 8 14 1 1205
73 0 24 -40 357 -10 3 0 2 0 41 2 195
73 1 52 -38 840 0 0 0 11 18 29 0 1151
74 0 24 -46 365 -4 0 0 0 2 30 1 264
74 1 51 -34 780 -2 -2 0 13 16 22 2 1131
75 0 27 -56 434 0 0 0 1 2 54 7 248
75 1 45 -46 712 0 0 0 3 13 30 1 953
76 0 39 -56 618 2 -4 0 1 3 58 7 529
76 1 44 -46 684 -1 -4 0 6 9 49 1 815
77 0 34 -57 545 -2 0 0 1 3 59 10 486
77 1 44 -46 719 0 0 0 10 10 45 4 971
78 0 28 -62 468 7 6 0 0 3 66 2 265
79 0 29 -62 471 0 2 0 1 1 62 2 235
79 1 56 -21 788 -1 -1 0 23 14 9 3 1073
80 0 22 -62 781 0 -3 1 2 4 68 3 637
80 1 57 -29 764 4 4 0 26 14 11 2 1612
81 0 22 -62 742 1 0 1 0 2 70 3 639
81 1 16 3 72 -1 0 0 3 0 1 1 25
81 2 62 -1 728 3 6 0 44 12 6 0 863
82 0 22 -62 794 0 -1 1 2 2 73 3 634
82 1 70 17 647 0 0 0 51 19 5 2 679
83 0 26 -62 467 1 -2 0 0 0 71 2 305
83 1 67 10 630 -2 -4 0 51 8 7 2 835
84 0 38 -62 526 0 0 0 1 3 65 6 645
84 1 14 -2 167 0 -1 1 1 2 3 0 58
84 2 21 6 111 -1 -1 0 1 0 0 3 32
84 3 58 -14 735 0 0 0 38 11 15 2 1074
85 0 11 -1 47 0 -1 0 0 0 3 0 21
85 1 52 -32 836 0 0 0 23 12 24 0 1057
86 0 55 -25 431 0 0 0 8 1 9 7 1029
86 1 11 -1 48 0 -1 0 0 0 3 0 21
86 2 45 -46 765 0 0 0 4 11 38 1 866
87 0 56 -20 458 1 -7 0 14 0 4 9 1061
87 1 11 -1 48 0 -1 0 0 0 3 0 21
87 2 40 -61 623 0 0 0 2 11 46 0 751
88 0 11 -1 48 0 -1 0 0 0 3 0 21
88 1 37 -54 603 -5 -4 0 6 4 57 2 411
89 0 11 -1 49 0 -1 0 0 1 2 0 21
89 1 24 -62 643 -2 -6 0 3 4 61 3 727
90 0 11 -1 49 0 -1 0 0 1 2 0 21
90 1 21 -62 577 -1 -4 0 1 8 58 4 689
91 0 50 -30 395 2 -1 0 4 0 23 7 952
91 1 11 -1 48 0 -1 0 0 1 2 0 21
91 2 25 -62 528 -3 0 0 5 5 61 0 449
92 0 46 -27 404 -1 -3 0 7 0 18 8 1055
92 1 23 -58 511 -3 -5 0 1 2 60 1 240
93 0 17 -58 494 -2 -2 0 3 4 61 0 328
94 0 54 -23 404 0 -1 0 7 0 13 7 1061
94 1 17 -58 541 0 0 0 3 3 61 0 377
95 0 54 -14 448 0 -7 0 15 1 7 7 922
95 1 24 -62 858 0 -2 1 2 5 69 3 801
96 0 57 -13 468 1 -4 0 21 0 4 13 952
96 1 19 -57 625 2 2 0 3 3 62 2 462
97 0 20 -53 556 -2 -2 0 4 4 58 1 293
98 0 19 -51 710 0 0 1 3 3 56 1 462
99 0 50 -30 454 -1 0 0 3 0 19 16 948
99 1 22 -45 613 4 7 0 3 3 34 3 452
100 0 29 -30 327 5 -2 0 1 2 28 2 117
101 0 24 -36 363 -6 -4 0 1 2 35 0 124
102 0 54 -23 466 -2 1 0 5 0 10 9 1064
102 1 21 -49 506 -10 -3 0 3 2 53 0 305
103 0 54 -23 445 0 3 0 5 1 11 14 989
103 1 19 -54 460 -1 0 0 2 0 27 1 215
104 0 52 -29 380 0 0 0 3 0 20 13 909
104 1 19 -62 657 -2 -1 0 3 2 62 1 361
105 0 16 -56 736 0 -2 1 6 2 66 0 502
106 0 16 -62 687 0 -2 1 5 0 65 4 433
107 0 48 -27 404 -1 1 0 5 0 10 14 1027
107 1 15 -54 629 -1 -1 1 4 1 63 1 373
108 0 12 -54 524 1 -4 1 4 0 35 3 222
109 0 58 -12 358 1 -5 0 5 0 2 12 938
109 1 10 -49 454 1 0 1 4 2 40 4 182
110 0 11 -46 462 0 0 1 4 1 38 3 178
111 0 18 -34 448 4 9 0 1 2 34 3 260
112 0 40 -9 304 0 0 0 4 5 15 1 127
113 0 34 -55 909 -10 8 1 4 2 67 10 997
113 1 55 23 184 0 0 0 10 0 1 2 59
114 0 39 -62 467 -1 0 0 1 1 64 4 602
114 1 50 1 273 -9 -2 0 6 2 9 1 252
115 0 41 -46 500 5 -5 0 2 1 49 11 757
115 1 50 1 352 -5 2 0 4 3 10 2 251
116 0 48 -9 310 0 0 0 1 1 15 5 369
116 1 58 15 297 0 0 0 12 9 4 1 184
117 0 48 -4 251 4 0 0 3 0 15 4 318
117 1 61 23 267 3 3 0 6 1 1 0 172
118 0 54 2 269 3 -3 0 3 0 7 5 345
118 1 72 37 176 0 0 0 11 3 3 0 113
119 0 50 -1 285 -4 -1 0 2 0 14 6 398
119 1 82 49 130 0 0 0 11 1 1 1 90
120 0 45 -12 300 -3 4 0 2 0 13 9 367
120 1 83 82 233 13 6 0 15 1 4 0 100
121 0 41 -40 347 0 0 0 0 1 43 9 667
122 0 27 -56 418 0 0 0 2 1 56 7 441
122 1 71 18 587 0 0 0 47 5 10 3 581
123 0 30 -61 435 1 0 0 2 1 59 3 397
123 1 68 9 642 -5 -7 0 36 11 5 0 662
124 0 28 -62 451 0 0 0 0 1 61 3 271
124 1 60 -14 739 -4 -16 0 27 14 14 1 1054
125 0 20 -61 608 0 2 1 1 3 67 1 502
125 1 63 -14 756 1 3 0 38 7 9 3 1127
126 0 22 -61 436 1 4 0 1 0 61 1 257
126 1 67 2 642 0 0 0 51 9 3 0 912
127 0 19 -62 483 0 2 0 1 0 64 1 454
127 1 68 12 657 1 1 0 53 13 7 1 746
128 0 15 -61 543 -3 3 1 2 1 61 3 427
128 1 72 24 662 5 4 0 62 9 5 4 592
129 0 14 -62 524 0 0 1 3 3 62 1 349
129 1 73 29 687 2 1 0 61 13 7 1 492
130 0 16 -62 515 -1 2 0 1 3 53 1 176
130 1 73 34 700 4 3 0 59 6 5 2 432
131 0 16 -62 544 -1 1 1 1 2 46 0 185
131 1 70 18 675 -9 -10 0 51 8 5 3 689
132 0 16 -61 548 0 -1 0 2 1 56 1 174
132 1 58 -16 783 0 0 0 28 11 9 2 1066
133 0 16 -62 544 0 -1 0 1 4 52 3 174
133 1 55 -29 797 -3 -8 0 23 16 18 1 1166
134 0 15 -62 528 -1 -1 0 3 3 58 1 163
134 1 55 -30 781 -1 -1 0 28 12 17 3 1128
135 0 15 -62 531 -1 -1 0 1 6 57 1 201
135 1 58 -14 760 7 8 0 29 12 10 3 1086
136 0 18 -62 593 0 0 1 2 4 62 0 252
136 1 60 -14 781 2 2 0 43 8 10 4 1113
137 0 18 -61 544 0 0 0 3 3 59 1 174
137 1 60 -14 791 0 -1 0 43 9 7 4 1115
138 0 15 -62 528 -1 -1 1 1 3 61 0 201
138 1 63 -1 828 4 3 0 44 10 8 2 950
139 0 16 -61 526 0 -1 0 3 2 61 2 166
139 1 58 -14 916 -3 -7 0 35 13 12 3 1077
140 0 16 -62 552 0 0 1 2 1 66 0 243
140 1 54 -29 832 0 0 0 27 9 16 2 1134
141 0 16 -62 549 0 0 0 4 6 55 0 208
141 1 55 -30 751 -1 -3 0 17 15 8 2 1038
142 0 18 -62 577 0 1 1 4 2 63 0 251
142 1 54 -30 798 1 1 0 32 10 8 5 1169
143 0 19 -62 663 0 0 1 7 1 49 2 301
143 1 54 -30 838 0 0 0 28 14 14 2 1166
144 0 10 -61 478 0 0 1 3 4 55 2 188
144 1 62 0 923 0 0 0 54 8 9 5 908
145 0 12 -62 503 0 0 1 6 3 51 2 234
145 1 66 2 681 2 3 0 54 9 7 1 1029
146 0 13 -61 538 -3 4 1 4 4 47 3 230
146 1 74 33 638 0 0 0 57 4 3 4 424
147 0 13 -49 480 1 0 1 4 5 37 0 284
147 1 76 40 657 0 -1 0 61 2 3 2 342
148 0 18 -29 279 0 0 0 2 3 20 1 250
148 1 70 13 776 0 0 0 38 6 10 3 825
149 0 63 -14 722 0 0 0 39 7 6 1 1163
150 0 54 -30 805 0 0 0 28 12 17 1 1058
151 0 50 18 89 -4 -5 0 0 1 5 4 50
151 1 48 -46 694 0 0 0 10 11 26 2 935
152 0 56 9 226 2 -8 0 1 0 13 2 239
152 1 49 -38 756 1 1 0 7 10 33 1 874
153 0 60 18 211 0 0 0 3 0 2 3 247
153 1 55 -17 606 7 8 0 16 7 2 1 728
154 0 68 23 216 15 4 0 14 2 1 6 277
154 1 58 -2 558 5 9 0 24 8 9 0 534
155 0 66 17 225 -2 1 0 16 1 1 7 353
155 1 55 -13 524 0 0 0 14 3 12 0 587
156 0 59 2 344 -10 3 0 4 0 3 7 558
156 1 92 91 15 0 0 0 0 1 4 0 1
156 2 50 -30 570 0 0 0 13 8 22 1 738
157 0 57 -14 357 2 10 0 2 0 10 9 675
157 1 49 -33 578 -3 -4 0 8 13 28 2 649
158 0 41 -38 560 -3 -11 0 10 10 33 1 558
159 0 45 -46 428 -6 1 0 1 0 52 5 680
159 1 44 -30 640 11 -1 0 7 5 26 0 551
160 0 42 -46 424 0 0 0 1 0 52 6 741
160 1 55 2 508 0 0 0 19 8 14 2 397
161 0 41 -46 432 1 5 0 1 2 53 8 416
161 1 64 16 451 6 9 0 21 11 5 2 281
162 0 29 -62 453 0 0 0 1 1 65 3 274
162 1 81 50 200 0 0 0 27 2 1 1 137
163 0 27 -56 434 2 2 0 0 0 61 3 248
163 1 82 49 221 1 2 0 29 2 1 1 127
164 0 21 -61 439 0 0 0 1 1 53 1 264
164 1 68 18 537 0 0 0 33 17 6 0 522
165 0 21 -61 460 -1 0 0 1 2 64 0 253
165 1 64 1 637 0 -17 0 34 8 12 3 783
166 0 19 -61 600 -1 0 1 2 2 68 1 487
166 1 55 -21 813 0 0 0 32 7 17 4 1095
167 0 24 -62 355 -1 -4 0 2 0 36 1 281
167 1 52 -32 814 0 0 0 15 21 13 3 1028
168 0 19 -62 622 -2 0 1 1 3 75 2 519
168 1 50 -30 749 -1 -2 0 12 10 24 2 1040
169 0 21 -61 486 -1 0 0 3 3 74 2 238
169 1 52 -30 812 3 4 0 26 10 17 4 1028
170 0 19 -62 550 -1 0 0 0 1 73 2 444
170 1 53 -29 778 2 2 0 33 8 18 3 1198
171 0 22 -62 464 -1 -1 0 1 1 70 1 287
171 1 52 -30 758 -2 -4 0 26 9 19 3 1028
172 0 25 -62 469 0 -4 0 1 2 38 2 285
172 1 49 -40 831 0 0 0 6 18 28 0 1040
173 0 31 -61 394 0 0 0 0 0 55 5 413
173 1 45 -49 720 0 0 0 10 12 28 1 851
174 0 47 -46 455 0 0 0 2 0 52 13 793
174 1 40 -52 685 -2 -8 0 13 16 47 1 702
175 0 36 -61 577 -1 -10 0 4 6 59 3 412
176 0 91 90 31 0 0 0 0 1 5 0 6
176 1 28 -62 644 -2 -4 0 2 6 65 3 596
177 0 66 11 340 3 -3 0 39 0 2 10 726
177 1 29 -62 571 1 -3 0 4 7 58 0 519
178 0 62 -6 426 0 0 0 17 0 4 6 864
178 1 28 -56 564 4 0 0 2 7 57 1 518
179 0 29 -50 626 2 2 0 0 13 46 1 532
180 0 54 -23 531 -5 1 0 5 0 17 7 1126
180 1 40 -36 537 -1 8 0 1 13 34 1 446
181 0 57 -23 485 0 -5 0 7 0 13 12 1053
181 1 45 -13 499 0 0 0 2 12 12 1 429
182 0 55 -23 513 -3 -1 0 4 1 7 12 1064
182 1 55 1 371 18 -1 0 16 2 7 1 374
183 0 49 -14 446 -3 -11 0 1 7 19 2 371
184 0 72 27 361 0 0 0 47 0 1 6 471
184 1 36 -46 535 0 0 0 1 5 49 0 377
185 0 71 18 366 0 9 0 46 1 0 13 640
185 1 25 8 131 0 0 0 0 4 1 0 59
185 2 31 -49 527 -5 -4 0 3 3 48 1 449
186 0 26 9 84 0 -1 0 0 3 0 0 39
186 1 30 -62 565 -6 -2 0 3 5 58 1 395
187 0 53 -21 474 -9 5 0 7 0 18 8 1089
187 1 32 -49 522 5 6 0 0 15 44 1 408
188 0 43 -33 638 0 0 0 7 7 24 1 569
189 0 43 -46 644 -11 7 0 2 4 52 8 794
189 1 22 6 78 -1 0 0 2 0 2 0 32
189 2 55 3 492 0 0 0 16 10 10 1 403
190 0 31 -55 673 -10 8 0 1 3 56 7 621
190 1 58 -13 658 0 1 0 25 5 16 3 647
191 0 24 -56 708 -4 3 0 2 2 61 5 530
191 1 55 -16 595 -5 -5 0 8 9 11 1 609
192 0 24 -56 642 -1 0 0 3 3 63 2 489
192 1 48 -40 618 0 0 0 7 9 44 1 737
193 0 28 -55 450 0 -2 0 1 0 57 4 406
193 1 44 -45 628 -4 -4 0 8 14 39 1 698
194 0 31 -45 518 2 -3 0 2 0 54 5 457
195 0 39 -40 397 5 -5 0 1 1 46 7 463
195 1 40 -51 695 0 -2 0 5 6 53 2 837
196 0 37 -53 567 -2 -4 0 2 10 47 0 461
197 0 48 -11 290 2 -4 0 5 0 17 6 472
197 1 25 10 80 -1 0 0 2 2 1 0 31
197 2 37 -62 571 -1 0 0 4 8 55 1 562
198 0 59 1 365 0 0 0 8 0 3 7 576
198 1 36 -36 562 0 3 0 3 6 36 0 467
199 0 38 -36 442 1 -2 0 2 7 34 1 308
200 0 53 -30 541 -8 5 0 3 2 30 15 1090
200 1 24 10 52 -1 0 0 1 0 1 0 23
200 2 34 -46 547 -4 -6 0 3 4 53 1 457
201 0 56 -38 588 -3 2 0 5 0 26 22 1065
201 1 30 -46 502 -1 -3 0 4 6 49 1 416
202 0 56 -38 533 0 0 0 4 1 41 11 1061
202 1 30 -52 520 -5 0 0 3 8 50 0 457
203 0 52 -39 532 -2 3 0 3 1 49 9 988
203 1 29 -62 562 -1 0 0 4 5 65 1 555
204 0 54 -46 544 -1 -1 0 3 1 36 12 1052
204 1 30 -59 552 -3 -2 0 2 9 56 2 371
205 0 48 -39 477 0 -3 0 3 0 37 14 921
205 1 25 -62 603 -3 0 0 1 4 64 0 505
206 0 53 -39 453 2 -2 0 4 1 25 16 1072
206 1 25 9 78 -1 -1 0 0 1 1 0 34
206 2 37 -51 618 0 0 0 5 15 47 0 635
207 0 45 -39 461 -3 3 0 1 0 24 17 920
207 1 43 -46 661 10 7 0 8 14 38 0 980
208 0 46 -46 464 0 1 0 4 2 33 14 1013
208 1 48 -35 636 3 3 0 8 14 24 2 816
209 0 48 -38 678 0 -1 0 11 10 26 2 839
210 0 47 -46 439 -1 0 0 3 0 36 12 999
210 1 48 -46 740 0 -1 0 9 9 35 1 930
211 0 48 -46 460 0 2 0 2 0 39 16 951
211 1 43 -45 722 -1 -9 0 3 7 28 2 760
212 0 37 -61 678 -2 -8 0 10 10 52 1 827
213 0 45 -38 439 -1 -5 0 2 1 20 14 925
213 1 37 -49 569 1 -3 0 7 7 43 0 475
214 0 37 -46 582 7 2 0 5 10 42 2 625
215 0 46 -30 392 1 -4 0 4 0 21 14 984
215 1 48 -14 413 0 0 0 5 10 16 0 369
216 0 53 -30 449 0 -9 0 8 0 19 9 1044
216 1 50 1 334 10 -4 0 4 5 12 2 247
217 0 47 -46 423 0 0 0 0 0 39 14 890
217 1 30 -24 381 0 0 0 1 7 30 1 214
218 0 28 -33 388 -12 -5 0 0 4 30 0 155
219 0 25 -34 354 -1 -3 0 1 3 39 0 139
220 0 18 -42 514 -7 -4 0 2 1 40 1 217
221 0 47 -40 453 0 1 0 2 1 30 11 892
221 1 21 -43 463 0 0 0 1 3 45 1 190
222 0 53 -30 445 0 0 0 8 0 9 15 1120
222 1 19 -49 628 -2 0 0 2 3 50 3 338
223 0 46 -34 468 0 0 0 4 0 24 12 1004
223 1 28 -52 450 1 3 0 0 3 43 0 170
224 0 45 -38 421 0 0 0 1 0 24 18 919
224 1 30 -48 472 1 2 0 1 5 44 0 335
225 0 43 -52 574 0 0 0 1 1 47 15 994
225 1 45 -26 549 0 0 0 4 8 14 1 483
226 0 39 -55 518 0 0 0 3 0 61 9 557
226 1 58 16 398 0 0 0 21 10 3 1 203
227 0 33 -62 492 -2 4 0 1 1 64 7 647
227 1 60 2 482 -1 3 0 33 3 4 0 422
228 0 34 -61 471 -1 2 0 0 1 71 3 420
228 1 65 2 545 1 4 0 27 12 6 0 603
229 0 34 -57 465 1 0 0 0 2 65 4 531
229 1 60 -14 679 -2 -10 0 28 10 13 1 1058
230 0 30 -62 409 7 4 0 1 0 61 2 272
230 1 58 -25 860 -2 -2 0 17 14 6 4 1044
231 0 27 -61 463 2 2 0 2 1 66 3 474
231 1 50 -30 795 0 0 0 16 8 31 0 1033
232 0 27 -61 470 0 0 0 2 1 68 2 473
232 1 50 -30 767 -1 0 0 17 9 23 1 1038
233 0 28 -62 482 -4 0 0 1 0 65 7 263
233 1 50 -38 900 1 4 0 31 4 21 0 1160
234 0 28 -62 465 0 3 0 1 1 66 3 265
234 1 62 -5 813 0 0 0 45 9 5 2 992
235 0 29 -62 453 1 1 0 1 1 67 3 272
235 1 66 2 684 8 8 0 56 12 7 5 970
236 0 22 -62 455 2 4 0 1 1 68 3 327
236 1 82 54 554 0 0 0 58 0 4 2 176
237 0 23 -62 416 2 1 0 1 0 37 0 282
238 0 22 -61 374 4 -1 0 1 0 34 1 244
238 1 74 33 678 0 0 0 62 3 6 1 420
239 0 34 -30 317 0 0 0 0 0 33 8 365
239 1 68 17 675 0 0 0 53 9 8 1 703
240 0 40 -7 168 0 0 0 0 1 13 6 151
240 1 63 0 816 0 0 0 26 8 5 3 958
241 0 46 18 77 0 0 0 2 0 6 2 44
241 1 58 -18 808 0 0 0 27 11 13 1 1164
242 0 42 1 120 -6 1 0 2 0 13 2 95
242 1 55 -30 766 -3 -6 0 18 11 8 2 1149
243 0 28 -29 307 0 0 0 0 1 41 3 163
243 1 55 -21 902 2 1 0 24 18 10 6 1097
244 0 29 -40 335 -1 0 0 1 0 45 3 207
244 1 55 -29 724 -1 -3 0 24 15 14 3 1168
245 0 25 -49 344 -14 4 0 1 0 30 1 240
245 1 58 -14 761 4 7 0 36 11 12 1 1042
246 0 23 -56 395 -2 -1 0 2 0 50 0 244
246 1 58 -14 779 3 3 0 39 10 6 2 1083
247 0 24 -61 412 -4 0 0 0 1 51 2 186
247 1 61 -14 772 -1 1 0 41 8 11 3 1115
248 0 24 -62 398 -1 1 0 1 1 32 1 285
248 1 55 -29 743 0 0 0 29 10 17 2 1166
249 0 27 -62 444 0 -2 0 2 3 62 1 226
249 1 55 -30 852 0 -7 0 16 11 15 2 1036
250 0 34 -61 451 0 0 0 1 0 62 10 422
250 1 45 -49 700 0 0 0 7 12 31 2 809
251 0 38 -61 551 1 -4 0 2 2 66 7 547
251 1 42 -61 708 1 -11 0 13 9 51 2 771
252 0 42 -62 547 3 -5 0 1 0 63 13 854
252 1 38 -61 681 -2 -4 0 13 10 54 5 608
253 0 47 -38 446 0 0 0 4 0 29 8 1061
253 1 36 -52 561 3 -6 0 8 8 52 1 371
254 0 46 -32 443 1 0 0 3 1 13 18 1019
254 1 29 -50 520 2 -5 0 3 4 44 0 453
255 0 45 -46 408 0 0 0 2 1 26 13 1024
255 1 30 -52 530 -2 0 0 1 6 54 1 456
256 0 25 -62 537 -1 -4 0 3 3 57 0 577
257 0 45 -46 436 -1 -2 0 2 1 29 19 989
257 1 26 -53 523 -1 -2 0 3 1 56 0 236
258 0 48 -45 459 0 3 0 2 0 25 6 1017
258 1 24 -54 500 3 -3 0 3 1 55 0 193
259 0 48 -30 430 -1 -9 0 1 0 26 11 886
259 1 24 -53 482 0 -1 0 2 3 59 0 224
260 0 53 -30 445 2 -8 0 6 1 17 9 1119
260 1 16 -55 586 -3 -4 0 3 3 58 2 249
261 0 50 -30 394 0 0 0 1 0 28 6 917
261 1 19 -62 506 -3 1 0 1 3 60 2 314
262 0 20 -62 515 -1 0 0 1 2 64 1 322
263 0 50 -30 431 -1 -3 0 4 0 17 9 1024
263 1 17 -62 763 -1 -3 1 3 3 66 2 686
263 2 45 24 179 -1 -1 0 4 1 4 0 40
264 0 58 -12 470 0 0 0 20 0 4 8 1070
264 1 27 -52 458 0 0 0 0 5 31 0 180
265 0 39 -25 434 0 0 0 6 4 35 3 249
266 0 50 -30 434 -3 10 0 3 1 23 13 975
266 1 37 -18 436 3 4 0 3 13 21 1 298
267 0 52 1 335 0 0 0 10 2 9 0 264
268 0 38 -55 577 0 0 0 3 1 62 10 644
268 1 56 1 441 4 5 0 24 8 5 3 359
269 0 37 -62 451 -1 2 0 0 2 60 9 573
269 1 59 15 433 4 4 0 28 10 4 2 271
270 0 37 -55 460 1 0 0 0 0 56 11 535
270 1 63 20 423 2 4 0 29 7 4 4 286
271 0 27 -56 428 -2 2 0 1 0 59 5 481
271 1 66 26 347 4 4 0 29 4 4 1 222
272 0 23 -56 397 11 9 0 1 2 52 4 237
272 1 77 49 319 0 0 0 28 4 2 4 130
273 0 28 -48 419 4 -2 0 1 0 52 5 502
274 0 30 -46 364 1 -4 0 1 0 42 6 325
274 1 72 23 591 -4 -3 0 44 9 0 1 474
275 0 63 1 617 0 0 0 26 8 13 1 780
276 0 61 2 598 -1 -4 0 35 8 5 1 633
277 0 48 -29 592 0 0 0 5 7 25 1 523
278 0 44 -36 539 -5 -3 0 3 8 26 0 523
279 0 56 -19 457 -5 1 0 7 2 7 7 1031
279 1 37 -46 542 0 0 0 7 5 43 2 424
280 0 30 -49 616 -3 -5 0 4 6 49 0 445
281 0 45 -46 467 0 0 0 3 0 39 9 974
281 1 28 -62 498 -1 -6 0 2 4 56 1 377
282 0 24 -49 474 3 -2 0 4 6 46 0 472
283 0 45 -34 448 -3 -1 0 4 0 14 13 914
283 1 23 -48 349 -7 -4 0 1 1 30 1 95
284 0 45 -39 422 1 1 0 4 1 30 8 945
284 1 15 -48 539 -3 -2 0 2 1 51 0 225
285 0 45 -39 434 0 -1 0 3 0 29 12 944
285 1 23 -62 486 -4 2 0 1 2 55 4 250
286 0 52 -30 433 -1 -8 0 3 0 14 10 1058
286 1 23 -58 500 -1 0 0 1 4 58 1 232
287 0 52 -27 346 0 0 0 4 0 12 13 923
287 1 23 -62 499 -1 0 0 1 3 62 2 244
288 0 24 -62 523 0 0 0 1 2 64 3 250
289 0 24 -62 556 0 1 0 0 4 64 4 248
290 0 43 -45 650 -3 3 0 3 2 56 12 1088
290 1 34 -54 720 0 0 0 9 8 53 1 462
291 0 43 -46 633 2 -2 0 2 3 51 11 1051
291 1 40 -46 607 4 8 0 10 7 52 2 651
292 0 46 -36 410 6 3 0 1 1 32 16 598
292 1 36 -49 603 -2 0 0 6 19 36 0 699
293 0 42 -29 362 0 0 0 2 1 40 7 526
293 1 45 -45 780 0 0 0 7 11 30 0 992
294 0 42 -40 361 3 8 0 1 0 39 10 394
294 1 55 -22 706 0 0 0 30 16 10 1 1159
295 0 33 -46 460 -1 6 0 2 0 58 6 526
295 1 53 -29 955 0 0 0 17 12 17 1 1213
296 0 29 -55 400 -6 2 0 1 0 46 7 440
296 1 43 -49 734 0 0 0 6 12 38 1 867
297 0 30 -55 365 7 0 0 0 1 50 6 489
297 1 47 -46 706 9 8 0 7 10 24 1 1065
298 0 34 -46 411 5 -5 0 2 2 47 5 552
298 1 48 -45 724 0 0 0 8 9 27 2 1061
299 0 38 -13 209 0 0 0 0 1 22 2 239
299 1 54 -29 732 0 0 0 25 9 10 3 1213
300 0 37 -20 242 -6 1 0 0 0 29 4 292
300 1 55 -14 724 1 2 0 32 12 8 1 1011
301 0 24 -29 266 0 0 0 1 0 38 1 176
301 1 52 -29 937 0 0 0 25 11 26 1 1127
302 0 23 -56 365 0 0 0 0 2 30 1 226
302 1 52 -30 731 0 1 0 21 15 12 0 1037
303 0 23 -57 418 -5 -2 0 1 1 36 2 150
303 1 50 -30 841 -1 -4 0 14 12 15 2 1045
304 0 19 -62 609 -5 3 1 2 4 66 2 566
304 1 55 -22 747 6 7 0 28 15 9 6 1158
305 0 14 -62 509 0 1 1 0 3 64 0 351
305 1 63 3 740 0 0 0 45 13 10 1 851
306 0 18 -62 515 1 0 0 1 2 63 1 373
306 1 63 1 799 1 -1 0 45 12 8 1 894
307 0 16 -56 499 0 3 1 2 2 55 0 229
307 1 62 2 707 -1 1 0 49 15 6 3 870
308 0 13 -62 440 -3 5 1 0 2 46 0 248
308 1 66 17 640 4 5 0 58 12 5 0 656
309 0 15 -62 550 -2 3 1 3 1 53 0 361
309 1 65 2 776 -3 -2 0 50 8 7 3 988
310 0 13 -62 499 -2 2 1 4 3 45 0 236
310 1 66 2 675 1 2 0 51 17 3 6 998
311 0 16 -61 576 1 0 1 4 2 47 1 288
311 1 70 17 820 5 4 0 55 9 6 3 683
312 0 16 -61 590 0 0 1 6 3 50 1 282
312 1 70 26 677 0 0 0 63 13 2 2 564
313 0 13 -54 492 4 -6 1 2 1 49 1 310
313 1 80 28 746 11 8 0 66 6 7 4 715
314 0 23 -13 168 0 0 0 1 2 14 1 78
314 1 71 26 653 -7 -8 0 60 8 4 2 514
315 0 23 -13 160 1 -1 0 1 0 14 2 79
316 0 23 -29 198 -6 1 0 2 0 16 2 196
316 1 60 -7 736 0 0 0 36 15 5 2 941
317 0 26 -13 159 3 -2 0 1 0 13 3 119
317 1 55 -29 771 0 0 0 25 13 14 0 1136
318 0 26 -30 201 -8 -1 0 1 1 18 2 128
318 1 51 -29 758 -3 -6 0 13 9 19 2 1283
319 0 19 -45 484 -8 6 1 1 3 40 1 371
319 1 55 -20 923 0 0 0 32 8 14 3 1095
320 0 21 -46 592 -5 2 1 2 5 54 0 335
320 1 64 2 812 0 0 0 50 6 12 1 939
321 0 19 -62 578 -1 0 1 2 3 58 0 417
321 1 66 2 720 4 4 0 49 16 5 0 1005
322 0 19 -62 525 -7 0 0 2 3 51 0 464
322 1 66 2 727 0 -1 0 49 15 5 4 1002
323 0 18 -61 572 -2 2 1 0 5 56 3 456
323 1 66 18 644 0 0 0 51 12 7 2 659
324 0 24 -56 342 0 0 0 1 0 31 0 264
324 1 66 17 641 0 -1 0 48 14 7 1 661
325 0 29 -29 315 0 0 0 1 0 42 2 171
325 1 72 28 666 6 8 0 65 9 7 3 504
326 0 28 -24 244 9 1 0 1 1 32 1 149
326 1 76 35 640 4 5 0 58 6 0 3 401
327 0 25 -14 149 11 3 0 1 1 18 1 91
328 0 46 7 91 0 0 0 1 0 10 2 71
328 1 59 -14 713 0 0 0 27 10 8 2 823
329 0 55 -30 748 0 0 0 14 10 17 2 1037
330 0 60 26 136 0 0 0 3 0 3 2 124
330 1 48 -46 762 0 0 0 4 11 31 1 937
331 0 69 34 215 0 0 0 11 0 0 8 201
331 1 40 -51 644 0 0 0 5 15 43 1 696
332 0 70 34 241 2 -4 0 26 1 1 6 302
332 1 40 -61 701 -2 -2 0 7 5 53 2 941
333 0 80 78 131 0 0 0 21 0 2 0 127
333 1 30 -46 558 8 -11 0 2 8 45 0 470
334 0 85 98 228 10 0 0 34 3 5 1 293
334 1 25 -45 449 -2 -9 0 3 6 42 0 205
335 0 80 51 241 0 0 0 32 1 1 4 193
335 1 104 114 83 1 -1 0 0 0 3 1 36
335 2 24 -62 461 -4 0 0 2 3 46 1 268
336 0 24 -57 505 -7 0 0 2 4 52 0 238
337 0 65 1 440 0 0 0 37 0 1 10 877
337 1 29 -52 583 7 4 0 1 10 45 1 447
338 0 68 17 383 3 -3 0 44 1 1 11 646
338 1 36 -46 587 8 7 0 4 10 37 0 504
339 0 80 50 244 0 0 0 35 0 2 0 227
339 1 25 9 74 -1 -1 0 0 3 1 0 32
339 2 53 22 192 0 0 0 9 1 6 1 73
340 0 82 50 332 -1 -1 0 55 2 2 2 254
340 1 27 11 65 0 -1 0 0 2 1 0 27
340 2 48 14 169 -5 -7 0 2 1 3 0 60
341 0 26 9 91 0 -1 0 1 1 2 0 38
341 1 30 -33 373 0 0 0 3 2 38 2 179
342 0 68 18 471 0 0 0 48 0 1 14 735
342 1 22 5 83 0 0 0 1 0 3 0 38
342 2 26 -53 588 0 0 0 3 10 46 2 383
343 0 30 -62 556 -7 -1 0 3 3 59 1 467
344 0 25 -62 538 -1 -2 0 3 8 58 2 569
345 0 52 -30 509 -1 -2 0 8 1 16 7 1226
345 1 28 -62 480 3 -1 0 3 4 53 0 460
346 0 56 -13 491 0 0 0 19 0 2 12 1077
346 1 24 -50 454 6 -6 0 2 0 57 0 213
347 0 67 9 509 0 0 0 39 1 2 18 929
347 1 20 -33 450 2 0 0 3 3 34 1 219
348 0 64 2 483 0 0 0 22 0 3 13 912
348 1 10 -38 406 -6 -10 1 7 0 30 1 178
349 0 64 2 477 -1 0 0 40 0 1 11 898
349 1 5 -40 297 -5 -7 1 2 0 14 1 93
350 0 51 -30 479 0 0 0 4 0 21 12 1118
350 1 6 -62 456 -2 3 1 2 0 46 4 220
351 0 59 -29 495 -1 1 0 3 0 22 7 1138
351 1 22 7 68 0 -1 0 1 0 2 0 27
351 2 12 -62 537 -1 2 1 4 0 38 2 252
352 0 50 -30 448 -1 2 0 5 0 22 13 946
352 1 13 -61 638 -1 2 1 4 0 59 5 376
353 0 21 7 57 -1 -1 0 0 0 2 0 23
353 1 29 -46 442 0 0 0 2 3 53 2 303
354 0 19 -36 512 -6 -3 0 2 2 37 2 269
355 0 9 -56 400 0 0 1 3 2 37 4 224
357 0 52 -39 452 -4 1 0 3 1 36 16 969
357 1 23 -62 784 -2 0 1 3 2 59 9 629
358 0 52 -39 439 0 -2 0 5 0 21 13 986
358 1 18 -3 145 -3 -1 0 0 1 4 0 65
358 2 18 -62 730 -1 4 1 4 2 52 8 480
359 0 46 -40 454 0 0 0 3 1 48 10 835
359 1 20 -47 631 0 0 1 3 2 40 7 424
359 2 17 -11 271 -4 16 0 3 0 5 2 116
360 0 46 -46 491 0 0 0 2 1 59 9 769
360 1 25 -61 899 0 0 1 6 4 52 8 730
360 2 19 -13 353 0 0 1 5 3 21 1 166
361 0 43 -46 499 -1 -1 0 1 0 48 16 755
361 1 25 -61 903 -3 3 1 6 2 63 7 722
361 2 43 24 142 1 2 0 0 0 0 0 36
362 0 43 -60 2124 -2 3 1 14 2 71 7 1306
363 0 36 -61 1732 0 0 1 11 3 75 4 1103
364 0 47 -45 466 -2 -3 0 1 0 32 7 1010
364 1 22 -9 425 0 -1 1 8 2 23 5 186
364 2 24 -52 926 -1 -1 1 10 1 47 5 602
365 0 47 -54 2407 -1 2 1 15 4 74 5 1390
366 0 43 -46 577 -4 4 0 4 1 61 12 762
366 1 37 -51 1666 0 0 1 9 6 68 8 975
367 0 46 -46 436 -1 -1 0 2 0 57 10 587
367 1 36 -52 1669 0 -1 1 9 2 88 12 996
368 0 42 -46 444 -1 -2 0 1 1 51 12 695
368 1 38 -62 1602 -1 -2 1 13 3 82 6 1111
369 0 43 -55 639 -5 6 0 3 2 69 7 687
369 1 45 -56 2212 -1 -1 1 20 5 64 8 1548
370 0 45 -45 460 0 0 0 2 1 32 7 1024
370 1 36 -54 1705 0 0 1 12 3 86 6 1027
371 0 43 -55 571 0 0 0 3 1 68 7 641
371 1 47 -54 2342 0 -1 1 16 6 69 10 1387
372 0 51 -51 2629 -1 -2 1 14 3 147 17 1755
373 0 43 -55 674 0 1 0 1 3 74 6 684
373 1 40 -56 2017 0 1 1 21 4 94 6 1405
374 0 43 -55 635 -2 -1 0 3 2 67 9 639
374 1 40 -55 1936 0 -1 1 23 6 102 3 1261
377 0 53 -53 2524 0 -3 1 21 3 82 6 1664
378 0 44 24 169 -5 -3 0 0 0 0 0 36
379 0 43 -46 544 -8 6 0 1 4 62 13 886
379 1 43 -61 1916 0 -1 1 20 3 73 12 1460
380 0 51 -46 428 0 0 0 2 0 24 11 995
381 0 44 -46 453 0 0 0 2 2 44 5 936
381 1 50 -60 2390 -2 0 1 15 4 83 7 1641
382 0 44 -48 682 -2 0 0 1 3 61 20 927
383 0 44 -46 681 -1 1 0 1 2 73 11 902
383 1 22 -13 438 -1 0 1 6 4 23 2 271
383 2 37 -56 1644 -2 -1 1 24 2 52 7 1203
384 0 43 -55 673 -2 1 0 1 1 69 11 999
384 1 20 -13 364 0 0 1 4 3 25 1 222
384 2 40 -62 1821 0 3 1 28 3 61 12 1426
385 0 41 -46 459 0 -2 0 2 0 52 11 735
385 1 26 -13 497 0 0 1 4 5 27 1 263
385 2 37 -56 1863 -3 -3 1 31 3 57 4 1377
386 0 25 -13 199 0 0 0 0 1 15 4 133
386 1 18 2 170 -1 -2 0 3 2 6 0 52
386 2 37 -56 2150 -1 -1 1 27 2 53 10 1472
387 0 26 -13 169 -1 0 0 0 0 12 3 121
387 1 18 5 158 -1 -1 0 3 1 4 0 46
387 2 37 -60 2203 -2 1 1 32 2 58 7 1533
388 0 39 -56 745 0 0 0 1 1 65 15 838
388 1 18 5 129 0 -1 0 1 0 5 0 42
388 2 38 -56 2637 -1 -1 1 31 2 71 10 1910
389 0 41 -46 474 8 -2 0 3 1 53 14 769
389 1 27 -13 172 0 0 0 0 1 14 2 127
389 2 18 4 123 0 -1 0 2 0 6 0 41
389 3 38 -60 2632 -2 -1 1 34 7 67 5 1903
390 0 39 -48 758 -2 2 0 1 4 60 14 929
390 1 40 -60 2839 -1 -1 1 34 4 75 6 2089
391 0 42 -48 502 0 -1 0 4 0 70 11 797
391 1 26 -14 214 0 0 0 0 1 15 5 123
391 2 45 -61 3276 -1 -1 1 35 8 85 13 2459
391 3 18 5 160 0 -1 0 1 1 4 0 48
392 0 41 -46 474 2 -2 0 2 2 60 10 766
392 1 26 -14 212 0 0 0 0 2 14 5 123
392 2 39 -62 2496 2 -3 1 28 5 68 6 1755
393 0 42 -46 506 3 -1 0 2 0 45 14 923
393 1 53 -62 3557 -1 0 1 34 2 98 16 2970
394 0 41 -46 462 0 -1 0 3 1 45 14 897
394 1 21 -13 565 -1 -1 1 2 3 30 2 251
394 2 37 -61 2305 1 0 1 22 3 62 10 1471
395 0 41 -46 439 0 0 0 3 0 51 13 773
395 1 22 -13 632 0 -1 1 3 2 37 1 263
395 2 38 -62 2333 1 0 1 15 0 61 10 1384
396 0 41 -46 481 0 -2 0 2 1 57 9 731
396 1 20 -13 389 -1 -1 0 0 2 30 2 206
396 2 37 -62 2357 -1 1 1 17 6 58 7 1333
397 0 41 -45 383 0 0 0 1 0 54 8 617
397 1 21 -12 269 0 -1 0 0 3 26 3 128
397 2 37 -55 2402 -2 1 1 20 2 60 7 1337
398 0 41 -46 484 -1 -2 0 3 1 57 13 766
398 1 21 -12 236 0 0 0 2 1 25 1 131
398 2 39 -61 2602 0 1 1 30 6 81 8 1675
399 0 34 -50 1009 -2 1 0 4 0 87 13 1030
399 1 40 -61 2669 -2 -1 1 27 4 92 8 1669
400 0 41 -61 478 -2 -3 0 2 0 58 9 891
400 1 20 -9 415 0 0 1 3 1 31 2 158
400 2 40 -60 2662 0 -1 1 31 6 84 8 1733
401 0 41 -46 321 0 0 0 1 0 46 7 426
401 1 20 -8 424 -1 0 1 0 3 33 1 173
401 2 43 -61 3035 -1 -1 1 36 7 100 11 2238
402 0 20 -13 429 0 -1 1 1 2 33 0 202
402 1 43 -53 3024 -1 0 1 30 3 114 12 2145
403 0 39 -55 563 -3 0 0 1 1 72 10 546
403 1 27 -13 183 0 -1 0 0 2 19 0 87
403 2 43 -62 3056 0 -1 1 28 7 107 15 2287
404 0 42 -54 462 2 -2 0 1 2 57 10 590
404 1 23 -12 316 0 0 0 5 2 25 3 135
404 2 45 -62 3396 -1 -1 1 38 3 104 11 2288
405 0 41 -52 453 1 -1 0 2 0 56 11 619
405 1 23 -12 286 0 -1 0 3 0 23 1 126
405 2 43 -57 2804 -1 0 1 7 1 96 9 1210
406 0 42 -46 353 0 -2 0 2 0 45 15 618
406 1 23 -12 267 0 0 0 3 0 23 1 126
406 2 43 -62 3147 0 -2 1 25 4 98 11 2055
407 0 40 -55 470 1 4 0 2 0 62 9 647
407 1 20 -11 537 -1 0 1 0 2 30 1 162
407 2 44 -62 2877 -1 0 1 11 2 97 6 1312
408 0 40 -54 482 0 -1 0 3 0 60 7 634
408 1 46 -62 3433 0 -2 1 32 7 111 11 2542
409 0 40 -55 429 14 6 0 1 0 57 10 517
409 1 47 -62 3555 0 0 1 32 8 108 17 2695
410 0 41 -48 432 2 -4 0 4 0 51 11 631
410 1 44 -62 3200 -1 -1 1 38 4 120 8 2329
411 0 41 -48 466 0 -1 0 4 0 58 9 626
411 1 20 -11 318 -1 0 0 1 0 34 2 128
411 2 39 -62 2852 0 -2 1 34 4 96 13 2107
412 0 42 -46 382 2 0 0 1 0 57 10 612
412 1 44 -62 3145 0 0 1 34 6 112 14 2382
413 0 41 -55 477 -3 -1 0 2 1 52 9 836
413 1 21 -11 318 -1 -1 0 3 1 32 2 112
413 2 39 -62 2895 0 0 1 33 2 96 11 2161
414 0 42 -48 464 0 -2 0 2 0 50 16 752
414 1 43 -59 3083 0 0 1 31 4 113 10 2098
415 0 41 -52 435 -1 0 0 2 0 51 13 794
415 1 43 -62 3104 0 -1 1 37 4 112 13 2284
416 0 42 -46 421 -1 -4 0 2 0 42 17 859
416 1 43 -60 3081 0 0 1 28 12 107 13 2288
417 0 48 -13 315 0 0 0 7 1 12 8 622
418 0 52 2 234 0 0 0 9 0 5 2 440
419 0 46 -39 418 -6 13 0 0 0 34 8 946
419 1 30 -62 1772 -1 -3 1 5 1 101 2 875
420 0 39 -46 493 0 0 0 3 1 59 9 808
420 1 29 -62 1756 -1 -4 1 7 4 101 4 786
421 0 44 -46 412 1 3 0 1 0 51 15 712
421 1 29 -62 1775 1 -1 1 2 4 97 7 792
422 0 40 -55 477 0 0 0 0 0 62 8 515
423 0 43 -62 3022 0 2 1 8 4 178 10 1576
425 0 33 -94 2452 -1 -1 1 3 9 134 7 1467
426 0 63 3 323 0 0 0 19 0 2 10 613
426 1 31 -94 2307 -2 -2 1 3 7 142 9 1347
429 0 41 -47 471 -1 4 0 3 0 51 6 719
430 0 41 -55 487 -1 2 0 4 0 56 10 830
430 1 43 -78 2908 1 -1 1 10 1 134 4 1561
431 0 40 -61 496 1 2 0 2 1 56 7 942
431 1 43 -62 2826 0 -1 1 8 2 113 3 1344
432 0 39 -56 497 -3 2 0 2 0 66 12 730
432 1 43 -62 2789 0 0 1 5 6 105 7 1347
435 0 32 -62 1999 -1 2 1 6 0 108 7 997
435 1 37 -62 652 2 4 0 7 4 66 5 458
450 0 45 -46 1003 0 0 0 20 14 46 2 918
451 0 49 -35 1000 1 7 0 22 10 32 2 906
452 0 45 -49 869 0 0 0 16 13 47 4 634
455 0 38 -61 2936 0 -1 1 14 12 154 8 1376
458 0 54 -30 1047 0 0 0 22 15 17 3 993
459 0 55 -30 1085 1 0 0 32 10 13 3 1022
460 0 48 -46 1075 0 0 0 14 6 51 2 911
461 0 35 -61 2030 0 -1 1 4 4 110 7 975
461 1 44 -61 894 4 -11 0 16 7 58 1 782
462 0 37 -61 3023 -1 -1 1 13 14 166 11 1774
464 0 38 -62 3067 0 1 1 12 7 165 12 1414
465 0 38 -62 3016 0 0 1 18 9 168 11 1450
466 0 37 -62 3004 1 0 1 16 10 161 10 1413
467 0 37 -53 1022 4 2 0 13 5 64 5 687
468 0 37 -62 3047 -1 -1 1 14 10 169 8 1455
469 0 45 -48 997 0 0 0 20 11 33 2 959
470 0 55 -29 1143 0 0 0 31 7 16 5 1129
471 0 50 -40 1165 0 0 0 15 13 26 2 997
472 0 44 -51 789 0 0 0 14 18 34 2 604
473 0 45 -54 787 -1 -5 0 10 11 52 4 495
474 0 37 -61 3013 -1 0 1 18 10 177 10 1763
475 0 44 -61 1033 0 0 0 16 13 50 4 810
476 0 48 -46 1019 3 7 0 18 9 45 5 907
477 0 44 -52 741 3 -17 0 16 9 49 5 480
478 0 36 -61 2971 -1 0 1 16 11 171 9 1725
479 0 37 -62 2990 -2 -3 1 13 10 157 4 1334
480 0 41 -62 3098 0 0 1 23 14 164 5 1533
481 0 45 -49 807 0 0 0 18 12 31 1 635
482 0 55 -14 874 0 0 0 39 11 15 5 770
483 0 30 -61 1780 0 0 1 7 4 97 5 871
483 1 55 -21 1015 -3 -4 0 22 7 13 7 881
484 0 52 -30 938 -2 -1 0 26 8 32 5 1014
485 0 30 -62 1697 0 0 1 4 3 100 3 792
485 1 52 -30 965 0 0 0 25 11 27 3 1019
486 0 52 -33 1037 0 0 0 28 16 33 4 1066
487 0 21 -62 1347 0 0 1 5 3 81 1 550
487 1 18 -9 388 0 -1 0 2 1 13 0 101
487 2 53 -30 1166 -1 0 0 37 10 27 3 1008
488 0 21 -62 1370 0 0 1 2 4 79 4 551
488 1 22 -8 504 0 -1 0 2 0 17 1 130
488 2 49 -46 1007 -3 -6 0 17 17 31 1 1320
489 0 18 -62 622 0 -2 0 3 2 62 3 250
489 1 18 -9 391 0 -1 0 2 1 12 1 101
489 2 50 -34 1039 1 1 0 14 12 22 4 1132
490 0 22 -62 1405 0 -2 1 3 6 90 6 575
490 1 17 -9 386 -1 -1 0 1 0 8 1 98
490 2 48 -46 900 0 0 0 16 11 39 5 913
491 0 11 -61 975 0 -3 1 4 2 74 2 496
491 1 21 8 169 0 -2 0 1 0 7 2 38
491 2 22 -8 499 0 -1 0 2 1 14 2 131
491 3 45 -54 786 0 0 0 14 12 60 6 656
492 0 20 -61 663 0 -3 0 2 1 64 2 371
492 1 8 -42 475 0 -1 1 1 2 18 1 154
492 2 31 -61 1681 -7 -4 0 14 7 93 6 1214
493 0 24 -61 963 0 0 1 3 1 89 2 507
493 1 8 -42 474 0 -1 1 1 0 21 1 153
493 2 6 -25 104 -1 0 0 0 0 1 1 24
493 3 22 -9 408 0 -1 0 2 0 18 2 113
493 4 44 -61 830 11 5 0 14 9 57 1 783
494 0 6 -25 104 -1 0 0 0 0 1 1 24
494 1 23 -9 382 -1 0 0 1 2 17 3 112
494 2 45 -61 774 0 0 0 16 7 53 3 737
495 0 6 -25 104 -2 0 0 0 0 1 1 24
495 1 23 -10 371 -1 -1 0 0 1 21 2 96
495 2 48 -53 1113 0 0 0 15 6 52 3 1139
497 0 41 -55 425 0 0 0 1 0 62 7 470
497 1 20 -10 235 -1 0 0 1 1 21 1 88
498 0 18 -25 650 0 1 1 8 0 28 1 227
500 0 18 -9 389 0 -1 1 1 3 9 0 127
508 0 7 -24 251 0 -1 0 0 0 6 3 81
510 0 18 -6 448 -1 0 1 0 3 7 0 134
511 0 34 -33 1730 0 0 0 17 5 31 8 1469
512 0 20 -5 468 0 0 1 1 2 8 0 145
514 0 39 -56 493 0 0 0 2 0 62 9 467
514 1 55 -31 1606 -2 -4 0 19 5 59 8 875
515 0 52 -37 1349 -5 -4 0 11 7 66 4 752
516 0 38 -56 593 0 -1 0 10 1 70 4 545
521 0 18 -7 351 -1 -1 1 1 2 4 0 113
521 1 10 -27 277 0 -1 0 0 0 12 3 111
522 0 19 -6 242 0 -1 0 2 2 8 0 84
523 0 2 -10 24 0 0 1 0 0 0 0 6
524 0 12 -21 307 -1 -2 0 1 0 11 2 106
525 0 26 5 69 2 0 0 0 0 4 1 23
525 1 44 -54 745 1 0 0 10 4 66 2 358
526 0 19 -20 397 1 -1 0 0 0 12 2 138
526 1 44 -52 791 -1 3 0 11 7 65 2 689
527 0 19 -8 333 1 -1 0 0 0 7 2 95
527 1 44 -61 790 0 0 0 10 6 71 3 774
528 0 31 -55 1438 -6 -5 0 8 0 99 3 707
529 0 29 -61 1460 -2 -1 0 8 6 97 4 1190
530 0 29 -61 1479 -1 0 0 9 3 94 6 1193
531 0 27 -57 1186 -14 -6 0 4 0 84 3 455
532 0 18 -6 372 -1 0 1 1 2 7 0 110
532 1 56 29 47 -2 -2 0 1 0 1 0 10
533 0 18 -6 373 -1 -1 1 1 2 7 0 110
533 1 7 -8 121 0 -1 0 0 0 2 1 33
534 0 41 -55 433 -1 -5 0 0 1 71 2 286
534 1 18 -3 403 0 0 1 0 1 7 0 124
535 0 41 -55 335 1 -3 0 1 0 57 3 479
537 0 18 -3 344 0 -1 1 0 2 6 0 102
538 0 20 -3 378 0 -1 1 0 2 7 0 111
539 0 18 -3 343 0 -1 1 0 1 9 0 100
540 0 18 -3 345 0 -1 1 0 1 9 0 100
540 1 9 -7 183 -1 -1 0 1 0 2 1 45
540 2 39 -57 979 -2 0 0 12 6 68 3 541
541 0 18 -3 338 0 -1 1 0 1 6 0 103
541 1 8 -6 143 0 0 0 0 0 1 3 38
541 2 42 -54 814 0 -3 0 10 3 67 2 358
542 0 65 -29 388 0 0 0 2 0 64 3 423
542 1 20 -3 373 0 -1 1 0 1 8 0 111
543 0 59 -30 418 -4 2 0 2 0 64 3 399
543 1 7 -10 128 -1 -1 0 0 0 3 1 32
544 0 53 -40 266 10 7 0 1 0 49 2 276
544 1 18 -34 644 0 -1 1 5 1 28 0 278
545 0 50 -46 379 -3 2 0 1 1 69 1 222
545 1 19 -8 230 0 -1 0 0 3 9 2 77
546 0 46 -46 432 -1 4 0 1 0 70 1 338
546 1 19 -6 230 -1 -1 0 1 2 10 0 71
546 2 11 -9 233 -1 0 0 2 0 4 2 64
547 0 47 -46 398 -1 -5 0 2 0 64 3 351
547 1 11 -7 136 -1 0 0 0 1 4 2 49
547 2 14 -10 301 -1 -1 0 2 0 5 2 79
547 3 40 -53 684 -1 1 0 6 2 53 2 273
548 0 46 -46 353 -1 3 0 2 0 64 2 260
548 1 21 -6 125 0 0 0 0 2 6 0 52
550 0 40 -56 470 0 0 0 2 1 69 2 286
550 1 45 -51 937 -3 3 0 18 5 64 1 626
552 0 13 -6 239 0 -1 0 1 0 3 2 66
553 0 45 -51 826 1 1 0 11 6 59 3 523
554 0 6 -12 136 0 -1 0 2 0 3 0 37
555 0 18 -5 360 0 -2 1 0 2 7 0 111
555 1 14 -5 87 0 -2 0 0 0 3 1 24
557 0 22 -5 194 0 0 0 0 0 5 2 65
558 0 37 -62 450 -1 -2 0 2 1 72 1 568
558 1 18 -3 347 0 -1 1 0 1 9 0 100
559 0 37 -62 462 -2 -2 0 1 0 69 5 385
559 1 18 -5 359 0 -1 1 0 3 7 1 109
560 0 42 -62 418 1 -3 0 1 0 67 4 408
560 1 13 -6 151 0 0 0 1 3 4 1 54
561 0 37 -56 404 13 3 0 0 0 68 3 402
561 1 13 -6 152 0 0 0 1 3 3 1 55
561 2 9 -5 150 0 0 0 0 0 2 1 39
566 0 12 -8 247 0 -2 0 1 0 5 2 64
567 0 8 -5 160 0 -1 0 0 0 1 1 40
568 0 6 -14 152 2 -2 1 0 1 3 0 32
568 1 11 -4 196 0 0 0 0 0 2 1 53
569 0 20 -5 169 0 0 0 2 2 8 0 60
569 1 42 -52 672 0 0 0 5 1 67 1 270
570 0 12 -6 116 0 0 0 2 1 4 1 40
570 1 44 -53 607 -2 1 0 4 4 64 3 226
571 0 14 -6 94 -1 0 0 1 0 7 0 32
571 1 44 -53 676 -2 1 0 4 5 56 1 235
572 0 47 -46 403 -1 0 0 1 1 70 2 213
572 1 12 -6 139 -1 -1 0 1 1 7 0 39
572 2 44 -52 669 -2 2 0 7 9 44 1 283
573 0 41 -54 468 0 5 0 4 3 69 1 275
573 1 11 -6 128 0 -1 0 1 1 7 0 39
573 2 45 -53 646 0 -3 0 1 4 55 1 197
574 0 44 -49 407 -2 -2 0 1 2 69 2 304
574 1 11 -6 117 0 0 0 1 2 6 0 39
574 2 45 -52 690 -2 -1 0 5 6 61 1 228
575 0 40 -56 450 0 2 0 2 2 75 0 281
575 1 11 -6 119 0 -1 0 0 3 4 0 41
575 2 9 -5 138 -1 1 0 0 0 0 0 35
575 3 45 -54 552 0 -2 0 2 1 47 0 126
576 0 40 -56 464 -1 1 0 2 2 70 1 285
576 1 19 -6 237 -1 -2 0 2 4 9 0 69
576 2 44 -53 650 0 1 0 4 3 63 1 237
577 0 34 -56 1022 0 0 0 3 4 74 2 457
577 1 8 -11 155 -1 0 0 1 0 5 0 43
577 2 58 -33 1221 -3 -4 0 24 13 17 4 956
578 0 30 -52 816 -2 4 0 2 5 47 5 301
578 1 55 -35 1000 -3 -6 0 20 10 50 4 774
579 0 32 -54 843 0 -3 0 2 6 56 0 356
579 1 7 -9 148 0 0 0 0 0 2 3 43
579 2 52 -46 849 0 0 0 18 8 55 3 546
580 0 33 -56 946 -1 -3 0 3 1 73 3 492
580 1 15 -8 314 0 0 0 1 0 4 2 81
580 2 48 -50 692 4 -10 0 6 1 54 0 240
581 0 34 -62 527 -5 0 0 0 2 65 0 255
581 1 14 -6 68 2 0 0 0 2 4 0 26
581 2 15 -9 320 -1 0 0 0 1 4 0 83
581 3 47 -49 660 -1 0 0 5 3 56 1 271
582 0 34 -58 456 0 2 0 0 4 53 1 206
582 1 11 -6 120 0 0 0 0 3 4 0 41
582 2 16 -8 357 -1 0 0 0 0 9 2 88
582 3 50 -42 827 0 0 0 15 13 39 3 586
583 0 40 -56 350 0 0 0 1 0 64 4 381
583 1 19 -6 244 -1 -3 0 2 3 10 0 69
583 2 15 -9 341 -1 0 0 1 1 9 1 87
583 3 48 -46 680 0 0 0 5 4 38 1 239
584 0 44 -46 412 -1 -5 0 1 0 67 4 328
584 1 19 -8 244 0 -1 0 2 1 11 1 76
584 2 15 -9 339 -1 0 0 0 1 7 2 89
584 3 48 -45 720 2 -3 0 0 0 62 0 184
585 0 40 -45 309 0 0 0 3 2 52 1 302
585 1 19 -8 245 0 -1 0 3 1 13 0 74
585 2 16 -9 346 0 0 0 1 2 13 0 92
585 3 45 -49 654 1 -4 0 3 0 50 3 196
586 0 39 -53 471 -2 1 0 1 1 73 2 407
586 1 19 -8 243 -1 -2 0 2 4 10 1 87
586 2 35 -49 1558 -1 0 0 3 1 92 10 591
587 0 40 -56 482 -1 0 0 2 1 71 3 373
587 1 18 -9 263 -1 0 0 2 4 14 0 84
587 2 25 -8 540 -1 0 0 0 1 16 3 140
587 3 45 -52 726 0 0 0 5 2 63 1 230
588 0 39 -56 487 1 4 0 2 4 66 3 195
588 1 19 -7 239 0 0 0 2 2 10 0 90
588 2 16 -8 350 -1 -3 0 1 0 5 2 88
588 3 44 -54 666 -1 -1 0 6 3 66 3 230
589 0 35 -56 548 -1 2 0 2 2 78 1 261
589 1 12 -6 122 0 2 0 0 1 5 2 40
589 2 14 -5 75 0 -3 0 2 0 2 1 19
589 3 52 -37 1074 0 0 0 26 9 46 8 730
590 0 35 -56 930 0 2 0 0 4 72 2 417
590 1 52 -43 1168 -1 0 0 29 9 46 5 772
591 0 32 -62 549 -2 -1 0 1 1 72 0 286
591 1 14 -6 67 0 0 0 0 1 5 0 26
591 2 50 -46 829 5 -10 0 15 5 56 9 587
592 0 28 -53 743 0 0 0 3 2 44 1 270
592 1 45 -49 659 0 0 0 5 0 45 3 193
593 0 25 -53 1568 -1 1 1 6 6 64 0 509
593 1 49 -46 934 0 0 0 13 3 56 3 581
594 0 30 -57 675 4 -6 0 1 4 56 1 239
594 1 48 -46 825 -2 2 0 14 10 51 5 576
595 0 29 -77 1878 -1 1 1 3 5 94 1 729
595 1 45 -61 802 -1 -4 0 12 6 59 3 736
596 0 31 13 77 0 0 0 0 1 3 0 14
596 1 16 -74 1337 0 1 1 0 6 88 8 586
596 2 10 -6 169 -1 0 0 0 0 2 2 38
596 3 44 -61 787 0 -2 0 15 8 56 4 781
597 0 22 -70 1561 0 2 1 3 5 88 0 624
597 1 9 -6 177 -1 0 0 0 0 3 2 43
597 2 46 -45 849 4 4 0 16 7 53 4 699
598 0 21 -65 1453 2 -1 1 5 6 78 1 540
598 1 10 -6 162 -1 -1 0 0 0 6 1 35
598 2 45 -46 729 0 -5 0 15 8 44 0 613
599 0 20 -62 1308 2 0 1 3 6 45 1 505
599 1 10 -6 163 -1 -1 0 1 0 6 1 34
599 2 45 -61 730 -1 1 0 14 14 43 2 743
600 0 21 -52 1247 2 -1 1 2 5 35 2 460
600 1 10 -7 165 -1 0 0 3 0 4 1 41
600 2 42 -53 735 3 -9 0 13 7 47 2 519
601 0 22 -52 1276 -1 -1 1 1 4 40 2 457
601 1 8 -5 145 -1 -1 0 0 0 4 0 31
601 2 44 -54 691 2 -2 0 12 6 53 1 358
602 0 19 -54 1113 0 0 1 4 2 40 3 419
602 1 12 -7 193 0 0 0 2 0 4 0 48
602 2 45 -54 754 0 -1 0 11 3 68 2 664
603 0 19 -54 1096 1 0 1 0 4 36 2 426
603 1 10 -8 216 -1 -1 0 1 1 8 0 54
603 2 45 -53 694 0 -1 0 12 5 58 1 320
604 0 20 -55 633 0 0 0 3 3 52 5 279
604 1 16 -2 180 -1 -1 0 1 0 2 0 37
604 2 45 -49 757 1 8 0 8 15 51 4 619
605 0 20 -55 590 2 0 0 4 1 52 3 282
605 1 16 -9 341 0 1 0 1 2 8 2 95
605 2 29 8 54 -3 -1 0 0 0 2 0 10
605 3 48 -46 765 -1 2 0 10 13 46 2 585
606 0 22 -52 1287 1 1 1 2 5 36 3 458
606 1 16 -9 340 0 0 0 0 1 11 3 93
606 2 48 -61 766 0 -1 0 12 10 58 2 702
607 0 21 -54 1174 0 -2 1 5 5 63 3 442
607 1 17 0 143 0 0 0 4 0 1 1 34
607 2 47 -61 738 -1 -4 0 12 6 65 5 680
608 0 21 -54 1181 1 0 1 4 4 65 2 443
608 1 17 -8 313 -1 -1 0 2 1 8 1 76
608 2 45 -52 688 -1 -4 0 9 4 52 0 322
609 0 21 -55 561 0 0 0 1 5 45 0 208
609 1 21 -8 433 -1 -1 0 2 0 16 1 107
609 2 45 -52 684 -2 -1 0 8 8 53 1 317
610 0 22 -57 563 -3 -1 0 1 6 41 0 180
610 1 20 -8 412 0 -1 0 1 1 13 2 109
610 2 45 -54 699 -1 -3 0 8 2 61 3 278
611 0 27 -61 649 0 -3 0 2 6 61 1 317
611 1 16 -8 361 -1 -1 0 1 0 15 1 82
611 2 45 -53 686 0 0 0 10 3 60 2 321
612 0 28 -62 631 0 -1 0 3 3 63 3 324
612 1 14 -7 252 -1 -1 0 1 0 3 1 55
612 2 45 -54 668 -2 -1 0 8 4 57 0 239
613 0 28 -59 617 0 -1 0 1 3 66 2 358
613 1 5 -43 649 -1 -1 1 1 2 29 2 219
613 2 45 -53 689 0 2 0 9 8 49 1 320
614 0 30 -58 609 -1 -1 0 0 1 69 2 348
614 1 17 -2 194 0 -1 0 0 0 1 0 44
614 2 45 -54 697 0 -3 0 4 5 53 1 245
615 0 29 -57 628 3 -1 0 1 4 61 1 311
615 1 4 -43 324 -1 0 1 0 2 11 0 97
615 2 10 -7 152 -1 0 0 1 0 2 1 38
615 3 45 -52 686 2 2 0 8 7 59 3 310
616 0 29 -58 630 -1 -1 0 1 2 64 3 308
616 1 17 -7 268 -1 -1 0 0 0 6 0 60
616 2 45 -52 663 0 -3 0 6 2 57 2 234
617 0 30 -56 714 0 -2 0 1 6 68 0 387
617 1 16 -2 79 -1 0 0 1 0 2 1 17
617 2 45 -50 712 0 4 0 12 2 60 1 387
618 0 30 -56 1293 0 0 1 4 5 86 2 634
618 1 17 -8 306 0 0 0 0 0 17 4 87
618 2 45 -49 724 2 -3 0 9 3 62 3 301
619 0 30 -56 1171 0 -1 1 1 4 85 1 511
619 1 22 -8 414 0 0 0 1 1 18 4 111
619 2 45 -52 643 -1 -1 0 3 5 58 2 233
620 0 31 -59 811 0 -3 0 2 0 69 2 422
620 1 35 -51 1315 0 0 0 6 1 68 6 465
621 0 30 -56 892 0 0 0 5 3 81 3 467
621 1 23 -8 367 0 -1 0 1 1 14 2 102
621 2 45 -52 529 0 0 0 0 4 33 1 177
622 0 40 -56 453 0 -4 0 3 5 56 1 160
622 1 18 -9 381 -1 -1 1 4 0 16 0 110
622 2 17 -8 291 -2 -2 0 2 0 11 2 73
622 3 45 -53 566 -1 -1 0 1 4 38 1 171
623 0 39 -56 476 0 -1 0 0 1 76 2 141
623 1 19 -7 246 0 0 0 0 4 10 1 89
623 2 16 -2 79 -1 0 0 0 0 1 0 20
623 3 20 -8 124 0 -1 0 1 0 4 1 34
623 4 43 -53 697 0 -3 0 8 4 65 3 272
624 0 37 -56 468 0 0 0 1 0 70 1 143
624 1 17 -7 352 -1 -1 1 1 1 12 1 105
624 2 11 -7 164 -1 -1 0 0 1 1 3 37
624 3 44 -53 650 0 -1 0 8 3 67 0 230
625 0 40 -56 427 0 0 0 0 1 69 4 322
625 1 37 -56 451 -1 -4 0 2 2 32 1 131
626 0 42 -55 449 0 0 0 2 0 68 5 285
626 1 21 -6 122 -4 -1 0 0 3 6 0 39
626 2 11 -5 96 2 17 0 0 0 3 0 21
626 3 33 -56 809 -3 0 0 2 2 58 1 315
627 0 42 -56 434 2 2 0 1 0 70 4 330
627 1 22 -1 87 1 0 0 0 2 7 0 31
627 2 33 -56 758 -1 -1 0 2 2 54 3 275
628 0 38 -61 456 -1 2 0 1 1 69 3 386
628 1 14 -6 41 0 0 0 0 2 2 0 20
628 2 37 -62 640 1 2 0 4 4 62 4 241
629 0 38 -56 419 -2 -2 0 1 1 66 5 357
629 1 14 -1 33 2 0 0 0 1 3 0 14
629 2 27 -56 1935 -2 -2 1 5 5 90 5 693
630 0 33 -62 470 -1 4 0 2 2 72 3 281
630 1 14 -3 38 1 -1 0 0 1 2 0 25
630 2 9 -12 74 0 -1 0 0 0 2 0 14
630 3 29 -56 701 0 -1 0 2 3 57 2 296
631 0 32 -58 526 -3 0 0 1 1 71 4 267
631 1 3 -20 176 0 -3 1 1 1 7 0 46
631 2 15 -4 138 0 -3 0 0 0 3 2 35
632 0 32 -62 506 0 -2 0 1 2 74 2 461
633 0 32 -55 477 -5 1 0 2 0 54 7 224
633 1 14 -1 37 0 0 0 0 0 5 0 19
633 2 7 -6 153 -2 0 1 1 0 0 0 35
634 0 23 -61 414 0 0 0 1 2 47 1 189
634 1 38 -54 671 -3 0 0 10 3 58 4 345
635 0 22 -62 506 -2 1 0 2 4 49 1 144
635 1 13 -13 198 3 -1 0 0 0 3 1 44
635 2 34 -62 786 0 0 0 11 5 71 2 541
636 0 9 -8 58 2 -1 0 0 0 0 0 12
636 1 31 -62 728 -2 -4 0 2 3 62 1 240
637 0 32 -62 473 0 0 0 3 0 68 6 553
637 1 18 -61 515 0 0 0 1 1 24 1 153
638 0 2 -12 111 -1 0 1 1 0 3 0 31
639 0 21 -3 94 0 -1 0 0 1 8 0 35
639 1 4 -14 167 -1 0 0 0 0 7 0 41
639 2 26 -46 673 3 5 0 3 6 41 3 287
640 0 67 18 358 0 0 0 37 0 2 12 543
640 1 21 -3 90 0 -1 0 0 2 5 0 37
640 2 25 -94 2132 -1 -1 1 4 6 111 3 1152
641 0 24 -94 1581 1 -3 1 1 3 77 3 924
641 1 34 -26 544 15 3 0 6 9 23 2 246
642 0 56 -30 490 0 0 0 1 0 27 8 1028
643 0 56 -30 501 -1 0 0 3 0 31 13 1055
643 1 27 -94 1902 1 0 1 0 3 114 3 1000
644 0 26 -78 1807 4 -3 1 2 2 66 5 885
645 0 28 -62 1721 0 2 1 2 6 48 2 782
646 0 68 9 414 0 0 0 35 0 0 15 742
647 0 66 1 447 3 13 0 37 1 2 13 909
647 1 26 -58 1688 -2 1 1 1 3 53 3 662
648 0 58 -30 453 0 0 0 6 1 36 8 1041
648 1 25 -59 1586 0 -1 1 0 3 47 4 668
649 0 28 -59 1758 -8 3 1 3 7 75 7 688
650 0 21 -9 136 -1 -1 0 0 4 6 0 42
651 0 47 -46 457 -1 1 0 2 1 60 8 685
652 0 48 -46 491 1 3 0 4 1 53 9 664
652 1 20 -9 273 0 -1 0 2 1 13 1 81
652 2 19 -59 593 -2 4 0 2 2 33 5 174
653 0 43 -48 470 -1 2 0 3 0 58 11 558
653 1 21 -57 1236 -2 -2 1 2 3 45 2 466
653 2 18 -59 553 -1 -1 0 2 0 33 3 137
653 3 49 27 110 -1 0 0 0 0 0 0 25
654 0 44 -47 482 -2 0 0 3 0 53 13 603
654 1 21 -61 1297 -1 -1 1 1 1 53 1 504
654 2 12 -59 512 -1 -2 0 3 0 45 2 174
655 0 41 -55 425 0 0 0 0 0 64 9 467
655 1 26 -78 1934 3 -4 1 2 2 102 6 848
655 2 46 23 91 -1 0 0 0 0 0 0 18
656 0 42 -56 447 -2 -2 0 1 0 55 7 657
656 1 27 -70 2005 0 0 1 3 2 107 4 784
657 0 48 -40 387 0 0 0 2 0 38 13 707
657 1 27 -72 1982 -3 1 1 3 2 99 4 747
658 0 26 -70 1982 1 -2 1 6 2 94 4 774
659 0 66 18 318 0 0 0 21 0 2 9 490
659 1 21 -70 1359 1 0 1 1 2 60 3 550
659 2 23 -32 406 0 0 0 2 1 11 1 135
660 0 54 -29 479 0 0 0 1 0 45 20 846
660 1 22 -68 1405 0 0 1 3 3 58 3 707
660 2 44 9 202 0 0 0 3 2 1 0 60
661 0 46 -48 452 0 0 0 2 1 66 5 571
661 1 23 -77 1396 0 -1 1 2 1 56 3 706
661 2 35 -19 362 0 0 0 2 1 22 1 135
662 0 42 -56 387 0 0 0 0 0 67 5 378
662 1 21 -62 1162 0 1 1 1 4 31 1 496
662 2 4 -9 108 -5 0 0 0 0 1 0 29
662 3 33 -41 557 -5 -1 0 5 4 40 2 246
663 0 29 -62 1663 -10 3 1 4 4 100 1 701
663 1 2 -8 137 -1 -1 0 1 0 0 0 29
663 2 42 -46 651 -4 4 0 13 6 48 1 312
664 0 49 -45 461 0 0 0 3 0 50 13 880
664 1 50 -18 696 0 0 0 13 14 17 1 459
665 0 48 -46 417 -2 2 0 3 0 55 10 688
665 1 58 2 779 4 9 0 30 8 20 2 402
666 0 42 -56 429 0 0 0 0 0 71 3 376
666 1 63 3 711 3 7 0 27 8 8 1 462
667 0 44 -46 320 0 0 0 2 0 49 4 560
667 1 15 -58 980 -1 -1 1 2 3 42 3 426
667 2 58 -13 908 -3 -11 0 20 10 17 2 589
668 0 41 -55 494 -2 1 0 1 0 64 7 513
668 1 22 -1 84 2 0 0 0 1 8 0 31
668 2 48 -46 923 0 0 0 21 6 56 2 571
669 0 44 -49 348 0 0 0 3 1 55 9 562
669 1 45 -50 857 -2 -6 0 10 10 53 2 429
670 0 61 -30 596 0 0 0 5 1 19 15 1346
670 1 11 -12 216 -1 -1 0 1 1 11 0 75
671 0 54 -30 486 2 -4 0 5 0 15 10 1224
672 0 54 -30 457 0 1 0 11 0 19 14 1210
673 0 50 -46 429 0 0 0 1 0 56 10 605
673 1 22 -58 1246 0 -1 1 3 2 52 4 585
674 0 47 -46 457 0 0 0 4 0 55 13 745
674 1 23 5 57 -1 0 0 0 1 4 0 19
674 2 11 -62 836 -1 0 1 2 2 46 2 410
674 3 30 -61 728 5 6 0 3 0 39 3 213
675 0 39 -55 507 0 0 0 3 0 67 7 553
675 1 23 -78 1447 0 -1 1 5 3 66 3 707
675 2 31 -62 795 6 3 0 2 2 64 1 327
676 0 42 -57 468 1 0 0 2 0 68 5 477
676 1 22 -78 1427 0 0 1 3 2 63 2 665
676 2 29 -58 725 -4 -1 0 2 1 43 1 281
677 0 42 -56 458 1 -2 0 2 1 59 9 649
677 1 24 -78 1550 -1 -1 1 2 3 60 5 763
677 2 30 -59 696 0 -1 0 0 0 34 2 258
678 0 42 -55 456 2 3 0 3 0 64 9 464
678 1 21 -70 1408 0 -2 1 2 0 55 0 559
678 2 29 -60 749 1 0 0 6 0 74 2 380
679 0 42 -55 456 3 0 0 2 0 65 7 466
679 1 21 -59 1304 0 0 1 3 3 51 4 585
679 2 30 -57 746 0 0 0 1 1 53 5 227
680 0 42 -53 437 1 0 0 1 1 68 6 452
680 1 20 -58 769 1 1 1 2 2 32 1 392
680 2 31 -56 717 -1 -2 0 2 0 43 3 198
680 3 53 29 94 0 -1 0 1 0 2 0 21
681 0 46 -49 422 0 -3 0 2 1 61 6 489
681 1 24 4 63 2 -1 0 0 1 4 0 16
681 2 4 -53 458 0 0 1 2 2 18 0 230
681 3 30 -57 761 -1 0 0 0 1 55 5 267
681 4 54 27 124 -1 -1 0 2 0 1 0 25
682 0 43 -62 458 -4 -1 0 1 2 62 8 455
682 1 12 -53 783 -1 1 1 0 2 25 0 357
682 2 30 -57 781 -2 -1 0 0 1 55 8 264
682 3 54 27 124 -1 -1 0 2 0 1 0 25
683 0 42 -55 469 -2 1 0 3 1 64 6 466
683 1 13 -56 888 -1 0 1 4 3 28 1 372
683 2 32 -57 713 0 0 0 3 3 62 1 267
684 0 42 -55 460 1 0 0 2 1 61 10 466
684 1 9 -62 900 -2 -2 1 3 2 42 2 380
684 2 29 -62 681 -4 -5 0 1 1 35 2 171
685 0 42 -61 455 1 -2 0 1 2 58 9 890
685 1 22 -68 1402 0 -1 1 3 0 50 3 560
686 0 42 -46 405 0 -2 0 1 1 48 11 659
687 0 42 -55 433 0 0 0 2 0 61 7 470
687 1 25 -61 1849 4 -4 1 4 2 86 6 622
688 0 42 -55 437 -1 0 0 2 1 63 4 470
688 1 26 -58 1869 1 1 1 5 2 74 3 638
688 2 44 19 164 -1 0 0 2 0 0 0 38
689 0 44 -46 465 -1 -5 0 3 0 58 9 627
689 1 49 27 120 1 1 0 0 0 0 0 30
690 0 43 -49 428 0 0 0 1 1 57 8 353
690 1 8 -52 579 1 1 1 2 1 21 0 200
690 2 18 -59 555 -2 2 0 3 0 32 1 139
690 3 50 29 110 1 1 0 0 0 0 0 25
691 0 24 4 52 -1 0 0 0 2 4 0 15
691 1 9 -62 854 -4 -4 1 2 1 43 3 380
692 0 43 -46 401 0 0 0 1 1 55 8 495
692 1 21 -77 1407 0 -2 1 2 1 50 4 663
693 0 43 -54 455 -6 -3 0 1 0 56 9 638
693 1 23 4 46 -8 2 0 0 1 4 0 13
693 2 9 -72 994 -2 2 1 0 4 45 2 443
693 3 48 27 110 -1 0 0 0 0 0 0 25
694 0 42 -61 474 -1 0 0 3 1 56 11 889
694 1 14 -74 1167 -3 2 1 4 0 66 2 448
694 2 13 -66 487 0 -1 0 1 2 48 2 163
695 0 42 -55 455 0 0 0 4 0 64 6 826
695 1 48 26 99 -1 -1 0 0 0 0 0 20
696 0 42 -55 434 0 0 0 1 1 60 8 470
696 1 23 4 57 -1 -1 0 0 1 3 0 14
696 2 44 15 150 -2 -1 0 2 0 0 0 38
697 0 42 -56 435 0 1 0 1 0 66 4 379
697 1 23 4 58 -1 -1 0 0 2 3 0 13
697 2 44 15 192 0 -1 0 5 0 0 0 45
699 0 44 -46 452 0 0 0 3 0 60 6 628
699 1 8 -78 858 1 1 1 0 1 37 5 437
699 2 40 -57 668 0 0 0 6 2 67 3 266
700 0 46 -46 376 2 2 0 2 0 59 5 467
700 1 32 -57 800 0 0 0 4 2 58 4 310
701 0 45 -46 482 0 -2 0 2 1 62 7 642
701 1 9 -58 838 0 0 1 5 0 27 0 309
701 2 6 -14 115 1 0 0 0 0 7 0 29
701 3 48 -51 713 0 0 0 7 6 51 0 237
702 0 46 -48 439 4 4 0 2 2 67 4 345
702 1 11 -56 768 2 1 1 2 2 28 2 266
702 2 9 -18 83 6 2 0 0 0 0 0 20
702 3 48 -49 750 -1 3 0 8 6 59 1 388
703 0 6 -14 119 -1 0 0 1 3 6 1 52
703 1 37 -52 682 0 0 0 1 2 50 2 197
704 0 48 -46 399 1 -4 0 1 0 59 6 312
704 1 11 -13 179 -1 -1 0 0 0 9 0 68
704 2 48 -51 700 0 0 0 8 9 49 2 362
705 0 45 -46 366 14 6 0 0 1 70 3 254
705 1 18 -12 288 -1 0 0 1 4 14 1 100
705 2 48 -61 808 0 0 0 14 5 69 2 694
706 0 12 -7 133 0 0 0 3 1 8 0 42
706 1 42 -51 697 0 0 0 1 1 65 5 229
707 0 43 -46 416 0 0 0 4 0 74 0 291
707 1 31 -52 819 0 0 0 3 0 50 4 263
708 0 46 -46 434 -2 -3 0 2 0 71 3 293
708 1 52 -46 956 0 0 0 21 1 60 4 670
709 0 46 -45 449 -1 -1 0 2 1 68 2 296
709 1 52 -45 937 0 1 0 22 14 43 4 648
710 0 48 -49 879 0 0 0 11 5 60 1 353
711 0 47 -46 463 0 0 0 3 1 67 1 390
711 1 40 -54 890 0 0 0 5 0 65 2 236
712 0 47 -46 439 -4 -4 0 1 0 58 6 523
712 1 18 -3 49 -3 0 0 0 0 6 0 18
712 2 42 -53 2459 0 0 1 10 1 44 2 903
713 0 48 -46 298 0 0 0 0 0 54 4 320
713 1 50 -46 986 0 0 0 17 8 52 2 593
714 0 6 -38 224 0 0 1 1 3 14 0 87
714 1 0 -52 658 0 0 1 1 1 32 2 224
714 2 38 -51 853 0 0 0 2 1 55 10 268
715 0 22 -1 76 0 0 0 0 1 8 0 31
715 1 5 -38 213 0 -1 1 1 0 19 0 85
715 2 1 -52 582 -1 -1 0 2 0 24 3 146
715 3 50 -44 992 0 0 0 16 21 38 3 804
716 0 18 -3 49 -2 -1 0 0 0 7 0 17
716 1 13 -8 100 -1 0 0 0 0 4 1 25
716 2 50 -44 1031 0 0 0 22 9 44 3 578
717 0 47 -46 460 -2 -4 0 2 1 59 10 600
717 1 14 -7 79 -2 0 0 1 0 6 0 29
718 0 47 -46 457 0 0 0 2 1 64 3 560
718 1 11 -7 140 0 -1 0 1 2 8 1 42
718 2 1 -48 532 0 -1 0 3 1 19 1 137
719 0 53 -46 486 2 -3 0 1 1 61 6 651
719 1 22 -3 110 0 0 0 0 1 7 0 52
719 2 4 -11 105 -4 1 1 2 0 2 0 26
719 3 83 91 676 0 0 0 46 1 12 7 402
720 0 52 -45 343 0 0 0 2 1 54 8 565
720 1 15 -5 53 -1 0 0 0 1 5 0 26
720 2 2 -9 65 0 -2 1 1 0 2 0 12
720 3 11 -8 122 -1 -1 0 2 0 0 2 26
720 4 84 54 456 -6 -4 0 33 1 10 2 234
721 0 46 -46 338 0 0 0 3 0 66 0 393
721 1 50 -42 1277 0 6 0 25 16 43 5 871
722 0 52 -41 262 3 -7 0 1 0 45 1 289
722 1 46 -49 650 0 0 0 4 0 60 3 185
723 0 53 -40 427 3 -1 0 5 0 67 0 348
723 1 58 34 89 0 0 0 4 0 4 0 34
724 0 55 -36 385 -1 -1 0 3 1 62 4 250
724 1 65 17 954 0 0 0 72 7 7 3 599
725 0 44 -44 658 0 0 0 5 6 71 0 380
725 1 18 -8 247 0 0 0 1 2 12 2 74
725 2 7 -22 185 2 0 1 1 3 7 0 73
725 3 56 -39 1257 4 9 0 22 7 43 7 905
726 0 42 -44 675 -2 0 0 3 11 73 4 360
726 1 20 -9 199 -1 -1 0 2 1 8 0 54
726 2 19 7 73 -1 -1 0 0 1 4 0 15
726 3 8 -31 244 -1 -1 1 2 2 5 1 109
726 4 56 -46 921 0 -4 0 21 11 55 5 628
727 0 37 -46 1632 -5 1 1 5 7 108 3 738
727 1 21 -7 477 1 2 0 0 1 16 2 121
727 2 58 -38 811 0 0 0 15 1 61 2 454
728 0 35 -55 1387 -3 0 1 5 5 116 2 727
728 1 16 -1 180 0 0 0 0 0 4 0 44
728 2 26 -7 238 -1 0 0 0 1 11 0 58
728 3 49 -45 606 0 0 0 4 0 23 1 136
729 0 39 -52 480 -3 2 0 0 4 62 1 191
729 1 18 -15 419 0 -1 1 2 2 24 2 140
729 2 4 -8 64 -1 0 1 0 1 4 0 19
729 3 22 -7 498 -1 0 0 1 1 15 1 122
729 4 56 -38 1132 0 0 0 32 10 50 3 807
730 0 44 -51 430 0 0 0 2 1 71 4 406
730 1 6 -8 188 0 0 1 0 3 11 1 48
730 2 48 -50 708 0 0 0 5 2 48 3 200
731 0 40 -56 474 0 0 0 3 2 70 0 285
731 1 4 -8 171 -1 0 1 1 1 8 0 50
731 2 55 -40 1031 0 0 0 23 11 41 5 658
732 0 34 -56 531 16 4 0 1 6 71 1 222
732 1 23 4 46 -2 0 0 0 1 4 0 13
732 2 4 -7 166 0 0 1 4 0 9 1 46
732 3 55 -41 1044 0 -2 0 28 3 51 4 628
733 0 42 -49 463 0 0 0 1 0 73 0 220
733 1 18 -9 414 -1 -1 1 2 3 18 2 105
733 2 52 -42 1093 -3 -1 0 23 13 45 1 656
734 0 42 -50 465 0 0 0 1 0 74 1 302
734 1 6 -8 78 -1 0 0 0 3 4 1 28
734 2 2 -9 55 -2 -1 1 0 0 0 0 10
734 3 53 -40 959 0 1 0 24 12 53 4 686
735 0 32 -56 540 6 -10 0 0 6 58 0 366
735 1 20 -6 174 0 0 0 0 3 11 1 45
735 2 47 -52 734 0 0 0 6 2 62 3 228
737 0 51 -46 456 1 0 0 3 0 51 14 620
737 1 50 -48 722 -2 -6 0 7 9 53 2 488
738 0 51 -46 393 1 0 0 1 0 54 9 624
738 1 49 -61 755 -1 0 0 11 7 61 1 704
739 0 43 -54 409 0 0 0 1 0 74 1 232
739 1 66 5 983 -3 -4 0 39 6 5 5 796
740 0 12 -6 47 1 0 0 1 0 0 0 11
741 0 54 -46 483 0 0 0 3 1 41 13 1022
741 1 20 -9 192 -1 -2 0 0 4 7 1 53
741 2 12 -5 53 1 -1 0 0 0 1 0 11
741 3 68 -30 949 0 0 0 20 12 44 3 987
742 0 19 -9 143 -1 -1 0 1 2 8 0 37
742 1 56 -38 869 0 0 0 5 2 51 1 235
743 0 49 -46 399 0 0 0 1 0 60 4 271
743 1 16 -9 210 0 -1 0 1 4 14 0 65
743 2 8 -5 106 -1 0 0 1 0 0 0 24
744 0 50 -46 418 -5 -3 0 3 1 66 3 263
744 1 21 -8 214 0 -1 0 0 3 12 0 69
744 2 67 7 994 6 9 0 59 7 10 6 798
745 0 46 -45 410 0 0 0 2 1 71 2 218
745 1 19 -8 226 -1 -1 0 1 1 18 1 83
746 0 53 -46 428 1 -6 0 0 1 67 4 280
746 1 19 -9 227 0 -1 0 0 2 19 1 90
747 0 8 -7 171 -1 -1 0 0 0 7 0 35
748 0 9 -7 188 0 -1 0 0 1 5 0 43
749 0 53 -46 469 -3 8 0 2 1 52 13 697
749 1 5 -6 120 2 0 1 1 0 4 0 31
749 2 17 -7 253 -1 0 0 1 0 6 0 59
749 3 63 -34 1115 0 3 0 19 6 52 6 778
750 0 52 -46 478 0 0 0 3 0 67 7 598
750 1 4 -7 109 0 0 1 0 0 4 1 31
750 2 17 -7 230 -1 -1 0 0 0 6 0 49
750 3 55 -44 795 -4 -9 0 15 10 46 0 531
751 0 51 -46 398 0 0 0 1 0 67 5 271
751 1 9 -4 66 0 0 0 0 1 1 1 17
751 2 15 -9 172 0 -1 0 0 0 2 1 41
751 3 39 -51 812 0 0 0 4 1 55 2 232
752 0 52 -46 366 0 0 0 2 2 55 9 620
752 1 7 -6 147 -1 0 1 0 1 4 1 36
753 0 63 -30 532 0 0 0 8 0 32 13 1291
753 1 2 -8 94 -2 -1 1 2 0 4 0 24
753 2 61 -16 991 1 0 0 24 10 19 2 1034
754 0 54 -38 432 0 0 0 3 0 42 16 923
754 1 19 -8 176 0 -2 0 1 0 7 1 43
754 2 58 -34 926 0 0 0 26 15 42 3 811
755 0 53 -46 455 0 0 0 1 1 56 9 698
755 1 19 -9 253 -1 0 0 3 0 19 0 82
755 2 52 -45 887 0 0 0 10 10 52 2 514
756 0 50 -46 468 11 8 0 1 0 61 10 702
756 1 19 -8 214 -1 0 0 1 2 10 2 63
756 2 45 -52 739 -1 -9 0 11 5 59 1 311
757 0 50 -46 415 0 0 0 0 1 69 2 264
757 1 19 -8 228 -1 0 0 2 3 23 0 76
757 2 73 17 983 4 5 0 69 10 17 7 737
758 0 51 -46 358 12 2 0 0 1 68 1 188
758 1 20 -8 210 -1 1 0 1 1 15 0 74
758 2 88 58 602 2 2 0 49 1 7 2 261
759 0 18 -8 235 0 -1 0 1 1 22 2 78
760 0 4 -6 94 -4 0 1 0 1 2 0 22
760 1 9 -4 160 0 1 0 0 0 0 1 34
760 2 58 -37 716 0 0 0 2 8 52 1 470
761 0 17 -8 168 0 -3 0 0 2 11 1 58
761 1 14 -2 146 -1 0 0 0 0 0 1 34
761 2 48 -38 742 0 0 0 3 0 51 1 225
762 0 47 -48 424 -1 2 0 2 0 66 5 305
762 1 19 -9 217 -1 -1 0 2 1 8 2 65
762 2 46 -34 926 -11 -6 0 1 2 46 6 287
763 0 47 -46 444 -4 -3 0 2 1 61 8 420
763 1 20 6 142 -1 -1 0 2 2 9 0 29
763 2 10 -5 33 0 0 0 0 0 0 0 5
763 3 44 -37 939 -2 -2 0 0 2 45 4 291
764 0 43 -49 483 -3 -2 0 2 1 46 18 731
764 1 18 -46 1004 0 -2 1 4 3 45 3 395
764 2 18 -1 69 1 -3 0 0 0 3 1 14
764 3 48 -45 573 0 0 0 5 4 54 2 181
765 0 46 -48 448 1 0 0 2 1 49 13 607
765 1 23 -8 74 -1 -1 0 0 2 7 1 26
765 2 11 -46 684 -1 0 1 2 1 25 4 228
765 3 45 -45 589 0 0 0 5 4 52 1 178
766 0 23 4 50 -1 -1 0 1 0 5 1 11
766 1 4 -49 506 -1 -2 1 2 3 20 0 245
766 2 29 -53 765 0 0 0 0 3 39 2 268
767 0 65 1 455 0 0 0 31 1 1 15 914
767 1 19 -52 1077 -1 0 1 6 2 36 3 429
767 2 29 -56 824 -4 -3 0 1 1 49 3 274
768 0 62 -8 439 0 0 0 16 1 4 9 1072
768 1 23 4 37 4 -1 0 0 0 1 0 5
768 2 10 -52 728 -2 -1 1 1 4 35 2 294
768 3 28 -57 800 -4 -3 0 1 0 51 4 272
769 0 58 -13 465 0 0 0 10 1 9 6 997
769 1 25 4 20 -1 -1 0 0 1 2 0 3
769 2 9 -54 692 0 -1 1 3 4 37 2 290
769 3 28 -56 814 -1 -2 0 3 1 55 4 265
770 0 11 -57 827 -2 -1 1 0 2 45 4 383
770 1 27 -57 718 -7 -3 0 2 0 43 5 230
771 0 53 -46 483 -1 9 0 5 0 50 11 1059
771 1 9 -88 917 -2 -1 1 2 0 57 4 443
771 2 6 -13 98 -1 0 0 2 0 3 1 26
771 3 13 -57 571 -2 -2 0 4 1 36 6 217
772 0 51 -40 382 -2 4 0 1 0 40 16 743
772 1 14 -88 1108 0 0 1 0 4 68 5 609
772 2 21 -57 630 -1 2 0 2 1 46 1 209
773 0 47 -41 465 -2 -1 0 0 0 38 13 869
773 1 19 -88 1393 -1 -1 1 6 5 79 3 723
773 2 6 -58 482 0 -4 0 2 2 48 4 184
775 0 46 -39 429 -1 -3 0 2 0 33 14 939
775 1 21 -88 1352 0 0 1 1 2 79 3 710
777 0 59 -13 442 3 -5 0 23 0 2 9 1175
778 0 59 -13 440 0 0 0 13 1 9 17 1045
778 1 15 -62 1048 11 -5 1 1 3 46 5 485
781 0 42 -62 466 0 0 0 1 2 64 8 501
781 1 24 -45 715 0 0 0 2 5 49 2 437
782 0 42 -55 459 0 0 0 0 2 65 5 468
782 1 19 -9 119 -1 -1 0 0 0 8 0 52
782 2 30 -49 648 7 4 0 8 9 48 3 436
783 0 30 -55 666 -13 6 0 0 3 59 5 521
783 1 58 -14 870 -4 -3 0 29 8 10 4 790
784 0 24 -56 536 0 4 0 1 2 52 5 320
784 1 61 -14 841 1 3 0 36 16 6 2 900
785 0 25 -57 498 -4 -1 0 2 1 56 5 209
785 1 17 -1 59 -2 -1 0 0 0 2 1 12
785 2 50 -38 915 0 0 0 11 17 35 4 845
786 0 28 -62 441 -3 2 0 0 0 58 4 232
786 1 48 -46 881 -2 -5 0 18 9 52 2 739
787 0 26 -62 472 -3 -2 0 3 0 63 1 220
787 1 33 -58 641 0 0 0 6 2 55 1 398
788 0 25 -59 506 1 -2 0 1 0 62 4 293
788 1 31 -62 667 -4 -2 0 5 2 66 2 527
789 0 27 -46 473 0 0 0 3 0 41 9 542
789 1 55 -21 1042 -3 -2 0 34 14 15 9 1016
790 0 35 -29 292 12 0 0 2 0 32 6 308
791 0 22 -46 192 0 0 0 1 0 24 2 213
792 0 56 -30 906 -4 -8 0 28 18 19 5 1040
793 0 9 -58 465 -2 1 0 1 2 52 0 209
793 1 50 -46 978 0 0 0 15 11 46 3 933
794 0 16 -62 440 1 -4 0 1 2 44 1 137
794 1 49 -46 853 -1 -6 0 13 13 52 2 904
795 0 34 -62 442 0 0 0 2 1 66 3 558
795 1 42 -53 787 4 -14 0 12 16 52 0 550
796 0 36 -56 442 0 0 0 1 0 73 1 261
796 1 18 -3 47 -2 -1 0 0 1 5 0 18
796 2 43 -61 796 -1 -1 0 7 5 58 5 583
797 0 34 -57 458 -4 -2 0 1 0 63 8 390
797 1 18 -3 44 -1 0 0 0 1 5 0 18
797 2 45 -61 873 1 4 0 20 7 53 3 733
798 0 36 -57 478 1 2 0 1 0 68 6 365
798 1 45 -61 904 -1 -3 0 22 9 52 2 731
799 0 36 -57 473 0 0 0 1 0 71 3 321
799 1 45 -61 955 0 -1 0 15 5 56 4 736
800 0 36 -60 474 0 0 0 2 1 70 4 373
800 1 5 -37 174 1 0 1 2 1 17 0 85
800 2 45 -61 876 2 -3 0 12 4 63 3 734
801 0 34 -55 457 0 -1 0 2 0 72 2 344
801 1 44 -52 716 -1 -2 0 11 5 49 1 364
802 0 38 -55 420 -2 -2 0 1 1 60 5 269
802 1 28 -58 1482 -1 -1 1 1 3 67 2 725
802 2 45 -50 879 0 1 0 11 7 57 3 510
803 0 42 -55 444 2 -4 0 1 0 65 6 423
803 1 14 -8 84 0 0 0 0 1 5 0 30
803 2 45 -53 719 -1 -4 0 9 7 51 1 319
804 0 42 -53 397 0 -1 0 1 0 62 8 457
804 1 4 -39 200 -2 -1 1 0 3 15 1 121
804 2 2 -58 655 -1 -1 0 3 0 26 2 193
804 3 45 -49 877 8 5 0 19 4 53 5 633
805 0 42 -55 373 2 -1 0 2 0 60 6 472
805 1 10 -4 64 1 -1 0 0 0 2 0 16
805 2 5 -39 254 -1 -1 1 0 3 16 0 81
805 3 2 -58 650 -1 0 0 3 1 26 2 192
805 4 45 -49 908 1 1 0 18 9 56 0 631
806 0 38 -56 550 0 0 0 1 4 79 0 276
806 1 11 0 49 0 0 0 1 0 2 0 12
806 2 54 -30 1063 0 0 0 30 8 30 5 1043
807 0 42 -55 449 0 0 0 2 0 71 3 284
807 1 53 -32 1028 -1 -5 0 28 12 25 3 1079
808 0 33 -62 493 14 6 0 2 1 77 2 278
808 1 50 -46 1176 -1 -6 0 27 8 42 6 1009
809 0 32 -56 581 0 0 0 2 0 61 0 273
809 1 48 -49 868 3 -14 0 15 15 34 4 604
810 0 32 -62 596 -3 -1 0 1 1 66 1 291
810 1 13 -4 120 0 -1 0 1 0 5 0 26
810 2 15 -8 335 0 1 0 0 0 6 2 80
810 3 45 -51 811 0 0 0 13 10 60 4 515
811 0 30 -62 624 0 1 0 1 4 66 0 379
811 1 15 -7 266 0 -1 0 0 0 5 0 61
811 2 45 -50 785 0 0 0 10 8 56 5 467
812 0 29 -61 617 1 -1 0 1 5 62 2 370
812 1 14 -7 253 -1 -1 0 0 0 5 0 55
812 2 45 -49 820 -2 4 0 16 14 47 3 617
813 0 28 -57 610 -2 1 0 1 5 62 2 182
813 1 5 -41 264 -1 -1 1 0 1 16 1 108
813 2 16 -8 297 -1 -1 0 1 2 6 1 67
813 3 45 -61 823 0 -2 0 15 11 56 3 731
814 0 26 -61 582 0 -1 0 2 0 66 0 233
814 1 6 -43 305 -1 0 1 1 0 14 0 117
814 2 19 -9 448 -1 0 0 4 1 13 2 110
814 3 48 -48 1058 1 4 0 21 12 42 7 674
815 0 27 -62 586 -2 0 0 0 2 63 2 191
815 1 11 -46 688 0 1 1 3 3 20 3 257
815 2 11 -7 102 -5 -1 0 0 0 1 0 23
815 3 45 -52 700 -2 -8 0 11 8 50 0 318
816 0 26 -62 591 4 -3 0 1 3 67 3 313
816 1 45 -54 651 0 -4 0 3 6 49 1 249
818 0 24 -61 450 -1 0 0 0 1 43 0 202
819 0 13 -59 474 0 3 0 1 6 35 1 202
819 1 45 -49 849 10 8 0 13 15 37 2 630
820 0 20 -58 1369 0 0 1 3 11 80 4 497
820 1 48 -62 959 1 5 0 18 11 48 6 1093
821 0 18 -3 45 -13 3 0 0 1 4 0 19
821 1 49 -46 1077 0 6 0 28 13 31 7 987
822 0 13 -7 111 0 0 0 1 0 2 0 25
822 1 48 -46 1037 0 -5 0 27 6 58 4 889
823 0 22 -3 80 -8 3 0 0 2 7 0 35
823 1 17 -7 229 -1 -1 0 0 2 3 0 50
823 2 44 -53 812 0 0 0 14 9 51 3 525
824 0 40 -57 699 -1 -7 0 7 3 60 1 316
825 0 10 -57 632 -2 -1 1 2 5 54 0 245
825 1 19 -46 826 0 1 0 2 3 31 1 315
825 2 47 -49 971 0 0 0 11 13 38 3 733
826 0 25 10 36 -1 -1 0 0 1 3 0 6
826 1 51 -37 978 12 8 0 25 17 34 4 984
827 0 29 -57 1896 -1 1 1 2 5 50 3 720
827 1 57 -29 1063 9 9 0 25 14 19 7 1156
828 0 29 -59 1825 0 -3 1 4 14 76 1 705
828 1 47 -49 930 0 0 0 16 14 49 1 718
829 0 25 -57 1553 0 0 1 4 6 93 4 559
829 1 45 -61 798 -1 -6 0 19 11 59 1 726
830 0 21 -46 425 0 0 0 1 2 45 3 301
830 1 7 -40 243 0 -2 1 0 2 16 0 108
830 2 17 -52 725 0 -1 0 2 0 24 3 277
830 3 51 -30 1144 0 0 0 30 11 30 5 1044
831 0 56 -30 911 3 3 0 29 14 20 5 1042
832 0 58 -14 971 5 8 0 34 11 21 1 1073
833 0 22 -3 84 0 0 0 0 0 10 0 34
833 1 16 -50 1244 -4 -3 1 4 4 34 3 420
833 2 64 -14 856 3 4 0 35 8 13 4 1092
834 0 16 -51 1152 -3 -1 1 6 4 28 1 411
834 1 16 -7 216 -1 -1 0 1 0 4 1 44
834 2 56 -30 957 0 0 0 28 16 29 4 1033
835 0 22 -54 1449 -2 -1 1 3 6 32 1 534
835 1 17 -7 146 0 0 0 1 0 4 0 35
835 2 52 -45 1003 0 0 0 17 15 37 4 1088
836 0 23 2 41 0 0 0 0 0 7 0 17
836 1 18 -6 215 0 0 0 1 0 6 1 52
836 2 45 -52 769 0 0 0 10 12 54 3 652
837 0 45 -61 760 -1 0 0 18 14 53 6 725
838 0 15 -57 1130 0 2 1 4 3 70 2 416
838 1 15 -7 25 0 -1 0 0 1 0 0 6
838 2 55 -24 1039 0 0 0 33 9 12 3 1065
839 0 15 -5 169 0 0 0 0 2 6 0 46
839 1 67 3 834 0 0 0 48 2 5 4 877
840 0 7 -53 764 1 1 1 5 3 28 0 225
840 1 15 -6 34 -1 -1 0 1 0 1 1 4
840 2 71 17 851 4 4 0 64 12 18 2 702
841 0 17 -7 262 0 -1 0 1 0 5 1 59
842 0 22 -8 434 -1 1 0 3 1 13 1 108
842 1 58 -14 1085 -5 -9 0 38 9 17 4 1072
843 0 19 -9 259 -1 -3 0 0 1 2 2 73
843 1 6 -53 700 -4 0 1 5 7 27 1 268
843 2 22 -8 422 -1 1 0 5 1 14 2 104
843 3 51 -46 1034 0 0 0 21 13 38 3 891
844 0 19 -54 1156 -6 0 1 2 4 34 3 501
844 1 17 0 125 -1 0 0 2 0 3 1 29
844 2 28 -8 177 -1 -1 0 2 0 3 0 37
844 3 50 -46 964 -2 -3 0 22 12 53 6 915
845 0 22 -8 422 -1 0 0 2 2 15 2 105
845 1 48 -46 876 -1 -5 0 14 8 54 2 701
846 0 19 -8 443 -1 0 0 3 0 16 2 109
846 1 48 -46 890 1 -3 0 25 3 53 2 614
847 0 20 -8 387 -1 0 0 3 0 18 2 94
847 1 50 -46 964 1 5 0 14 10 59 1 924
848 0 19 -54 1193 -1 0 1 1 4 35 1 503
848 1 19 -8 441 -1 0 0 4 0 17 2 107
848 2 50 -46 1065 -1 1 0 14 12 57 3 880
849 0 19 -56 1204 -2 0 1 4 3 37 2 514
849 1 18 -8 420 0 0 0 3 1 14 3 109
849 2 50 -46 973 0 2 0 14 12 47 4 931
850 0 17 -9 93 -1 0 0 0 1 8 0 31
850 1 17 -8 396 -1 0 0 5 0 15 2 98
850 2 49 -46 1017 0 -8 0 23 10 55 2 853
851 0 24 -8 339 0 -1 0 1 1 18 3 82
851 1 53 -34 962 9 9 0 20 17 32 5 990
852 0 19 -9 277 -1 0 0 2 2 15 3 74
852 1 56 -30 1062 2 4 0 31 13 27 1 1038
853 0 21 -3 204 0 0 0 0 4 6 0 74
853 1 23 -7 389 -1 0 0 2 1 14 1 94
853 2 59 -21 963 6 8 0 34 9 19 3 1091
854 0 18 -57 1126 -4 0 1 0 8 28 1 473
854 1 22 -8 469 0 0 0 2 1 13 2 117
854 2 55 -33 1167 0 0 0 27 11 27 4 1071
855 0 26 -56 1736 -1 0 1 4 4 55 3 732
855 1 51 -37 1172 -2 -3 0 23 14 29 4 956
856 0 24 -57 1724 -3 -2 1 5 9 60 1 647
856 1 49 -46 1115 -2 -5 0 16 9 57 3 899
857 0 22 7 25 -1 -1 0 0 1 3 0 6
857 1 24 -57 1742 -3 0 1 4 20 78 3 693
857 2 50 -46 1002 -1 3 0 19 7 50 2 930
858 0 50 -46 960 -1 -2 0 15 10 48 2 933
859 0 28 -56 1699 1 0 1 4 4 55 3 770
859 1 49 -46 910 -1 -3 0 16 13 46 4 905
860 0 5 -57 515 0 0 1 3 4 54 1 238
860 1 20 -45 676 0 1 0 5 0 28 0 223
860 2 47 -48 738 0 -9 0 6 18 33 3 570
861 0 19 -57 561 0 -7 0 2 7 42 1 207
861 1 5 -40 194 0 0 1 0 2 12 1 90
861 2 45 -50 765 -1 -7 0 8 7 55 3 431
862 0 22 -57 561 -2 -1 0 2 5 49 0 248
862 1 45 -51 765 -1 0 0 14 9 49 2 472
863 0 24 -57 1645 -1 0 1 3 10 82 6 602
863 1 47 -48 823 -3 6 0 11 6 56 4 579
864 0 24 -58 1648 0 0 1 4 11 84 4 619
864 1 45 -61 801 -1 -4 0 9 5 64 4 734
865 0 14 -58 446 -3 1 0 0 3 43 2 190
865 1 7 -36 224 2 0 1 0 1 16 0 97
865 2 48 -46 885 0 5 0 11 7 53 2 665
866 0 14 -58 453 -1 0 0 2 1 43 1 191
866 1 45 -61 945 1 -5 0 13 8 57 5 733
867 0 17 -58 513 -1 -1 0 3 1 49 2 197
867 1 45 -52 810 2 -7 0 7 7 61 2 353
868 0 22 -62 533 1 -2 0 3 2 41 0 159
868 1 13 1 73 0 0 0 1 0 7 0 16
868 2 45 -61 907 0 4 0 17 6 63 4 726
869 0 24 -62 525 2 -4 0 1 1 64 2 301
869 1 19 -78 1238 -1 -2 1 2 6 47 1 588
869 2 45 -61 855 0 0 0 19 9 63 4 721
870 0 27 -78 1960 -1 -2 1 2 6 125 3 991
870 1 48 -46 1097 0 0 0 24 11 51 5 893
871 0 29 -57 624 1 1 0 2 1 59 2 188
871 1 14 -6 53 5 -1 0 1 0 3 0 10
871 2 55 -30 1084 0 0 0 27 13 27 4 1009
872 0 30 -61 674 2 0 0 2 5 58 1 294
872 1 7 -32 196 0 -1 1 1 1 15 1 77
872 2 16 -7 255 0 -1 0 2 0 6 1 57
872 3 54 -32 1102 -1 -2 0 28 14 25 3 1077
873 0 34 -56 484 1 -5 0 2 0 74 0 225
873 1 19 -7 181 0 0 0 2 0 8 1 44
873 2 54 -34 995 -1 -5 0 21 12 26 7 1074
874 0 37 -56 450 -1 -4 0 1 2 71 0 141
874 1 14 -5 158 0 0 0 0 0 5 1 39
874 2 55 -32 1015 -1 1 0 23 11 28 4 1044
875 0 17 -2 103 0 -1 0 0 0 2 0 22
875 1 65 4 783 0 0 0 42 7 8 2 608
876 0 16 -2 83 -1 0 0 0 0 2 0 19
876 1 73 27 674 8 10 0 43 7 5 1 394
877 0 16 -1 54 0 0 0 0 0 0 1 13
877 1 73 23 811 -1 0 0 48 7 6 5 495
878 0 14 -5 44 0 0 0 0 2 2 0 24
878 1 5 -20 176 0 -1 1 1 0 6 0 53
878 2 13 -7 164 0 -1 0 0 0 3 1 36
878 3 67 1 758 -7 -13 0 51 7 14 2 801
879 0 42 -52 409 -3 -1 0 2 0 57 9 792
879 1 3 -20 123 0 -1 1 0 0 7 0 33
879 2 13 -7 157 -1 -1 0 0 0 3 0 33
879 3 58 -16 983 0 0 0 25 14 16 2 811
880 0 46 -46 501 0 -6 0 1 0 61 10 726
880 1 13 -2 136 0 0 0 0 0 1 0 34
880 2 45 -41 758 0 0 0 17 11 41 4 519
881 0 50 -30 475 0 0 0 5 0 23 14 1043
881 1 34 -57 720 -1 -12 0 7 5 59 1 432
882 0 49 -46 474 0 0 0 3 0 43 9 1020
882 1 22 -1 69 0 -1 0 0 3 6 0 21
882 2 29 -62 778 -3 -4 0 7 2 67 5 607
883 0 47 -46 474 0 0 0 2 0 37 9 812
883 1 29 -62 680 -1 -4 0 3 3 59 6 307
884 0 44 -46 419 0 0 0 1 0 53 11 714
884 1 23 -62 540 0 -2 0 1 1 44 0 227
885 0 42 -55 460 0 0 0 1 0 56 11 472
885 1 24 -62 676 1 -2 0 1 2 47 1 277
886 0 42 -55 447 2 0 0 3 0 58 11 693
886 1 14 -6 47 0 0 0 0 2 5 0 25
886 2 21 -61 600 -2 0 0 2 2 62 1 275
887 0 42 -55 435 0 0 0 1 0 60 6 608
887 1 3 -19 152 -2 -1 1 3 1 7 0 44
887 2 25 -60 610 -1 -3 0 2 0 66 0 252
888 0 42 -49 420 0 -2 0 2 0 48 14 551
888 1 4 -21 145 -2 -1 1 1 0 5 0 33
888 2 21 -62 658 1 0 0 1 0 65 2 244
889 0 42 -56 454 -1 1 0 2 0 64 4 650
889 1 21 -59 539 0 0 0 1 0 43 1 135
890 0 42 -56 451 1 0 0 1 1 54 12 652
891 0 42 -46 455 1 -2 0 3 0 53 13 731
891 1 22 -3 85 -1 0 0 0 2 8 0 34
891 2 1 -18 123 -1 0 1 0 0 6 0 39
892 0 5 -74 1146 -3 1 1 1 3 83 5 440
893 0 46 -46 483 1 -5 0 1 0 41 7 791
894 0 44 -46 447 0 0 0 1 1 53 9 696
895 0 42 -46 462 0 3 0 2 0 58 10 610
896 0 42 -46 441 0 0 0 1 1 54 11 613
896 1 12 -59 516 1 0 0 1 2 55 2 171
897 0 42 -46 432 1 1 0 2 1 58 5 534
897 1 12 -59 474 -1 0 0 3 1 40 3 145
898 0 42 -46 426 -2 -3 0 2 0 51 4 543
898 1 15 -1 134 -1 0 0 1 0 4 1 29
899 0 42 -47 433 -3 0 0 2 0 58 7 589
899 1 17 -9 200 -1 -1 0 1 3 19 0 61
899 2 14 0 102 -1 -1 0 1 0 2 1 20
900 0 42 -46 436 0 -2 0 2 0 58 9 611
900 1 21 -9 201 0 0 0 1 2 6 1 60
900 2 14 -59 746 -1 -2 0 4 0 56 1 227
901 0 44 -46 442 -3 -4 0 1 1 54 12 692
901 1 17 -9 167 0 -1 0 0 3 10 1 46
901 2 16 -2 68 0 0 0 1 0 3 1 16
902 0 44 -46 484 -1 -1 0 1 0 40 17 762
902 1 17 -9 167 0 -1 0 0 2 11 1 46
902 2 14 -2 96 0 0 0 1 0 4 0 23
903 0 8 -45 258 -1 -2 0 0 3 22 1 182
903 1 25 6 29 0 0 0 0 0 2 0 3
903 2 3 -35 168 4 -3 0 0 0 3 1 32
904 0 25 6 29 -1 -1 0 0 0 2 0 3
905 0 19 -45 991 1 0 1 5 1 57 4 409
906 0 42 -49 430 -3 7 0 1 0 51 13 632
906 1 6 -51 433 -3 1 0 2 4 12 0 143
906 2 17 -62 587 2 4 0 1 1 44 2 211
907 0 42 -55 387 0 0 0 2 1 64 4 469
907 1 26 -62 774 0 2 0 3 1 44 3 285
