0 0 339 49 74 76
1 0 344 170 88 46
2 0 330 182 69 28
3 0 336 72 74 57
3 1 317 180 79 23
4 0 333 79 70 52
4 1 304 180 84 19
5 0 330 80 76 53
5 1 309 178 78 14
6 0 395 118 11 15
7 0 310 168 74 23
7 1 327 80 74 48
8 0 309 172 75 20
9 0 307 176 72 13
10 0 323 96 77 37
10 1 335 166 41 13
11 0 304 164 75 14
11 1 323 85 86 46
14 0 328 92 73 40
14 1 306 162 62 16
15 0 312 160 57 13
16 0 320 164 57 14
17 0 344 64 65 66
17 1 333 168 44 24
18 0 391 118 12 13
18 1 365 172 23 20
20 0 314 105 99 45
21 0 310 112 111 37
22 0 310 112 111 39
23 0 309 118 91 30
24 0 304 112 85 35
24 1 402 206 24 66
25 0 304 124 96 24
25 1 368 202 50 70
26 0 304 121 86 23
26 1 336 200 78 56
27 0 304 122 86 22
27 1 332 195 78 45
28 0 320 192 86 48
29 0 322 104 78 37
29 1 320 189 81 59
30 0 336 101 67 35
30 1 328 192 75 50
31 0 386 90 27 35
31 1 347 195 63 69
33 0 352 198 61 74
34 0 342 102 61 32
34 1 352 194 62 78
35 0 320 104 80 36
35 1 320 190 82 42
36 0 320 108 80 32
37 0 336 96 67 38
37 1 314 186 81 70
38 0 384 90 28 36
38 1 320 188 80 46
39 0 349 193 56 45
40 0 368 68 47 55
40 1 368 195 40 33
41 0 368 64 48 59
41 1 360 192 43 29
42 0 348 80 58 54
42 1 330 186 64 22
43 0 348 83 62 43
43 1 318 186 76 30
44 0 374 90 37 44
44 1 363 148 14 16
44 2 309 178 80 24
45 0 410 93 16 25
45 1 320 165 73 43
46 0 400 80 27 38
47 0 368 90 42 44
47 1 363 138 21 22
47 2 330 157 57 49
48 0 362 96 46 36
48 1 363 139 24 44
48 2 342 189 55 29
49 0 364 100 37 38
49 1 363 138 23 45
49 2 355 192 47 31
50 0 395 108 17 18
50 1 362 137 28 46
50 2 394 200 22 28
51 0 406 112 12 12
51 1 362 140 24 42
51 2 372 196 38 45
52 0 396 100 24 23
52 1 362 138 24 44
52 2 363 196 47 44
53 0 376 96 35 40
53 1 362 138 24 44
53 2 346 192 56 32
54 0 363 88 45 48
56 0 372 72 43 54
56 1 309 141 79 63
57 0 305 141 83 59
58 0 304 142 81 42
59 0 368 48 58 72
60 0 437 109 11 5
60 1 372 140 12 10
60 2 308 157 74 26
61 0 344 64 69 70
61 1 416 104 11 18
61 2 372 142 14 8
61 3 312 157 69 35
62 0 336 72 77 61
62 1 313 150 69 34
63 0 336 70 73 57
63 1 365 158 21 24
63 2 336 188 63 36
64 0 356 72 55 61
64 1 361 194 45 41
65 0 346 195 62 61
66 0 354 104 48 35
66 1 324 194 82 46
67 0 336 106 67 33
67 1 304 189 96 38
68 0 336 112 69 28
68 1 317 189 83 38
69 0 326 112 78 30
69 1 329 192 74 55
70 0 326 112 74 28
70 1 344 195 64 77
71 0 326 118 67 26
71 1 336 196 74 84
72 0 332 128 57 16
72 1 344 195 66 77
73 0 326 132 61 17
73 1 328 194 78 62
74 0 320 130 67 18
74 1 331 192 75 64
75 0 310 128 78 16
75 1 320 189 80 51
76 0 310 118 92 26
76 1 320 188 80 44
77 0 309 118 87 27
77 1 320 188 80 52
78 0 304 128 85 16
79 0 304 130 86 14
79 1 344 195 66 69
80 0 304 128 84 35
80 1 336 197 74 91
81 0 304 128 84 34
81 1 370 164 11 12
81 2 364 198 51 74
82 0 304 128 84 35
82 1 384 203 37 85
83 0 304 128 84 19
83 1 376 202 42 86
84 0 304 112 96 30
84 1 364 146 16 17
84 2 373 167 13 13
84 3 352 196 60 76
85 0 365 148 12 9
85 1 334 194 72 62
86 0 340 64 69 62
86 1 365 148 12 9
86 2 320 189 80 46
87 0 346 58 64 68
87 1 365 148 12 9
87 2 304 187 91 37
88 0 365 148 12 9
88 1 312 186 81 24
89 0 365 148 12 9
89 1 304 170 84 38
90 0 365 148 12 9
90 1 304 170 80 38
91 0 336 70 68 58
91 1 365 148 12 9
91 2 304 176 81 26
92 0 338 64 65 68
92 1 307 175 77 17
93 0 307 170 73 22
94 0 342 64 68 65
94 1 307 168 74 24
95 0 352 59 57 69
95 1 304 144 80 45
96 0 352 60 60 67
96 1 308 166 76 28
97 0 312 168 72 20
98 0 315 160 70 30
99 0 336 70 69 58
99 1 320 165 67 31
100 0 336 180 51 12
101 0 330 176 54 12
102 0 342 64 68 64
102 1 317 170 67 22
103 0 342 68 68 60
103 1 312 168 71 14
104 0 336 73 71 55
104 1 304 169 79 23
105 0 310 160 72 32
106 0 304 160 78 26
107 0 339 64 65 67
107 1 312 160 69 26
108 0 312 160 66 16
109 0 353 59 59 66
109 1 317 160 59 16
110 0 320 160 57 16
111 0 331 168 51 24
112 0 356 187 39 16
113 0 310 112 90 48
113 1 389 195 19 17
114 0 304 112 96 29
114 1 368 193 36 31
115 0 320 100 82 40
115 1 368 193 36 31
116 0 357 96 47 35
116 1 382 197 29 30
117 0 362 96 41 34
117 1 389 199 24 30
118 0 368 90 40 36
118 1 404 203 20 27
119 0 364 86 40 42
119 1 416 208 16 26
120 0 354 96 47 35
120 1 432 210 16 30
121 0 326 96 73 40
122 0 310 118 78 26
122 1 384 204 38 68
123 0 304 118 84 22
123 1 376 203 43 69
124 0 304 128 85 16
124 1 352 198 61 74
125 0 304 132 82 28
125 1 352 198 64 74
126 0 304 132 81 17
126 1 368 202 50 78
127 0 304 128 80 26
127 1 378 203 41 83
128 0 304 134 77 26
128 1 390 204 33 84
129 0 304 138 76 22
129 1 396 205 28 83
130 0 304 144 78 12
130 1 400 205 24 84
131 0 304 147 78 13
131 1 385 203 36 85
132 0 304 146 78 13
132 1 349 197 62 72
133 0 304 145 78 13
133 1 336 195 73 69
134 0 304 145 77 13
134 1 336 195 72 67
135 0 304 144 77 15
135 1 352 196 60 76
136 0 304 144 80 16
136 1 352 196 62 76
137 0 304 146 80 12
137 1 352 196 62 76
138 0 304 145 77 15
138 1 364 198 52 79
139 0 304 146 78 13
139 1 352 196 60 76
140 0 304 144 78 16
140 1 336 194 72 67
141 0 304 145 78 14
141 1 336 195 72 61
142 0 304 144 80 16
142 1 336 193 73 69
143 0 304 148 80 18
143 1 336 194 72 68
144 0 304 146 72 14
144 1 366 198 49 82
145 0 304 144 74 16
145 1 368 200 50 88
146 0 304 150 73 16
146 1 400 205 25 83
147 0 317 144 61 22
147 1 406 206 21 83
148 0 336 128 46 24
148 1 379 203 42 85
149 0 352 198 64 77
150 0 336 194 72 62
151 0 384 116 21 13
151 1 320 191 82 49
152 0 376 96 35 30
152 1 328 192 75 51
153 0 384 90 30 34
153 1 349 195 59 53
154 0 390 80 31 40
154 1 364 198 46 50
155 0 384 80 36 42
155 1 352 196 56 44
156 0 368 72 45 52
156 1 445 109 13 3
156 2 336 193 68 47
157 0 352 76 58 48
157 1 333 192 70 40
158 0 328 187 69 37
159 0 320 96 82 37
159 1 336 189 63 39
160 0 320 96 80 40
160 1 368 195 40 45
161 0 320 112 80 25
161 1 383 200 33 40
162 0 304 128 86 16
162 1 416 207 16 43
163 0 310 128 78 16
163 1 416 208 16 40
164 0 304 132 80 17
164 1 384 203 35 69
165 0 304 134 80 16
165 1 368 200 48 71
166 0 304 132 81 28
166 1 344 192 67 70
167 0 304 128 81 17
167 1 333 194 73 61
168 0 304 130 81 30
168 1 336 192 69 64
169 0 304 134 81 16
169 1 336 194 70 62
170 0 304 130 81 26
170 1 336 192 72 71
171 0 304 130 81 19
171 1 336 194 70 62
172 0 304 128 82 17
172 1 325 192 78 56
173 0 304 118 86 22
173 1 317 189 83 45
174 0 320 96 86 40
174 1 313 186 83 38
175 0 304 184 89 22
176 0 444 109 12 4
176 1 304 176 85 32
177 0 378 48 42 74
177 1 304 179 84 29
178 0 360 56 55 66
178 1 310 178 78 30
179 0 315 176 75 32
180 0 342 64 70 67
180 1 329 186 67 30
181 0 342 64 70 63
181 1 352 189 48 38
182 0 342 64 69 65
182 1 368 195 41 41
183 0 352 192 51 32
184 0 394 48 31 70
184 1 320 184 73 24
185 0 384 48 40 71
185 1 374 136 16 16
185 2 317 179 73 29
186 0 376 136 14 13
186 1 304 180 84 22
187 0 344 66 68 67
187 1 317 182 72 26
188 0 333 188 65 39
189 0 320 102 86 41
189 1 373 140 13 12
189 2 369 195 40 45
190 0 310 120 86 32
190 1 352 198 58 49
191 0 310 128 80 31
191 1 349 195 59 45
192 0 310 128 80 28
192 1 326 192 76 42
193 0 310 120 79 24
193 1 320 188 80 38
194 0 320 120 75 28
195 0 326 112 74 28
195 1 314 182 86 42
196 0 313 184 81 26
197 0 354 92 51 40
197 1 376 137 13 12
197 2 304 184 90 28
198 0 368 70 45 54
198 1 329 182 65 33
199 0 330 186 64 22
200 0 336 72 76 61
200 1 376 139 11 10
200 2 320 180 74 28
201 0 328 80 87 52
201 1 320 179 69 29
202 0 328 80 86 52
202 1 313 180 75 28
203 0 326 82 84 51
203 1 304 178 85 30
204 0 320 82 92 49
204 1 307 180 81 22
205 0 326 80 78 51
205 1 304 174 83 28
206 0 326 80 86 53
206 1 376 136 13 13
206 2 315 184 79 36
207 0 326 80 75 52
207 1 320 187 80 53
208 0 320 80 82 52
208 1 330 191 72 49
209 0 328 191 75 49
210 0 320 82 84 50
210 1 320 191 82 49
211 0 320 82 84 48
211 1 320 187 80 41
212 0 304 184 90 40
213 0 327 80 75 53
213 1 317 184 77 29
214 0 320 186 73 38
215 0 336 70 66 62
215 1 352 191 50 33
216 0 336 66 72 61
216 1 368 193 36 31
217 0 320 84 83 47
217 1 342 179 47 23
218 0 333 177 55 15
219 0 332 177 53 15
220 0 324 166 59 18
221 0 326 84 78 48
221 1 323 172 60 17
222 0 336 64 72 64
222 1 317 167 67 25
223 0 331 74 72 58
223 1 314 179 73 13
224 0 327 80 75 53
224 1 317 181 71 23
225 0 314 96 92 47
225 1 340 189 60 35
226 0 310 112 90 29
226 1 382 197 29 34
227 0 304 112 91 32
227 1 368 198 45 42
228 0 304 118 90 22
228 1 368 201 48 55
229 0 308 112 86 28
229 1 352 198 60 74
230 0 304 124 84 16
230 1 341 197 70 62
231 0 304 118 84 26
231 1 336 192 68 64
232 0 304 118 84 26
232 1 336 192 69 64
233 0 304 128 85 16
233 1 328 192 77 64
234 0 304 128 85 16
234 1 360 198 55 79
235 0 304 128 86 16
235 1 368 201 50 84
236 0 304 128 81 20
236 1 420 208 12 80
237 0 304 130 81 17
238 0 304 132 80 15
238 1 400 205 25 83
239 0 336 112 58 28
239 1 384 202 36 86
240 0 358 116 39 19
240 1 365 199 51 81
241 0 384 120 19 12
241 1 347 196 64 76
242 0 368 122 32 14
242 1 336 195 72 67
243 0 336 128 53 16
243 1 344 193 66 70
244 0 326 128 64 16
244 1 336 195 72 69
245 0 317 128 68 16
245 1 352 196 59 76
246 0 310 128 74 17
246 1 352 196 60 76
247 0 304 132 80 12
247 1 352 196 63 76
248 0 304 128 80 16
248 1 336 195 73 68
249 0 304 130 84 14
249 1 336 195 72 61
250 0 304 118 90 22
250 1 317 189 83 43
251 0 304 118 96 26
251 1 304 187 94 37
252 0 304 102 99 38
252 1 304 184 92 30
253 0 328 74 76 58
253 1 313 184 80 22
254 0 333 70 69 62
254 1 315 179 73 29
255 0 320 80 82 53
255 1 314 180 74 28
256 0 304 176 81 32
257 0 320 80 81 52
257 1 312 176 74 16
258 0 320 81 84 50
258 1 312 176 72 15
259 0 336 72 67 57
259 1 312 176 72 16
260 0 336 64 72 64
260 1 311 166 70 18
261 0 336 72 69 56
261 1 304 172 77 20
262 0 304 172 78 20
263 0 336 66 69 62
263 1 304 151 77 41
263 2 390 184 14 15
264 0 353 48 59 76
264 1 313 179 72 13
265 0 340 186 55 22
266 0 336 72 70 58
266 1 347 182 49 28
267 0 368 194 38 30
268 0 310 112 90 32
268 1 368 195 42 39
269 0 304 112 93 28
269 1 382 197 30 43
270 0 310 112 87 28
270 1 386 198 30 44
271 0 310 116 78 28
271 1 392 201 26 40
272 0 310 128 74 17
272 1 416 205 13 56
273 0 318 112 71 32
274 0 320 118 69 22
274 1 389 205 33 66
275 0 368 200 47 72
276 0 368 199 45 63
277 0 336 191 66 35
278 0 329 189 70 33
279 0 347 58 63 68
279 1 320 184 74 26
280 0 316 179 73 29
281 0 320 82 82 51
281 1 304 180 81 22
282 0 317 176 67 32
283 0 331 78 71 55
283 1 318 176 65 8
284 0 326 80 76 53
284 1 318 166 62 18
285 0 326 80 76 53
285 1 304 176 78 16
286 0 336 66 71 62
286 1 307 176 75 16
287 0 339 72 68 56
287 1 304 176 79 16
288 0 304 176 80 16
289 0 304 176 80 16
290 0 320 88 86 55
290 1 312 180 82 26
291 0 320 90 86 53
291 1 320 186 76 38
292 0 329 96 73 36
292 1 317 184 76 40
293 0 336 100 64 36
293 1 320 189 80 53
294 0 326 112 74 24
294 1 344 195 64 77
295 0 320 112 75 32
295 1 336 193 72 70
296 0 310 114 77 26
296 1 316 187 84 45
297 0 310 112 78 28
297 1 320 190 82 54
298 0 320 112 76 32
298 1 320 191 82 54
299 0 352 112 44 25
299 1 336 194 72 70
300 0 346 112 50 27
300 1 352 195 57 77
301 0 336 128 49 18
301 1 336 192 71 68
302 0 310 132 75 15
302 1 336 194 70 62
303 0 309 136 76 11
303 1 336 192 69 64
304 0 304 128 81 32
304 1 344 195 64 77
305 0 304 138 76 22
305 1 370 198 46 81
306 0 304 136 80 22
306 1 368 198 48 81
307 0 310 144 72 16
307 1 368 198 47 82
308 0 304 144 75 16
308 1 384 201 34 87
309 0 304 144 76 22
309 1 368 200 49 88
310 0 304 152 72 16
310 1 368 201 50 86
311 0 304 150 76 18
311 1 384 203 37 85
312 0 304 150 76 18
312 1 392 203 29 93
313 0 312 144 66 22
313 1 394 206 38 85
314 0 352 132 32 13
314 1 393 204 29 84
315 0 352 132 32 13
316 0 336 128 49 19
316 1 358 197 55 75
317 0 352 128 35 16
317 1 336 195 72 66
318 0 336 132 51 12
318 1 336 193 69 79
319 0 320 134 65 26
319 1 345 195 64 73
320 0 320 136 67 24
320 1 368 200 48 84
321 0 304 136 81 24
321 1 368 201 50 87
322 0 304 130 81 26
322 1 368 201 50 87
323 0 304 134 80 26
323 1 384 201 34 86
324 0 310 130 75 16
324 1 384 201 34 87
325 0 336 128 54 16
325 1 394 204 29 84
326 0 342 128 47 16
326 1 402 206 25 78
327 0 352 130 33 14
328 0 374 120 29 12
328 1 352 197 60 59
329 0 336 195 72 61
330 0 392 100 22 24
330 1 320 191 82 49
331 0 400 79 22 41
331 1 315 186 81 38
332 0 400 64 24 56
332 1 304 182 96 42
333 0 432 64 12 50
333 1 320 177 71 31
334 0 436 64 28 48
334 1 321 176 64 17
335 0 418 48 14 67
335 1 464 113 16 11
335 2 304 176 80 16
336 0 309 176 75 16
337 0 368 48 51 74
337 1 314 180 73 28
338 0 383 48 39 74
338 1 320 183 74 31
339 0 416 48 16 67
339 1 376 136 13 13
339 2 388 193 20 19
340 0 416 45 19 70
340 1 378 136 12 11
340 2 380 192 22 13
341 0 376 136 14 13
341 1 332 180 56 16
342 0 384 38 38 84
342 1 372 140 14 12
342 2 313 176 74 24
343 0 304 181 83 27
344 0 304 176 81 32
345 0 336 64 74 69
345 1 304 181 81 27
346 0 352 54 60 74
346 1 316 176 68 16
347 0 376 38 46 86
347 1 332 169 52 21
348 0 369 47 50 77
348 1 328 160 48 19
349 0 368 47 51 77
349 1 326 160 45 11
350 0 336 64 71 66
350 1 304 160 68 16
351 0 336 68 79 60
351 1 374 140 12 11
351 2 304 160 74 16
352 0 336 70 69 58
352 1 304 160 75 24
353 0 374 140 11 11
353 1 320 180 67 22
354 0 330 168 53 24
355 0 310 152 61 18
357 0 326 80 82 50
357 1 304 144 79 37
358 0 326 80 82 50
358 1 363 141 21 15
358 2 304 153 79 29
359 0 326 88 78 46
359 1 318 134 68 29
359 2 354 164 29 18
360 0 320 96 85 40
360 1 304 144 81 40
360 2 352 144 29 28
361 0 320 96 82 40
361 1 304 144 81 40
361 2 390 184 12 12
362 0 306 144 100 56
363 0 304 141 92 52
364 0 320 81 84 51
364 1 356 140 28 32
364 2 314 145 71 39
365 0 312 140 96 62
366 0 320 102 85 40
366 1 315 140 82 53
367 0 320 100 83 32
367 1 314 140 82 54
368 0 320 98 81 38
368 1 304 136 91 55
369 0 310 112 96 32
369 1 310 137 95 71
370 0 320 81 82 52
370 1 312 140 84 54
371 0 310 112 96 31
371 1 312 140 96 62
372 0 315 106 89 88
373 0 310 112 96 32
373 1 310 139 90 69
374 0 310 112 96 31
374 1 310 139 90 63
377 0 312 128 96 75
378 0 390 184 13 13
379 0 320 96 85 46
379 1 304 136 98 64
380 0 320 80 86 49
381 0 320 96 86 46
381 1 306 130 100 70
382 0 318 96 88 46
383 0 320 96 86 46
383 1 352 132 34 36
383 2 310 160 93 56
384 0 310 96 95 46
384 1 352 134 34 30
384 2 304 160 102 60
385 0 320 98 81 40
385 1 352 132 40 30
385 2 310 160 93 64
386 0 352 128 35 18
386 1 369 145 15 19
386 2 310 155 93 69
387 0 352 128 35 16
387 1 371 145 13 19
387 2 306 156 97 68
388 0 310 104 92 40
388 1 372 145 12 17
388 2 310 150 93 88
389 0 320 96 81 42
389 1 352 128 36 16
389 2 370 145 14 15
389 3 306 153 97 85
390 0 317 96 85 48
390 1 306 145 97 93
391 0 318 96 84 43
391 1 352 130 36 16
391 2 304 144 104 101
391 3 372 145 12 19
392 0 320 96 81 42
392 1 352 130 36 16
392 2 304 145 98 77
393 0 320 90 82 49
393 1 304 128 104 120
394 0 320 90 81 48
394 1 353 128 33 37
394 2 304 150 98 64
395 0 320 96 81 42
395 1 353 128 34 37
395 2 304 148 98 60
396 0 320 98 81 40
396 1 353 128 33 31
396 2 304 150 98 58
397 0 320 104 81 34
397 1 354 134 32 21
397 2 310 151 92 62
398 0 320 96 81 42
398 1 354 134 32 20
398 2 304 152 100 72
399 0 316 102 84 55
399 1 304 151 101 73
400 0 304 96 96 41
400 1 356 134 30 26
400 2 306 148 98 76
401 0 320 112 80 25
401 1 357 130 29 30
401 2 304 150 104 93
402 0 352 131 34 29
402 1 312 151 96 97
403 0 310 112 90 28
403 1 352 131 36 13
403 2 304 152 104 94
404 0 312 106 88 30
404 1 354 134 34 21
404 2 304 144 104 94
405 0 314 104 86 33
405 1 354 134 34 19
405 2 308 146 99 54
406 0 320 102 80 34
406 1 354 134 34 18
406 2 304 144 102 86
407 0 310 106 90 32
407 1 355 136 31 26
407 2 304 144 103 57
408 0 312 106 88 32
408 1 304 137 102 107
409 0 310 112 90 26
409 1 304 138 104 110
410 0 318 102 82 35
410 1 304 136 99 102
411 0 318 102 82 35
411 1 355 134 31 22
411 2 304 144 98 93
412 0 320 102 80 34
412 1 304 134 98 104
413 0 310 96 90 41
413 1 355 134 31 21
413 2 304 144 98 94
414 0 318 96 82 40
414 1 306 136 96 94
415 0 314 96 86 41
415 1 304 136 98 101
416 0 320 90 81 46
416 1 306 136 96 102
417 0 352 80 52 50
418 0 368 80 39 48
419 0 326 80 77 53
419 1 304 133 83 49
420 0 320 96 80 44
420 1 304 136 82 45
421 0 320 96 82 38
421 1 304 136 82 45
422 0 310 112 90 27
423 0 304 112 96 74
425 0 272 139 120 55
426 0 370 66 46 56
426 1 272 139 117 53
429 0 318 99 83 39
430 0 310 96 90 41
430 1 288 136 114 61
431 0 304 96 96 42
431 1 304 136 98 61
432 0 310 104 90 36
432 1 304 136 98 61
435 0 304 128 86 53
435 1 304 184 90 24
450 0 320 190 80 50
451 0 330 192 73 55
452 0 316 189 84 35
455 0 304 137 92 69
458 0 336 195 71 61
459 0 336 195 72 61
460 0 320 191 83 49
461 0 304 134 88 50
461 1 304 188 96 36
462 0 304 138 92 86
464 0 304 137 92 71
465 0 304 136 92 72
466 0 304 138 92 70
467 0 312 178 86 36
468 0 304 138 92 73
469 0 317 189 83 51
470 0 336 195 72 66
471 0 325 193 79 55
472 0 315 188 85 32
473 0 312 189 88 27
474 0 304 138 92 86
475 0 304 189 95 38
476 0 320 191 82 49
477 0 313 188 87 26
478 0 304 140 92 84
479 0 304 138 92 66
480 0 304 134 94 74
481 0 317 189 83 35
482 0 352 195 57 61
483 0 304 134 82 48
483 1 345 195 63 61
484 0 336 194 70 62
485 0 304 138 82 44
485 1 336 194 70 62
486 0 332 194 74 62
487 0 304 139 80 32
487 1 357 166 26 19
487 2 336 194 71 62
488 0 304 139 80 32
488 1 357 165 30 21
488 2 320 190 85 66
489 0 304 139 80 17
489 1 357 166 26 19
489 2 331 191 74 65
490 0 304 137 80 35
490 1 357 165 25 19
490 2 320 191 82 49
491 0 304 134 68 35
491 1 374 137 12 17
491 2 357 165 30 21
491 3 312 190 88 34
492 0 304 132 81 23
492 1 324 152 44 17
492 2 304 165 93 59
493 0 304 132 86 28
493 1 324 152 44 17
493 2 341 166 27 4
493 3 357 168 30 19
493 4 304 188 96 36
494 0 341 166 27 4
494 1 356 169 31 18
494 2 304 189 96 35
495 0 341 166 27 4
495 1 356 169 31 17
495 2 312 190 91 54
497 0 310 112 90 25
497 1 356 138 29 16
498 0 340 140 44 24
500 0 356 140 28 21
508 0 341 165 30 13
510 0 359 140 25 24
511 0 332 165 68 91
512 0 360 140 26 24
514 0 310 116 90 24
514 1 334 177 84 47
515 0 329 179 85 40
516 0 310 116 90 28
521 0 359 139 25 21
521 1 338 166 36 15
522 0 360 139 24 16
523 0 356 158 12 2
524 0 345 166 31 17
525 0 371 178 14 8
525 1 312 188 88 20
526 0 346 166 38 17
526 1 313 188 87 36
527 0 358 166 26 17
527 1 304 188 96 36
528 0 310 166 86 38
529 0 304 166 90 58
530 0 304 166 90 58
531 0 308 166 84 26
532 0 359 140 25 21
532 1 396 197 12 5
533 0 359 140 25 21
533 1 357 166 12 13
534 0 310 120 90 17
534 1 362 140 22 24
535 0 310 112 90 25
537 0 362 140 22 21
538 0 362 140 24 21
539 0 362 140 22 21
540 0 362 140 22 21
540 1 358 166 15 15
540 2 309 179 91 29
541 0 362 140 22 21
541 1 359 166 12 14
541 2 312 185 88 21
542 0 336 98 83 24
542 1 362 140 24 21
543 0 336 102 79 25
543 1 356 166 13 13
544 0 326 112 82 16
544 1 332 140 52 24
545 0 320 114 85 14
545 1 358 140 26 15
546 0 320 112 83 20
546 1 359 140 25 15
546 2 356 166 19 16
547 0 320 112 84 21
547 1 359 141 17 14
547 2 356 166 23 17
547 3 312 186 85 17
548 0 320 116 82 16
548 1 359 140 25 10
550 0 310 122 90 16
550 1 315 189 85 35
552 0 359 166 18 16
553 0 314 189 86 29
554 0 354 166 14 13
555 0 360 140 24 21
555 1 360 172 14 9
557 0 360 172 24 12
558 0 304 112 93 28
558 1 362 140 22 21
559 0 304 120 93 20
559 1 360 140 24 21
560 0 304 115 96 21
560 1 360 142 18 14
561 0 310 116 87 23
561 1 360 142 18 14
561 2 360 167 12 14
566 0 358 166 18 17
567 0 360 166 12 15
568 0 352 155 18 9
568 1 361 166 14 16
569 0 360 140 24 12
569 1 314 184 86 16
570 0 360 142 16 12
570 1 313 188 87 14
571 0 360 142 17 10
571 1 313 188 87 15
572 0 320 116 83 15
572 1 360 142 17 13
572 2 313 188 87 16
573 0 312 121 89 17
573 1 360 142 16 13
573 2 313 189 87 13
574 0 317 116 84 18
574 1 360 142 16 13
574 2 313 189 87 15
575 0 310 122 90 16
575 1 360 142 16 13
575 2 360 167 11 14
575 3 312 189 88 9
576 0 310 122 90 16
576 1 359 140 25 15
576 2 312 188 88 15
577 0 310 132 90 24
577 1 355 167 15 14
577 2 333 197 78 52
578 0 314 136 81 18
578 1 330 195 79 45
579 0 312 132 85 21
579 1 357 166 12 16
579 2 320 194 85 30
580 0 310 128 89 27
580 1 358 166 22 16
580 2 316 192 86 14
581 0 304 130 92 14
581 1 360 142 16 8
581 2 357 166 23 16
581 3 316 191 85 17
582 0 308 132 88 12
582 1 360 142 16 13
582 2 358 166 23 18
582 3 323 192 82 32
583 0 310 118 90 20
583 1 359 140 25 15
583 2 357 166 23 18
583 3 319 191 83 14
584 0 320 114 81 20
584 1 358 140 26 15
584 2 357 166 23 18
584 3 320 191 82 13
585 0 320 120 80 18
585 1 358 140 26 15
585 2 357 166 24 18
585 3 317 189 84 13
586 0 312 118 88 22
586 1 357 138 27 17
586 2 317 166 83 34
587 0 310 118 90 20
587 1 357 140 27 16
587 2 357 166 33 20
587 3 313 189 87 15
588 0 310 128 90 12
588 1 358 139 26 16
588 2 357 166 24 17
588 3 312 188 88 14
589 0 310 128 87 16
589 1 360 142 16 12
589 2 360 172 13 8
589 3 328 194 78 43
590 0 310 132 90 22
590 1 322 194 83 42
591 0 304 130 91 16
591 1 360 142 16 8
591 2 320 192 84 32
592 0 312 137 81 16
592 1 317 189 83 12
593 0 312 137 78 31
593 1 320 192 83 32
594 0 308 136 86 14
594 1 320 192 82 32
595 0 288 137 105 33
595 1 304 190 96 34
596 0 379 137 13 7
596 1 292 138 86 32
596 2 360 167 13 15
596 3 304 188 96 36
597 0 296 138 90 32
597 1 360 166 13 16
597 2 320 189 82 39
598 0 300 139 84 31
598 1 360 167 13 15
598 2 320 189 80 35
599 0 304 139 80 29
599 1 360 167 13 15
599 2 304 189 96 35
600 0 313 139 72 29
600 1 358 167 15 14
600 2 313 187 85 29
601 0 313 139 73 29
601 1 360 166 11 15
601 2 312 190 86 20
602 0 312 140 72 26
602 1 358 166 18 12
602 2 312 189 88 35
603 0 312 140 72 26
603 1 357 166 17 17
603 2 312 189 88 18
604 0 310 138 76 18
604 1 364 166 17 11
604 2 317 190 83 34
605 0 310 138 76 18
605 1 357 166 24 18
605 2 374 181 12 5
605 3 319 192 83 32
606 0 313 139 73 29
606 1 357 166 24 18
606 2 304 192 98 32
607 0 312 138 74 28
607 1 365 167 16 10
607 2 304 192 97 32
608 0 312 138 74 28
608 1 358 167 23 17
608 2 313 189 87 19
609 0 310 138 75 14
609 1 357 167 29 19
609 2 313 189 87 19
610 0 309 138 77 13
610 1 357 167 28 19
610 2 312 189 88 17
611 0 304 132 87 18
611 1 358 166 23 19
611 2 312 189 88 18
612 0 304 130 88 19
612 1 358 166 21 13
612 2 312 189 88 15
613 0 306 128 86 21
613 1 323 157 47 23
613 2 313 189 87 18
614 0 308 128 85 20
614 1 364 166 18 11
614 2 312 189 88 15
615 0 309 130 84 19
615 1 323 156 45 10
615 2 359 167 14 12
615 3 314 189 86 18
616 0 308 130 85 19
616 1 358 168 23 13
616 2 314 189 86 15
617 0 309 128 85 22
617 1 364 170 15 6
617 2 316 189 84 22
618 0 310 128 86 34
618 1 357 168 24 18
618 2 316 189 84 18
619 0 310 131 86 29
619 1 357 168 30 18
619 2 314 189 86 14
620 0 306 128 90 23
620 1 315 168 85 27
621 0 310 129 86 26
621 1 357 169 30 17
621 2 313 189 87 10
622 0 310 128 90 11
622 1 357 139 27 21
622 2 358 168 23 16
622 3 313 189 87 11
623 0 310 128 88 10
623 1 358 139 26 16
623 2 364 170 15 6
623 3 358 176 20 8
623 4 312 186 88 17
624 0 310 128 86 10
624 1 358 139 25 21
624 2 358 168 15 13
624 3 312 188 88 15
625 0 310 118 88 18
625 1 310 184 84 8
626 0 310 120 90 16
626 1 359 140 25 9
626 2 360 169 12 9
626 3 309 177 85 18
627 0 310 118 90 18
627 1 364 140 20 8
627 2 309 177 85 17
628 0 304 118 93 20
628 1 360 144 16 6
628 2 304 184 90 14
629 0 310 118 87 20
629 1 364 144 12 6
629 2 309 155 84 39
630 0 304 128 91 16
630 1 362 142 14 8
630 2 354 168 16 5
630 3 309 176 81 18
631 0 307 128 87 16
631 1 346 151 22 11
631 2 361 170 16 11
632 0 304 120 90 24
633 0 311 130 83 15
633 1 364 142 12 8
633 2 360 151 12 13
634 0 304 134 80 12
634 1 312 184 84 20
635 0 304 138 81 11
635 1 353 166 25 9
635 2 304 180 90 28
636 0 358 168 12 5
636 1 304 177 88 15
637 0 304 116 90 28
637 1 304 175 72 10
638 0 354 150 14 10
639 0 362 140 22 9
639 1 352 162 17 12
639 2 320 174 68 20
640 0 384 54 36 67
640 1 362 140 22 9
640 2 272 150 117 45
641 0 272 140 112 36
641 1 339 182 53 23
642 0 336 72 76 56
643 0 336 70 76 58
643 1 272 140 112 40
644 0 288 141 96 40
645 0 304 139 81 42
646 0 376 48 45 72
647 0 368 48 52 74
647 1 308 140 77 38
648 0 336 72 78 56
648 1 307 139 77 39
649 0 307 140 78 41
650 0 357 140 27 9
651 0 320 96 85 37
652 0 320 100 87 35
652 1 357 139 28 15
652 2 307 173 73 12
653 0 318 106 84 30
653 1 309 141 75 29
653 2 307 174 71 11
653 3 394 190 11 10
654 0 318 104 85 32
654 1 304 141 80 29
654 2 307 170 65 14
655 0 310 112 90 25
655 1 288 141 96 40
655 2 389 189 13 7
656 0 310 104 90 32
656 1 296 138 90 40
657 0 326 96 80 38
657 1 294 141 91 39
658 0 296 138 89 40
659 0 384 64 36 58
659 1 296 141 88 29
659 2 334 175 50 12
660 0 336 82 76 49
660 1 298 137 86 36
660 2 376 189 23 13
661 0 318 106 87 30
661 1 288 141 96 33
661 2 347 182 46 14
662 0 310 116 90 20
662 1 304 140 82 27
662 2 356 164 12 10
662 3 325 180 67 19
663 0 304 128 91 37
663 1 357 161 11 13
663 2 320 188 77 20
664 0 320 88 86 44
664 1 347 192 57 36
665 0 320 96 85 36
665 1 368 196 43 44
666 0 310 116 90 20
666 1 370 200 45 47
667 0 320 106 83 30
667 1 308 141 69 29
667 2 352 198 58 44
668 0 310 112 91 27
668 1 364 140 20 8
668 2 320 192 82 32
669 0 316 104 85 30
669 1 315 189 85 25
670 0 336 66 84 66
670 1 354 141 23 16
671 0 336 64 76 67
672 0 336 64 76 67
673 0 320 96 85 33
673 1 308 138 76 34
674 0 320 98 86 38
674 1 371 138 13 8
674 2 304 142 66 28
674 3 305 176 86 13
675 0 310 112 90 28
675 1 288 140 98 32
675 2 304 177 88 19
676 0 308 112 92 24
676 1 288 140 98 30
676 2 307 176 83 16
677 0 310 104 90 32
677 1 288 138 98 35
677 2 307 176 84 15
678 0 310 112 90 24
678 1 296 141 88 29
678 2 306 176 84 22
679 0 310 112 90 24
679 1 306 137 77 35
679 2 309 175 83 15
680 0 312 112 88 24
680 1 308 138 78 22
680 2 310 175 83 13
680 3 395 193 12 9
681 0 317 106 86 26
681 1 371 139 14 7
681 2 313 142 57 19
681 3 309 174 83 16
681 4 394 192 15 9
682 0 304 112 97 23
682 1 312 141 65 24
682 2 309 174 83 17
682 3 394 192 15 9
683 0 310 112 90 24
683 1 310 142 68 24
683 2 308 178 84 16
684 0 310 112 90 24
684 1 304 142 66 26
684 2 304 178 85 11
685 0 304 96 96 40
685 1 298 140 88 28
686 0 320 100 80 36
687 0 310 112 90 24
687 1 304 141 80 37
688 0 310 112 90 24
688 1 308 141 76 38
688 2 385 186 17 10
689 0 320 102 83 34
689 1 393 190 12 10
690 0 317 114 84 21
690 1 314 150 56 17
690 2 307 174 71 11
690 3 395 190 11 10
691 0 371 139 14 6
691 1 304 142 66 26
692 0 320 106 81 29
692 1 288 141 96 30
693 0 312 102 89 33
693 1 371 139 13 6
693 2 294 142 76 26
693 3 393 190 11 10
694 0 304 96 96 40
694 1 292 148 81 26
694 2 300 172 72 12
695 0 310 96 90 40
695 1 393 190 11 9
696 0 310 112 90 24
696 1 371 139 13 7
696 2 381 186 21 9
697 0 310 116 90 20
697 1 371 139 13 7
697 2 382 186 20 11
699 0 320 102 83 34
699 1 288 144 80 24
699 2 309 186 87 16
700 0 320 106 82 26
700 1 309 178 84 18
701 0 320 102 84 34
701 1 308 145 63 23
701 2 352 165 18 8
701 3 315 192 87 15
702 0 318 112 84 20
702 1 310 150 60 20
702 2 348 168 21 4
702 3 317 192 85 23
703 0 352 142 19 14
703 1 313 180 84 12
704 0 320 112 84 19
704 1 353 141 23 15
704 2 315 192 87 20
705 0 320 116 82 17
705 1 353 140 31 16
705 2 304 192 98 32
706 0 358 142 18 12
706 1 314 184 86 15
707 0 320 118 82 18
707 1 313 175 80 17
708 0 320 114 82 18
708 1 320 194 85 36
709 0 320 113 83 19
709 1 320 194 86 34
710 0 316 192 86 20
711 0 320 112 85 22
711 1 312 182 88 15
712 0 320 105 85 29
712 1 362 142 17 6
712 2 312 160 96 41
713 0 320 112 84 19
713 1 319 192 85 32
714 0 328 152 43 11
714 1 314 160 52 21
714 2 315 178 85 16
715 0 364 140 20 8
715 1 328 152 42 11
715 2 314 160 51 15
715 3 321 192 84 42
716 0 362 141 17 7
716 1 358 152 21 6
716 2 321 192 83 32
717 0 320 100 84 33
717 1 358 142 18 8
718 0 320 102 85 31
718 1 358 142 18 13
718 2 318 160 47 15
719 0 320 98 90 33
719 1 362 140 24 10
719 2 355 152 11 12
719 3 433 209 25 79
720 0 320 104 90 28
720 1 361 142 16 8
720 2 357 154 11 7
720 3 357 170 13 11
720 4 420 208 15 80
721 0 320 112 84 22
721 1 324 192 81 48
722 0 324 112 84 17
722 1 317 189 85 13
723 0 326 112 85 20
723 1 400 196 12 14
724 0 330 112 81 16
724 1 384 200 33 86
725 0 322 121 85 22
725 1 357 142 27 14
725 2 344 152 25 14
725 3 327 195 83 48
726 0 322 122 83 22
726 1 357 141 27 10
726 2 373 145 11 9
726 3 335 153 34 15
726 4 320 195 90 32
727 0 320 122 83 43
727 1 358 166 28 20
727 2 328 197 83 27
728 0 310 124 91 38
728 1 365 166 16 12
728 2 358 176 29 10
728 3 321 191 83 9
729 0 314 128 86 12
729 1 350 140 34 21
729 2 357 152 13 8
729 3 358 166 29 20
729 4 328 194 82 44
730 0 314 112 88 22
730 1 357 142 15 19
730 2 316 192 86 12
731 0 310 122 90 16
731 1 357 142 13 20
731 2 325 195 83 37
732 0 310 130 86 14
732 1 371 139 13 6
732 2 358 142 12 20
732 3 324 195 84 35
733 0 316 121 84 15
733 1 357 140 27 21
733 2 323 194 83 36
734 0 316 118 84 18
734 1 357 142 13 13
734 2 357 156 11 5
734 3 326 192 82 38
735 0 310 128 86 20
735 1 359 140 25 11
735 2 314 192 87 15
737 0 320 96 86 32
737 1 317 192 87 26
738 0 320 96 86 32
738 1 304 192 99 32
739 0 312 120 89 15
739 1 371 201 47 74
740 0 360 170 12 4
741 0 320 80 90 48
741 1 357 140 27 11
741 2 360 170 12 5
741 3 336 203 83 53
742 0 357 140 25 9
742 1 328 192 84 15
743 0 320 112 84 17
743 1 357 140 24 15
743 2 361 165 11 10
744 0 320 112 85 17
744 1 357 138 28 13
744 2 373 202 45 80
745 0 320 120 85 15
745 1 357 138 27 16
746 0 320 112 88 16
746 1 356 137 28 17
747 0 359 166 13 15
748 0 359 166 14 15
749 0 320 96 90 34
749 1 359 150 12 12
749 2 358 168 23 12
749 3 332 200 83 43
750 0 320 102 90 30
750 1 358 150 12 12
750 2 358 168 23 11
750 3 321 195 87 29
751 0 320 112 86 17
751 1 362 147 11 8
751 2 357 168 22 9
751 3 315 180 84 14
752 0 320 96 87 32
752 1 360 147 13 14
753 0 336 64 84 64
753 1 357 147 11 13
753 2 349 197 66 66
754 0 328 80 82 48
754 1 357 142 26 9
754 2 332 196 79 46
755 0 320 96 90 34
755 1 357 139 27 16
755 2 321 194 85 28
756 0 320 96 87 36
756 1 357 142 27 12
756 2 313 189 87 19
757 0 320 112 85 16
757 1 357 138 27 16
757 2 384 204 40 84
758 0 320 116 86 13
758 1 357 138 27 14
758 2 424 208 16 80
759 0 357 138 26 17
760 0 359 150 11 11
760 1 362 166 11 15
760 2 329 197 82 27
761 0 357 138 24 13
761 1 364 166 15 10
761 2 328 184 80 14
762 0 318 112 85 19
762 1 357 141 27 13
762 2 331 179 77 19
763 0 320 106 83 25
763 1 372 139 13 15
763 2 360 169 11 3
763 3 329 178 77 19
764 0 317 98 85 38
764 1 320 140 61 30
764 2 364 174 13 7
764 3 320 192 82 12
765 0 317 100 85 32
765 1 358 138 25 7
765 2 320 149 53 20
765 3 320 190 80 13
766 0 370 138 13 7
766 1 316 141 54 21
766 2 313 173 79 16
767 0 368 48 52 75
767 1 314 141 69 28
767 2 310 171 83 17
768 0 358 48 58 76
768 1 371 142 13 3
768 2 313 144 57 25
768 3 309 171 83 17
769 0 352 61 62 67
769 1 371 140 13 3
769 2 312 144 56 25
769 3 310 171 82 17
770 0 308 142 62 28
770 1 309 173 81 15
771 0 320 80 90 50
771 1 278 145 92 23
771 2 353 164 17 8
771 3 309 169 67 16
772 0 326 88 80 40
772 1 278 142 98 28
772 2 308 172 75 14
773 0 325 86 80 47
773 1 278 140 103 32
773 2 308 166 60 17
775 0 326 80 77 53
775 1 278 140 106 31
777 0 352 48 62 78
778 0 352 54 62 71
778 1 304 150 73 31
781 0 304 112 96 24
781 1 320 172 67 31
782 0 310 112 90 24
782 1 357 137 24 11
782 2 317 178 73 28
783 0 310 120 84 28
783 1 352 197 59 59
784 0 310 128 77 20
784 1 352 199 61 64
785 0 309 131 78 15
785 1 364 174 11 7
785 2 328 192 76 48
786 0 304 130 85 14
786 1 320 192 82 40
787 0 304 130 83 14
787 1 308 181 84 23
788 0 306 128 81 18
788 1 304 180 86 28
789 0 320 114 70 34
789 1 344 195 64 68
790 0 336 116 59 24
791 0 320 128 61 16
792 0 336 195 74 61
793 0 308 138 66 17
793 1 320 192 85 48
794 0 304 138 74 11
794 1 320 192 83 48
795 0 304 112 90 28
795 1 313 188 84 30
796 0 310 122 85 16
796 1 363 141 16 7
796 2 304 189 94 29
797 0 309 118 85 22
797 1 362 142 17 6
797 2 304 189 96 35
798 0 308 120 88 20
798 1 304 189 96 35
799 0 308 122 88 18
799 1 304 189 96 35
800 0 306 120 90 20
800 1 328 151 43 11
800 2 304 189 96 35
801 0 310 120 84 20
801 1 313 188 87 20
802 0 310 120 85 16
802 1 308 138 76 43
802 2 316 189 84 29
803 0 310 114 90 22
803 1 357 142 19 8
803 2 313 189 87 18
804 0 312 112 88 24
804 1 327 148 41 15
804 2 308 162 57 16
804 3 316 189 84 35
805 0 310 112 90 24
805 1 362 147 12 7
805 2 327 154 41 11
805 3 308 162 57 16
805 4 316 189 84 35
806 0 310 128 90 16
806 1 365 150 11 6
806 2 336 194 72 62
807 0 310 120 90 16
807 1 333 193 75 63
808 0 304 128 91 16
808 1 320 192 85 52
809 0 310 130 85 16
809 1 317 192 85 32
810 0 304 130 91 16
810 1 362 147 16 9
810 2 358 166 22 17
810 3 314 190 86 28
811 0 304 128 90 20
811 1 358 166 22 13
811 2 316 190 84 26
812 0 305 128 88 21
812 1 358 166 21 13
812 2 317 190 83 34
813 0 308 136 84 13
813 1 324 152 43 13
813 2 357 168 23 15
813 3 304 190 96 34
814 0 304 134 86 15
814 1 323 154 45 12
814 2 357 166 27 21
814 3 317 192 85 36
815 0 304 136 86 12
815 1 320 151 52 22
815 2 358 170 12 9
815 3 313 190 87 18
816 0 304 130 86 19
816 1 312 189 88 15
818 0 304 134 82 13
819 0 307 138 70 15
819 1 317 190 83 34
820 0 307 142 70 35
820 1 304 192 98 48
821 0 362 141 17 7
821 1 320 192 83 52
822 0 358 171 15 8
822 1 320 192 82 48
823 0 362 140 22 8
823 1 358 169 23 11
823 2 313 189 86 29
824 0 309 186 87 18
825 0 308 144 68 19
825 1 320 165 64 22
825 2 317 192 84 39
826 0 376 141 11 5
826 1 329 192 77 56
827 0 308 140 79 41
827 1 336 195 75 66
828 0 307 140 80 41
828 1 317 192 84 39
829 0 308 142 75 36
829 1 304 190 96 34
830 0 320 128 64 22
830 1 326 153 43 13
830 2 314 166 68 18
830 3 336 192 70 64
831 0 336 195 74 61
832 0 352 196 60 76
833 0 362 140 22 8
833 1 316 150 63 31
833 2 352 200 64 72
834 0 315 142 61 31
834 1 358 170 21 11
834 2 336 195 74 61
835 0 312 140 72 33
835 1 358 172 20 8
835 2 320 194 86 54
836 0 368 140 16 6
836 1 359 172 20 12
836 2 313 190 87 34
837 0 304 190 96 34
838 0 308 142 66 31
838 1 359 173 14 2
838 2 341 195 67 69
839 0 361 142 19 13
839 1 369 202 49 78
840 0 313 157 59 19
840 1 359 173 15 3
840 2 384 204 38 84
841 0 359 168 22 13
842 0 357 168 29 18
842 1 352 196 60 76
843 0 357 141 27 13
843 1 313 155 56 22
843 2 357 168 29 18
843 3 320 193 85 47
844 0 312 140 69 32
844 1 366 168 15 10
844 2 357 179 29 7
844 3 320 192 85 48
845 0 357 168 29 18
845 1 320 190 83 39
846 0 357 166 27 20
846 1 320 192 82 35
847 0 357 168 27 18
847 1 320 192 85 48
848 0 312 140 69 32
848 1 357 166 27 20
848 2 320 192 85 47
849 0 310 140 71 32
849 1 357 166 26 20
849 2 320 192 85 48
850 0 357 140 21 8
850 1 357 166 25 20
850 2 320 192 83 46
851 0 357 171 30 15
851 1 331 194 76 56
852 0 357 171 25 16
852 1 336 195 74 61
853 0 362 140 24 14
853 1 358 170 29 16
853 2 344 197 68 69
854 0 309 144 69 30
854 1 357 168 30 18
854 2 332 195 76 61
855 0 310 144 77 42
855 1 329 192 77 54
856 0 309 147 77 39
856 1 320 192 83 48
857 0 373 143 11 5
857 1 309 146 77 42
857 2 320 192 85 48
858 0 320 192 84 48
859 0 310 140 76 44
859 1 320 192 83 48
860 0 308 144 60 21
860 1 320 169 64 17
860 2 317 192 84 31
861 0 309 138 75 15
861 1 326 154 42 11
861 2 315 190 85 25
862 0 309 135 77 17
862 1 315 190 85 26
863 0 309 138 75 38
863 1 318 192 83 32
864 0 308 138 76 38
864 1 304 190 96 34
865 0 308 138 69 14
865 1 330 154 39 12
865 2 320 192 82 37
866 0 308 138 69 14
866 1 304 190 96 34
867 0 308 138 73 14
867 1 314 190 86 21
868 0 304 140 82 10
868 1 367 152 12 8
868 2 304 190 96 34
869 0 304 130 83 18
869 1 288 149 93 28
869 2 304 190 96 34
870 0 288 130 99 47
870 1 320 192 82 48
871 0 308 136 85 13
871 1 359 172 15 4
871 2 336 195 72 61
872 0 304 134 90 16
872 1 334 151 39 11
872 2 358 168 22 13
872 3 333 194 75 62
873 0 310 129 86 14
873 1 359 171 22 10
873 2 331 195 76 61
874 0 310 128 86 11
874 1 360 167 18 10
874 2 333 195 75 61
875 0 364 170 16 7
875 1 370 202 46 59
876 0 364 170 15 6
876 1 393 205 31 60
877 0 364 170 14 4
877 1 389 205 35 67
878 0 361 142 15 8
878 1 346 152 20 13
878 2 358 166 20 9
878 3 368 202 50 70
879 0 314 96 86 40
879 1 346 154 20 9
879 2 359 166 19 9
879 3 349 197 62 56
880 0 320 96 85 39
880 1 364 166 14 10
880 2 325 190 75 33
881 0 336 70 71 62
881 1 308 182 84 24
882 0 320 80 86 51
882 1 364 140 20 7
882 2 304 176 86 32
883 0 320 95 86 40
883 1 304 178 85 18
884 0 320 96 82 38
884 1 304 176 78 14
885 0 310 112 90 24
885 1 304 173 82 17
886 0 310 102 90 34
886 1 360 142 16 8
886 2 305 174 77 18
887 0 310 106 90 30
887 1 346 149 23 11
887 2 306 175 80 17
888 0 317 106 83 30
888 1 344 153 26 7
888 2 304 174 78 17
889 0 310 104 90 32
889 1 307 175 73 11
890 0 310 104 90 32
891 0 320 96 80 40
891 1 362 140 22 8
891 2 348 150 19 10
892 0 292 156 77 28
893 0 320 95 85 41
894 0 320 96 81 38
895 0 320 102 80 34
896 0 320 102 80 34
896 1 307 170 66 14
897 0 320 105 80 31
897 1 307 171 64 13
898 0 320 105 80 31
898 1 364 168 15 10
899 0 318 104 82 32
899 1 357 140 25 14
899 2 365 168 13 9
900 0 320 102 80 34
900 1 357 141 28 10
900 2 306 165 73 16
901 0 320 96 81 38
901 1 357 140 24 11
901 2 364 170 14 6
902 0 320 96 83 40
902 1 357 140 24 11
902 2 364 168 14 8
903 0 321 140 52 17
903 1 373 140 11 3
903 2 331 162 37 5
904 0 373 140 11 3
905 0 320 142 56 34
906 0 317 102 83 34
906 1 315 150 47 15
906 2 304 171 75 15
907 0 310 112 90 24
907 1 304 173 85 16
