0 0 1
1 0 5
2 0 5
3 0 1
3 1 5
4 0 1
4 1 5
5 0 1
5 1 5
6 0 1
7 0 5
7 1 1
8 0 5
9 0 1
10 0 1
10 1 5
11 0 5
11 1 1
14 0 1
14 1 5
15 0 5
16 0 5
17 0 1
17 1 5
18 0 1
18 1 5
20 0 1
21 0 1
22 0 1
23 0 1
24 0 1
24 1 5
25 0 1
25 1 5
26 0 1
26 1 5
27 0 1
27 1 5
28 0 5
29 0 1
29 1 5
30 0 1
30 1 5
31 0 1
31 1 5
33 0 5
34 0 1
34 1 5
35 0 1
35 1 5
36 0 1
37 0 1
37 1 5
38 0 1
38 1 5
39 0 5
40 0 1
40 1 5
41 0 1
41 1 5
42 0 1
42 1 5
43 0 1
43 1 5
44 0 1
44 1 2
44 2 5
45 0 1
45 1 5
46 0 1
47 0 0
47 1 0
47 2 0
48 0 0
48 1 0
48 2 0
49 0 0
49 1 0
49 2 0
50 0 0
50 1 0
50 2 0
51 0 0
51 1 0
51 2 0
52 0 0
52 1 0
52 2 0
53 0 0
53 1 0
53 2 0
54 0 1
56 0 1
56 1 5
57 0 5
58 0 5
59 0 1
60 0 1
60 1 2
60 2 5
61 0 1
61 1 0
61 2 0
61 3 5
62 0 1
62 1 5
63 0 1
63 1 2
63 2 5
64 0 1
64 1 5
65 0 5
66 0 1
66 1 5
67 0 1
67 1 5
68 0 1
68 1 5
69 0 1
69 1 5
70 0 1
70 1 5
71 0 1
71 1 5
72 0 1
72 1 5
73 0 1
73 1 5
74 0 1
74 1 5
75 0 1
75 1 5
76 0 1
76 1 5
77 0 1
77 1 5
78 0 1
79 0 1
79 1 5
80 0 1
80 1 5
81 0 1
81 1 2
81 2 5
82 0 1
82 1 5
83 0 1
83 1 5
84 0 1
84 1 0
84 2 0
84 3 5
85 0 2
85 1 1
86 0 1
86 1 2
86 2 5
87 0 1
87 1 2
87 2 5
88 0 2
88 1 5
89 0 2
89 1 5
90 0 2
90 1 5
91 0 1
91 1 2
91 2 5
92 0 1
92 1 5
93 0 5
94 0 1
94 1 5
95 0 1
95 1 5
96 0 1
96 1 5
97 0 5
98 0 5
99 0 1
99 1 5
100 0 5
101 0 5
102 0 1
102 1 5
103 0 1
103 1 5
104 0 1
104 1 5
105 0 5
106 0 5
107 0 1
107 1 5
108 0 5
109 0 1
109 1 5
110 0 5
111 0 5
112 0 5
113 0 1
113 1 5
114 0 1
114 1 5
115 0 1
115 1 5
116 0 1
116 1 5
117 0 1
117 1 5
118 0 1
118 1 5
119 0 1
119 1 5
120 0 1
120 1 5
121 0 1
122 0 1
122 1 5
123 0 1
123 1 5
124 0 1
124 1 5
125 0 1
125 1 5
126 0 1
126 1 5
127 0 1
127 1 5
128 0 1
128 1 5
129 0 1
129 1 5
130 0 1
130 1 5
131 0 1
131 1 5
132 0 1
132 1 5
133 0 1
133 1 5
134 0 1
134 1 5
135 0 1
135 1 5
136 0 1
136 1 5
137 0 1
137 1 5
138 0 1
138 1 5
139 0 1
139 1 5
140 0 1
140 1 5
141 0 1
141 1 5
142 0 1
142 1 5
143 0 1
143 1 5
144 0 1
144 1 5
145 0 1
145 1 5
146 0 1
146 1 5
147 0 1
147 1 5
148 0 1
148 1 5
149 0 5
150 0 5
151 0 1
151 1 5
152 0 1
152 1 5
153 0 1
153 1 5
154 0 1
154 1 5
155 0 1
155 1 5
156 0 1
156 1 2
156 2 5
157 0 1
157 1 5
158 0 5
159 0 1
159 1 5
160 0 1
160 1 5
161 0 1
161 1 5
162 0 1
162 1 5
163 0 1
163 1 5
164 0 1
164 1 5
165 0 1
165 1 5
166 0 1
166 1 5
167 0 1
167 1 5
168 0 1
168 1 5
169 0 1
169 1 5
170 0 1
170 1 5
171 0 1
171 1 5
172 0 1
172 1 5
173 0 1
173 1 5
174 0 1
174 1 5
175 0 5
176 0 1
176 1 5
177 0 1
177 1 5
178 0 1
178 1 5
179 0 5
180 0 1
180 1 5
181 0 1
181 1 5
182 0 1
182 1 5
183 0 5
184 0 1
184 1 5
185 0 1
185 1 2
185 2 5
186 0 1
186 1 5
187 0 1
187 1 5
188 0 5
189 0 1
189 1 2
189 2 5
190 0 1
190 1 5
191 0 1
191 1 5
192 0 1
192 1 5
193 0 1
193 1 5
194 0 1
195 0 1
195 1 5
196 0 5
197 0 1
197 1 2
197 2 5
198 0 1
198 1 5
199 0 5
200 0 1
200 1 2
200 2 5
201 0 1
201 1 5
202 0 1
202 1 5
203 0 1
203 1 5
204 0 1
204 1 5
205 0 1
205 1 5
206 0 1
206 1 2
206 2 5
207 0 1
207 1 5
208 0 1
208 1 5
209 0 5
210 0 1
210 1 5
211 0 1
211 1 5
212 0 5
213 0 1
213 1 5
214 0 5
215 0 1
215 1 5
216 0 1
216 1 5
217 0 1
217 1 5
218 0 5
219 0 5
220 0 5
221 0 1
221 1 5
222 0 1
222 1 5
223 0 1
223 1 5
224 0 1
224 1 5
225 0 1
225 1 5
226 0 1
226 1 5
227 0 1
227 1 5
228 0 1
228 1 5
229 0 1
229 1 5
230 0 1
230 1 5
231 0 1
231 1 5
232 0 1
232 1 5
233 0 1
233 1 5
234 0 1
234 1 5
235 0 1
235 1 5
236 0 1
236 1 5
237 0 1
238 0 1
238 1 5
239 0 1
239 1 5
240 0 1
240 1 5
241 0 1
241 1 5
242 0 1
242 1 5
243 0 1
243 1 5
244 0 1
244 1 5
245 0 1
245 1 5
246 0 1
246 1 5
247 0 1
247 1 5
248 0 1
248 1 5
249 0 1
249 1 5
250 0 1
250 1 5
251 0 1
251 1 5
252 0 1
252 1 5
253 0 1
253 1 5
254 0 1
254 1 5
255 0 1
255 1 5
256 0 5
257 0 1
257 1 5
258 0 1
258 1 5
259 0 1
259 1 5
260 0 1
260 1 5
261 0 1
261 1 5
262 0 5
263 0 1
263 1 3
263 2 5
264 0 1
264 1 5
265 0 5
266 0 1
266 1 5
267 0 5
268 0 1
268 1 5
269 0 1
269 1 5
270 0 1
270 1 5
271 0 1
271 1 5
272 0 1
272 1 5
273 0 1
274 0 1
274 1 5
275 0 5
276 0 5
277 0 5
278 0 5
279 0 1
279 1 5
280 0 5
281 0 1
281 1 5
282 0 5
283 0 1
283 1 5
284 0 1
284 1 5
285 0 1
285 1 5
286 0 1
286 1 5
287 0 1
287 1 5
288 0 5
289 0 5
290 0 1
290 1 5
291 0 1
291 1 5
292 0 1
292 1 5
293 0 1
293 1 5
294 0 1
294 1 5
295 0 1
295 1 5
296 0 1
296 1 5
297 0 1
297 1 5
298 0 1
298 1 5
299 0 1
299 1 5
300 0 1
300 1 5
301 0 1
301 1 5
302 0 1
302 1 5
303 0 1
303 1 5
304 0 1
304 1 5
305 0 1
305 1 5
306 0 1
306 1 5
307 0 1
307 1 5
308 0 1
308 1 5
309 0 1
309 1 5
310 0 1
310 1 5
311 0 1
311 1 5
312 0 1
312 1 5
313 0 1
313 1 5
314 0 1
314 1 5
315 0 1
316 0 1
316 1 5
317 0 1
317 1 5
318 0 1
318 1 5
319 0 1
319 1 5
320 0 1
320 1 5
321 0 1
321 1 5
322 0 1
322 1 5
323 0 1
323 1 5
324 0 1
324 1 5
325 0 1
325 1 5
326 0 1
326 1 5
327 0 1
328 0 1
328 1 5
329 0 5
330 0 1
330 1 5
331 0 1
331 1 5
332 0 1
332 1 5
333 0 1
333 1 5
334 0 1
334 1 5
335 0 0
335 1 1
335 2 5
336 0 5
337 0 1
337 1 5
338 0 1
338 1 5
339 0 1
339 1 2
339 2 5
340 0 1
340 1 2
340 2 5
341 0 2
341 1 1
342 0 1
342 1 2
342 2 5
343 0 5
344 0 5
345 0 1
345 1 5
346 0 1
346 1 5
347 0 1
347 1 5
348 0 1
348 1 5
349 0 1
349 1 5
350 0 1
350 1 5
351 0 1
351 1 2
351 2 5
352 0 1
352 1 5
353 0 1
353 1 5
354 0 5
355 0 1
357 0 1
357 1 5
358 0 1
358 1 2
358 2 5
359 0 0
359 1 0
359 2 0
360 0 1
360 1 5
360 2 4
361 0 0
361 1 0
361 2 0
362 0 5
363 0 5
364 0 0
364 1 0
364 2 0
365 0 1
366 0 1
366 1 5
367 0 1
367 1 5
368 0 1
368 1 5
369 0 1
369 1 5
370 0 1
370 1 5
371 0 1
371 1 5
372 0 1
373 0 1
373 1 5
374 0 1
374 1 5
377 0 5
378 0 5
379 0 1
379 1 5
380 0 1
381 0 1
381 1 5
382 0 1
383 0 0
383 1 0
383 2 0
384 0 1
384 1 2
384 2 5
385 0 0
385 1 0
385 2 0
386 0 1
386 1 2
386 2 5
387 0 1
387 1 2
387 2 5
388 0 1
388 1 2
388 2 5
389 0 1
389 1 0
389 2 0
389 3 5
390 0 1
390 1 5
391 0 1
391 1 2
391 2 5
391 3 0
392 0 1
392 1 2
392 2 5
393 0 1
393 1 5
394 0 1
394 1 2
394 2 5
395 0 1
395 1 2
395 2 5
396 0 1
396 1 2
396 2 5
397 0 1
397 1 2
397 2 5
398 0 1
398 1 2
398 2 5
399 0 1
399 1 5
400 0 1
400 1 2
400 2 5
401 0 0
401 1 0
401 2 0
402 0 1
402 1 5
403 0 1
403 1 2
403 2 5
404 0 1
404 1 2
404 2 5
405 0 1
405 1 2
405 2 5
406 0 1
406 1 2
406 2 5
407 0 1
407 1 2
407 2 5
408 0 1
408 1 5
409 0 1
409 1 5
410 0 1
410 1 5
411 0 1
411 1 2
411 2 5
412 0 1
412 1 5
413 0 1
413 1 2
413 2 5
414 0 1
414 1 5
415 0 1
415 1 5
416 0 1
416 1 5
417 0 1
418 0 1
419 0 1
419 1 5
420 0 1
420 1 5
421 0 1
421 1 5
422 0 1
423 0 1
425 0 5
426 0 1
426 1 5
429 0 1
430 0 1
430 1 5
431 0 1
431 1 5
432 0 1
432 1 5
435 0 1
435 1 5
450 0 5
451 0 5
452 0 5
455 0 5
458 0 5
459 0 5
460 0 5
461 0 1
461 1 5
462 0 5
464 0 5
465 0 5
466 0 5
467 0 5
468 0 5
469 0 5
470 0 5
471 0 5
472 0 5
473 0 5
474 0 5
475 0 5
476 0 5
477 0 5
478 0 5
479 0 5
480 0 5
481 0 5
482 0 5
483 0 1
483 1 5
484 0 5
485 0 1
485 1 5
486 0 5
487 0 1
487 1 3
487 2 5
488 0 1
488 1 3
488 2 5
489 0 1
489 1 3
489 2 5
490 0 1
490 1 3
490 2 5
491 0 1
491 1 2
491 2 3
491 3 5
492 0 1
492 1 3
492 2 5
493 0 1
493 1 3
493 2 0
493 3 0
493 4 5
494 0 4
494 1 1
494 2 5
495 0 4
495 1 1
495 2 5
497 0 1
497 1 2
498 0 1
500 0 2
508 0 5
510 0 1
511 0 5
512 0 1
514 0 1
514 1 5
515 0 5
516 0 1
521 0 2
521 1 1
522 0 2
523 0 1
524 0 1
525 0 1
525 1 5
526 0 1
526 1 5
527 0 1
527 1 5
528 0 5
529 0 5
530 0 5
531 0 5
532 0 2
532 1 1
533 0 2
533 1 4
534 0 1
534 1 5
535 0 1
537 0 1
538 0 1
539 0 1
540 0 1
540 1 4
540 2 5
541 0 0
541 1 0
541 2 0
542 0 1
542 1 5
543 0 1
543 1 5
544 0 1
544 1 5
545 0 1
545 1 5
546 0 1
546 1 5
546 2 0
547 0 1
547 1 3
547 2 3
547 3 5
548 0 1
548 1 2
550 0 1
550 1 5
552 0 4
553 0 5
554 0 4
555 0 1
555 1 4
557 0 5
558 0 1
558 1 5
559 0 1
559 1 5
560 0 1
560 1 5
561 0 1
561 1 5
561 2 0
566 0 4
567 0 4
568 0 1
568 1 4
569 0 2
569 1 5
570 0 2
570 1 5
571 0 2
571 1 5
572 0 1
572 1 2
572 2 5
573 0 1
573 1 2
573 2 5
574 0 1
574 1 2
574 2 5
575 0 1
575 1 2
575 2 4
575 3 5
576 0 1
576 1 2
576 2 5
577 0 1
577 1 2
577 2 5
578 0 1
578 1 5
579 0 1
579 1 2
579 2 5
580 0 1
580 1 2
580 2 5
581 0 1
581 1 0
581 2 2
581 3 5
582 0 1
582 1 3
582 2 3
582 3 5
583 0 1
583 1 3
583 2 3
583 3 5
584 0 1
584 1 3
584 2 3
584 3 5
585 0 1
585 1 3
585 2 3
585 3 5
586 0 1
586 1 2
586 2 5
587 0 0
587 1 0
587 2 0
587 3 0
588 0 1
588 1 3
588 2 3
588 3 5
589 0 1
589 1 0
589 2 0
589 3 5
590 0 1
590 1 5
591 0 1
591 1 2
591 2 5
592 0 1
592 1 5
593 0 1
593 1 5
594 0 1
594 1 5
595 0 1
595 1 5
596 0 0
596 1 1
596 2 0
596 3 5
597 0 1
597 1 4
597 2 5
598 0 1
598 1 4
598 2 5
599 0 3
599 1 4
599 2 1
600 0 3
600 1 4
600 2 1
601 0 3
601 1 4
601 2 1
602 0 3
602 1 4
602 2 1
603 0 3
603 1 4
603 2 1
604 0 1
604 1 4
604 2 5
605 0 1
605 1 3
605 2 0
605 3 5
606 0 1
606 1 3
606 2 5
607 0 1
607 1 3
607 2 5
608 0 1
608 1 3
608 2 5
609 0 1
609 1 3
609 2 5
610 0 1
610 1 3
610 2 5
611 0 1
611 1 3
611 2 5
612 0 1
612 1 3
612 2 5
613 0 1
613 1 3
613 2 5
614 0 1
614 1 3
614 2 5
615 0 1
615 1 2
615 2 3
615 3 5
616 0 1
616 1 3
616 2 5
617 0 1
617 1 3
617 2 5
618 0 1
618 1 3
618 2 5
619 0 1
619 1 3
619 2 5
620 0 1
620 1 5
621 0 1
621 1 2
621 2 5
622 0 1
622 1 2
622 2 4
622 3 5
623 0 0
623 1 0
623 2 0
623 3 0
623 4 0
624 0 0
624 1 0
624 2 0
624 3 0
625 0 1
625 1 5
626 0 1
626 1 0
626 2 0
626 3 5
627 0 1
627 1 2
627 2 5
628 0 1
628 1 2
628 2 5
629 0 1
629 1 2
629 2 5
630 0 1
630 1 3
630 2 3
630 3 5
631 0 1
631 1 5
631 2 4
632 0 1
633 0 1
633 1 2
633 2 5
634 0 1
634 1 5
635 0 1
635 1 2
635 2 5
636 0 2
636 1 5
637 0 1
637 1 5
638 0 5
639 0 1
639 1 2
639 2 5
640 0 1
640 1 2
640 2 5
641 0 1
641 1 5
642 0 1
643 0 1
643 1 5
644 0 5
645 0 3
646 0 1
647 0 1
647 1 3
648 0 1
648 1 3
649 0 5
650 0 2
651 0 1
652 0 1
652 1 2
652 2 5
653 0 1
653 1 3
653 2 5
653 3 0
654 0 1
654 1 3
654 2 5
655 0 1
655 1 5
655 2 0
656 0 1
656 1 5
657 0 1
657 1 5
658 0 5
659 0 1
659 1 3
659 2 5
660 0 1
660 1 3
660 2 5
661 0 1
661 1 3
661 2 5
662 0 1
662 1 3
662 2 0
662 3 5
663 0 1
663 1 2
663 2 5
664 0 1
664 1 5
665 0 1
665 1 5
666 0 1
666 1 5
667 0 1
667 1 3
667 2 5
668 0 1
668 1 2
668 2 5
669 0 1
669 1 5
670 0 1
670 1 2
671 0 1
672 0 1
673 0 1
673 1 5
674 0 1
674 1 2
674 2 3
674 3 5
675 0 1
675 1 3
675 2 5
676 0 1
676 1 3
676 2 5
677 0 1
677 1 3
677 2 5
678 0 1
678 1 3
678 2 5
679 0 1
679 1 3
679 2 5
680 0 1
680 1 3
680 2 5
680 3 0
681 0 0
681 1 0
681 2 0
681 3 0
681 4 0
682 0 1
682 1 3
682 2 5
682 3 0
683 0 1
683 1 3
683 2 5
684 0 1
684 1 3
684 2 5
685 0 1
685 1 5
686 0 1
687 0 1
687 1 5
688 0 1
688 1 0
688 2 5
689 0 1
689 1 5
690 0 1
690 1 0
690 2 0
690 3 5
691 0 2
691 1 1
692 0 1
692 1 3
693 0 0
693 1 0
693 2 0
693 3 0
694 0 0
694 1 0
694 2 0
695 0 1
695 1 5
696 0 1
696 1 2
696 2 5
697 0 1
697 1 2
697 2 5
699 0 1
699 1 2
699 2 5
700 0 1
700 1 5
701 0 1
701 1 0
701 2 0
701 3 5
702 0 0
702 1 0
702 2 0
702 3 0
703 0 2
703 1 1
704 0 1
704 1 2
704 2 5
705 0 0
705 1 0
705 2 0
706 0 2
706 1 1
707 0 1
707 1 5
708 0 1
708 1 5
709 0 1
709 1 5
710 0 5
711 0 1
711 1 5
712 0 1
712 1 2
712 2 5
713 0 1
713 1 5
714 0 1
714 1 2
714 2 5
715 0 0
715 1 1
715 2 2
715 3 5
716 0 2
716 1 4
716 2 1
717 0 1
717 1 2
718 0 1
718 1 2
718 2 5
719 0 0
719 1 0
719 2 0
719 3 0
720 0 1
720 1 5
720 2 0
720 3 0
720 4 0
721 0 1
721 1 5
722 0 1
722 1 5
723 0 1
723 1 5
724 0 1
724 1 5
725 0 1
725 1 3
725 2 3
725 3 5
726 0 1
726 1 3
726 2 0
726 3 3
726 4 5
727 0 0
727 1 0
727 2 0
728 0 5
728 1 3
728 2 3
728 3 5
729 0 0
729 1 0
729 2 0
729 3 0
729 4 0
730 0 0
730 1 0
730 2 0
731 0 0
731 1 0
731 2 0
732 0 1
732 1 3
732 2 3
732 3 5
733 0 1
733 1 2
733 2 5
734 0 0
734 1 0
734 2 0
734 3 0
735 0 1
735 1 2
735 2 5
737 0 1
737 1 5
738 0 1
738 1 5
739 0 1
739 1 5
740 0 5
741 0 1
741 1 3
741 2 3
741 3 5
742 0 2
742 1 1
743 0 1
743 1 2
743 2 4
744 0 1
744 1 2
744 2 5
745 0 1
745 1 2
746 0 1
746 1 2
747 0 4
748 0 4
749 0 0
749 1 0
749 2 0
749 3 0
750 0 0
750 1 0
750 2 0
750 3 0
751 0 1
751 1 5
751 2 0
751 3 0
752 0 1
752 1 5
753 0 1
753 1 5
753 2 0
754 0 1
754 1 2
754 2 5
755 0 1
755 1 2
755 2 5
756 0 1
756 1 2
756 2 5
757 0 1
757 1 2
757 2 5
758 0 1
758 1 2
758 2 5
759 0 1
760 0 1
760 1 4
760 2 5
761 0 2
761 1 4
761 2 1
762 0 1
762 1 3
762 2 5
763 0 1
763 1 3
763 2 3
763 3 5
764 0 1
764 1 3
764 2 3
764 3 5
765 0 1
765 1 3
765 2 3
765 3 5
766 0 1
766 1 3
766 2 5
767 0 1
767 1 3
767 2 5
768 0 1
768 1 2
768 2 3
768 3 5
769 0 1
769 1 2
769 2 3
769 3 5
770 0 1
770 1 5
771 0 0
771 1 0
771 2 0
771 3 0
772 0 0
772 1 0
772 2 0
773 0 0
773 1 0
773 2 0
775 0 1
775 1 3
777 0 1
778 0 1
778 1 5
781 0 1
781 1 5
782 0 1
782 1 2
782 2 5
783 0 1
783 1 5
784 0 1
784 1 5
785 0 1
785 1 2
785 2 5
786 0 1
786 1 5
787 0 1
787 1 5
788 0 1
788 1 5
789 0 1
789 1 5
790 0 1
791 0 1
792 0 5
793 0 1
793 1 5
794 0 1
794 1 5
795 0 1
795 1 5
796 0 1
796 1 2
796 2 5
797 0 1
797 1 2
797 2 5
798 0 1
798 1 5
799 0 1
799 1 5
800 0 1
800 1 3
800 2 5
801 0 1
801 1 5
802 0 1
802 1 3
802 2 5
803 0 1
803 1 3
803 2 5
804 0 1
804 1 3
804 2 0
804 3 5
805 0 1
805 1 2
805 2 0
805 3 0
805 4 5
806 0 1
806 1 2
806 2 5
807 0 1
807 1 5
808 0 1
808 1 5
809 0 1
809 1 5
810 0 1
810 1 0
810 2 0
810 3 5
811 0 1
811 1 4
811 2 5
812 0 1
812 1 4
812 2 5
813 0 1
813 1 3
813 2 3
813 3 5
814 0 1
814 1 3
814 2 3
814 3 5
815 0 1
815 1 0
815 2 0
815 3 5
816 0 1
816 1 5
818 0 1
819 0 1
819 1 5
820 0 1
820 1 5
821 0 1
821 1 5
822 0 1
822 1 5
823 0 0
823 1 1
823 2 5
824 0 5
825 0 0
825 1 0
825 2 0
826 0 2
826 1 1
827 0 1
827 1 5
828 0 1
828 1 5
829 0 1
829 1 5
830 0 0
830 1 0
830 2 0
830 3 0
831 0 5
832 0 5
833 0 2
833 1 3
833 2 1
834 0 3
834 1 4
834 2 1
835 0 3
835 1 4
835 2 1
836 0 2
836 1 4
836 2 1
837 0 5
838 0 3
838 1 4
838 2 1
839 0 2
839 1 1
840 0 3
840 1 4
840 2 1
841 0 4
842 0 4
842 1 1
843 0 3
843 1 1
843 2 3
843 3 5
844 0 0
844 1 0
844 2 1
844 3 5
845 0 1
845 1 5
846 0 1
846 1 5
847 0 1
847 1 5
848 0 0
848 1 1
848 2 5
849 0 3
849 1 1
849 2 5
850 0 0
850 1 1
850 2 5
851 0 1
851 1 5
852 0 1
852 1 5
853 0 0
853 1 1
853 2 5
854 0 1
854 1 2
854 2 5
855 0 1
855 1 5
856 0 1
856 1 5
857 0 0
857 1 1
857 2 5
858 0 5
859 0 3
859 1 1
860 0 0
860 1 0
860 2 0
861 0 1
861 1 3
861 2 5
862 0 1
862 1 5
863 0 1
863 1 5
864 0 1
864 1 5
865 0 1
865 1 3
865 2 5
866 0 1
866 1 5
867 0 1
867 1 5
868 0 1
868 1 2
868 2 5
869 0 1
869 1 3
869 2 5
870 0 1
870 1 5
871 0 1
871 1 2
871 2 5
872 0 1
872 1 0
872 2 2
872 3 5
873 0 1
873 1 4
873 2 5
874 0 1
874 1 4
874 2 5
875 0 4
875 1 1
876 0 4
876 1 1
877 0 4
877 1 1
878 0 3
878 1 3
878 2 3
878 3 5
879 0 1
879 1 0
879 2 4
879 3 5
880 0 1
880 1 4
880 2 5
881 0 1
881 1 5
882 0 1
882 1 2
882 2 5
883 0 1
883 1 5
884 0 1
884 1 5
885 0 1
885 1 5
886 0 1
886 1 2
886 2 5
887 0 1
887 1 3
887 2 5
888 0 1
888 1 3
888 2 5
889 0 1
889 1 5
890 0 1
891 0 1
891 1 2
891 2 5
892 0 5
893 0 1
894 0 1
895 0 1
896 0 1
896 1 5
897 0 1
897 1 5
898 0 1
898 1 5
899 0 1
899 1 2
899 2 5
900 0 1
900 1 2
900 2 5
901 0 1
901 1 2
901 2 4
902 0 1
902 1 2
902 2 4
903 0 1
903 1 2
903 2 5
904 0 2
905 0 5
906 0 0
906 1 0
906 2 0
907 0 1
907 1 5
