1 0 95 95 201 -1 0 0 27 1 3 0 89
1 1 59 9 967 -1 -1 0 63 9 11 3 714
2 0 82 92 286 0 0 0 18 0 5 3 247
3 0 59 2 960 -2 -3 0 54 8 14 6 830
4 0 81 18 259 -1 -1 0 8 1 12 3 390
5 0 74 8 290 -9 5 0 5 1 11 5 403
5 1 99 114 64 0 0 0 0 0 0 0 16
6 0 61 1 266 -4 4 0 1 0 21 9 365
6 1 57 10 851 1 2 0 47 9 6 3 619
7 0 65 -14 662 -11 5 0 3 1 55 2 464
7 1 57 11 831 2 5 0 55 5 5 5 614
8 0 62 -24 469 -2 4 0 1 0 45 4 394
8 1 86 16 188 0 -1 0 7 3 0 0 81
9 0 47 -29 374 -2 2 0 2 2 47 2 267
9 1 60 38 74 0 0 0 2 0 2 0 16
10 0 52 -30 450 -3 4 0 2 1 49 0 228
10 1 91 11 130 -4 -1 0 5 2 0 0 47
11 0 48 -29 401 -3 3 0 3 0 40 0 155
11 1 56 -5 763 0 0 0 43 14 8 2 791
12 0 45 -27 395 0 0 0 1 0 41 1 174
13 0 38 1 98 -1 -1 0 0 0 8 0 32
13 1 51 -30 844 0 0 0 35 9 15 3 1270
14 0 34 -29 314 -2 1 0 2 6 30 0 130
14 1 48 -29 808 0 0 0 27 14 15 1 1203
15 0 23 -30 205 3 0 0 1 4 25 0 132
15 1 46 -25 1399 -2 -3 0 23 12 20 3 1377
16 0 28 -30 533 -1 2 0 3 1 37 0 271
16 1 46 -9 574 0 0 0 17 7 8 2 564
17 0 50 12 215 1 -2 0 0 0 14 0 51
17 1 18 -25 230 5 -2 0 5 7 16 0 164
17 2 43 -32 992 -6 -6 0 17 6 35 4 1342
18 0 48 17 163 -3 0 0 0 0 9 0 45
18 1 15 -24 399 0 1 0 2 4 19 0 245
18 2 40 -30 693 2 3 0 14 6 15 3 986
20 0 66 36 37 0 0 0 0 0 4 0 14
20 1 49 12 168 10 -4 0 1 1 10 0 54
20 2 13 -30 302 1 0 0 8 4 9 1 263
20 3 59 0 710 4 9 0 47 9 7 2 671
21 0 43 -13 1415 3 1 0 6 11 13 2 500
22 0 57 23 92 -4 1 0 0 0 4 0 50
22 1 23 -13 695 2 1 0 5 5 5 0 291
22 2 55 28 230 -3 0 0 19 3 0 1 103
23 0 53 18 253 5 -5 0 1 1 9 0 85
23 1 17 -13 587 -4 -1 0 8 6 8 1 232
23 2 56 7 712 -1 -2 0 50 1 7 2 501
24 0 52 13 373 2 -2 0 2 1 12 0 125
24 1 6 -28 373 -2 -1 0 12 2 8 2 265
24 2 56 28 219 0 0 0 18 4 3 0 94
25 0 44 -30 1762 -4 -1 0 9 19 35 0 751
26 0 47 -28 1176 -5 0 0 5 19 36 0 552
27 0 39 -35 923 -6 0 0 5 7 53 2 581
28 0 44 -30 983 -1 0 0 3 7 34 0 446
29 0 42 -37 1036 -4 -1 0 4 9 36 0 521
30 0 42 -42 763 -5 0 0 6 3 63 2 394
30 1 56 -13 801 -4 -10 0 55 9 12 4 970
31 0 40 -46 987 -3 0 0 3 6 63 2 582
31 1 57 -13 750 0 -1 0 45 13 8 5 949
32 0 50 -46 531 -6 0 0 3 4 63 2 264
32 1 55 0 748 -1 1 0 59 7 6 0 698
33 0 43 -46 583 -1 0 0 3 2 62 3 281
33 1 55 34 72 -1 0 0 2 0 0 1 22
34 0 37 -46 890 -1 0 0 4 6 58 2 476
34 1 54 0 743 -1 1 0 42 11 9 4 669
35 0 40 -46 615 0 0 0 5 7 61 4 352
35 1 54 1 745 -1 0 0 51 9 6 6 628
36 0 39 -46 968 0 1 0 3 6 62 3 582
36 1 56 5 776 0 2 0 50 4 7 2 637
37 0 42 -46 564 -4 -2 0 2 3 64 1 320
38 0 45 -46 504 -3 -2 0 2 3 71 0 236
38 1 57 13 838 2 5 0 40 4 8 8 532
39 0 33 -46 313 3 0 0 1 5 30 0 174
39 1 62 24 938 2 3 0 60 5 7 5 483
40 0 60 18 1054 -2 0 0 65 9 7 4 619
41 0 36 -46 602 1 2 0 3 7 65 1 368
41 1 63 25 928 2 3 0 56 8 4 8 498
42 0 32 -46 332 -1 -3 0 3 3 43 0 212
42 1 62 24 968 -1 -2 0 61 7 7 3 496
43 0 46 16 53 -1 0 0 0 0 10 0 14
43 1 62 21 1005 -1 -2 0 55 5 6 4 560
44 0 40 -46 514 2 1 0 3 5 63 2 223
44 1 62 21 1001 -1 -1 0 56 7 7 4 556
45 0 46 14 61 -1 0 0 1 1 9 1 18
45 1 62 20 987 0 -2 0 59 11 7 5 574
46 0 57 15 804 -4 -6 0 42 9 4 8 455
48 0 54 15 123 2 -3 0 1 1 12 1 29
48 1 54 -9 942 0 0 0 43 8 13 1 907
49 0 48 -38 595 6 -3 0 1 4 62 1 388
50 0 56 -4 251 1 0 0 2 5 31 0 160
50 1 47 -18 748 -1 -1 0 29 13 5 1 938
51 0 62 -4 188 3 -3 0 1 2 22 1 118
51 1 47 -30 764 -1 -4 0 24 12 15 1 1138
52 0 57 6 206 -1 2 0 4 2 21 0 143
52 1 16 -30 227 2 3 0 9 7 10 0 212
53 0 57 7 186 0 -1 0 3 4 14 1 122
53 1 17 -30 245 1 -1 0 4 8 13 0 227
54 0 43 -30 926 -5 -1 0 7 10 51 4 540
55 0 42 -36 1042 -3 0 0 8 5 54 1 746
55 1 54 -10 692 1 3 0 25 10 14 3 812
56 0 44 -43 669 -4 -2 0 5 15 46 2 673
56 1 54 -17 680 -2 -4 0 19 8 12 1 890
57 0 46 -38 648 -3 -1 0 0 7 59 1 414
57 1 48 -16 688 0 -2 0 32 7 18 1 838
58 0 55 -41 413 -9 -3 0 3 3 56 2 296
58 1 48 -19 731 -1 0 0 18 5 9 3 922
59 0 56 -41 445 -4 -1 0 2 2 60 4 412
59 1 47 -25 779 -2 -5 0 11 6 7 3 997
60 0 57 -41 442 0 0 0 3 4 61 3 421
60 1 46 -30 805 -2 -6 0 22 6 27 1 1066
61 0 59 -46 440 -5 -5 0 3 2 63 3 316
61 1 44 -33 720 -1 -5 0 15 13 23 3 954
62 0 59 -46 436 0 -1 0 2 2 58 5 320
62 1 42 -46 693 -2 -2 0 8 10 28 2 1072
63 0 61 -41 439 5 2 0 2 5 61 4 348
63 1 42 -46 677 0 0 0 12 7 29 3 1069
64 0 62 -46 431 -2 -3 0 2 1 63 2 328
64 1 42 -35 687 -1 2 0 11 16 16 0 909
65 0 62 -38 416 3 0 0 0 1 54 6 299
65 1 42 -46 679 -2 0 0 14 6 29 1 1070
66 0 66 -40 477 -3 -6 0 4 3 60 5 378
66 1 40 -46 707 -1 -6 0 7 8 39 4 1102
67 0 72 -30 545 0 0 0 4 1 50 12 725
67 1 34 -46 759 -1 -9 0 1 9 40 0 1166
68 0 90 -13 664 0 0 0 9 0 38 7 1296
68 1 34 -51 752 -2 -1 0 5 12 24 1 918
69 0 91 -13 588 0 0 0 22 0 19 9 1390
69 1 45 -27 690 0 0 0 22 9 10 2 1013
70 0 97 7 636 0 0 0 41 0 21 10 1448
70 1 54 -9 793 0 0 0 37 8 14 1 912
71 0 52 -8 755 0 0 0 40 14 8 3 860
72 0 103 33 634 3 0 0 56 2 18 5 1039
72 1 50 -6 699 2 2 0 50 9 3 2 787
73 0 82 33 458 -1 0 0 60 0 6 5 569
73 1 54 -6 782 -1 2 0 46 9 9 2 859
74 0 82 24 477 -3 13 0 43 0 7 10 780
74 1 57 7 798 3 9 0 56 4 4 4 527
75 0 82 17 475 -3 3 0 43 0 10 10 897
75 1 60 18 920 4 6 0 48 8 5 7 572
76 0 87 1 517 -2 16 0 27 1 15 12 1240
77 0 92 -7 561 -8 2 0 15 1 22 10 1285
78 0 91 -14 641 -7 1 0 9 1 34 17 1227
79 0 67 -23 441 2 7 0 2 0 32 8 822
79 1 57 7 725 -3 -4 0 46 5 7 1 519
80 0 64 -30 445 -2 3 0 4 0 37 7 877
80 1 52 -1 772 -2 -8 0 48 10 7 1 726
81 0 64 -31 446 -1 4 0 2 0 43 13 664
81 1 54 -5 745 -3 -4 0 36 12 9 0 783
82 0 59 -46 470 0 0 0 3 1 58 3 595
82 1 47 -14 683 0 -11 0 25 9 8 0 842
83 0 62 -39 403 6 2 0 1 0 59 8 506
83 1 54 -13 817 2 4 0 38 11 10 2 925
84 0 62 -40 428 4 3 0 2 0 64 6 297
84 1 54 -5 805 -1 2 0 43 14 6 1 836
85 0 61 -40 437 0 0 0 3 2 59 3 395
85 1 54 0 750 2 6 0 40 8 7 4 711
86 0 53 -34 520 4 1 0 2 3 67 1 421
86 1 54 2 716 0 2 0 47 8 4 3 603
87 0 46 -30 985 -7 5 0 4 13 45 1 549
87 1 61 15 838 5 7 0 38 8 3 6 557
88 0 43 -30 1393 1 2 0 6 9 47 2 656
88 1 60 18 854 1 1 0 52 10 7 3 536
89 0 43 -30 1388 2 -1 0 10 21 28 0 625
89 1 62 22 868 1 2 0 47 10 8 2 518
90 0 42 -23 1719 6 -1 0 11 12 8 4 691
90 1 65 28 691 4 4 0 47 2 4 3 388
91 0 42 -23 1718 0 -1 0 8 13 11 2 692
91 1 65 31 689 0 0 0 55 6 0 4 353
92 0 42 -27 1909 0 -1 1 13 10 27 1 859
92 1 65 31 637 0 0 0 50 7 0 6 307
93 0 41 -24 1669 -2 0 0 13 9 33 0 713
93 1 65 25 809 -4 -3 0 47 11 1 4 444
94 0 45 -25 1126 9 -8 0 9 5 42 1 555
94 1 66 31 654 3 3 0 55 8 0 6 338
95 0 43 -46 1404 0 0 0 8 10 43 0 863
95 1 65 31 723 -2 -2 0 49 6 1 5 319
96 0 43 -30 1398 -1 0 0 13 6 45 2 798
96 1 65 30 713 0 -2 0 46 6 3 6 357
97 0 59 5 203 -3 0 0 2 2 18 2 78
97 1 21 -25 261 -2 0 0 6 5 15 0 208
97 2 65 26 726 -3 0 0 49 11 0 4 417
98 0 42 -30 1355 0 0 0 13 6 44 1 776
98 1 70 42 549 9 8 0 56 2 1 4 241
99 0 42 -30 1369 0 0 0 9 7 43 1 780
99 1 65 31 748 -6 -11 0 48 7 3 3 368
100 0 58 14 185 0 0 0 2 1 10 1 56
100 1 16 -29 450 1 2 0 12 5 15 0 346
100 2 65 34 695 1 -1 0 49 3 1 3 286
101 0 42 -30 1365 -3 -2 0 12 9 50 1 698
101 1 68 41 527 4 2 0 47 1 2 2 214
102 0 45 -29 870 -2 -2 0 8 4 46 2 675
102 1 70 42 542 2 0 0 53 4 1 3 243
103 0 46 -29 1011 0 -1 0 8 6 45 1 732
103 1 68 36 612 -3 -2 0 52 2 4 1 283
104 0 43 -25 1063 2 -1 0 12 7 44 0 531
104 1 65 31 644 -3 -6 0 46 6 3 8 307
105 0 44 -25 1048 0 -1 0 8 7 46 1 499
105 1 64 31 715 -3 -1 0 49 3 2 3 333
106 0 43 -29 1444 2 1 0 8 20 33 0 695
106 1 68 34 679 4 5 0 66 4 4 5 339
107 0 55 14 210 0 0 0 2 4 18 0 67
107 1 17 -24 618 0 2 0 9 8 25 1 357
107 2 70 42 494 1 0 0 54 2 1 0 202
108 0 57 18 149 -1 -1 0 2 1 6 0 46
108 1 18 -21 651 1 -1 0 8 12 14 1 326
108 2 69 34 693 -2 -4 0 66 2 6 3 330
109 0 43 -20 1492 1 -1 0 10 21 29 2 589
109 1 70 35 684 0 0 0 53 4 5 2 343
110 0 42 -20 1596 -1 -1 0 14 19 33 0 616
110 1 69 37 630 -1 -1 0 44 5 2 4 287
111 0 43 -19 1541 0 -1 0 13 9 45 4 611
111 1 69 40 549 1 0 0 49 1 1 4 241
112 0 43 -19 1493 0 0 0 14 12 42 0 614
112 1 64 34 635 -3 -3 0 50 3 2 3 284
113 0 43 -29 1404 -3 0 0 13 6 48 1 688
113 1 64 29 705 -2 -1 0 57 5 1 4 351
114 0 57 12 138 -2 -1 0 0 3 9 1 52
114 1 17 -30 485 -3 -3 0 3 11 20 0 340
114 2 64 31 695 1 -1 0 50 4 2 3 321
115 0 55 14 152 -3 -1 0 3 1 11 1 32
115 1 10 -46 591 -3 -2 1 9 6 27 0 602
115 2 64 26 841 -2 -4 0 50 10 1 5 454
116 0 55 11 143 0 -1 0 1 1 8 1 54
116 1 17 -35 281 -1 1 0 2 11 16 1 264
116 2 64 18 1005 -3 -4 0 57 8 7 4 621
117 0 37 -28 1195 4 0 0 7 24 37 0 572
117 1 58 14 813 -3 -5 0 38 9 6 6 496
118 0 57 13 154 2 -2 0 2 2 10 0 38
118 1 21 -28 287 0 -3 0 1 6 13 0 208
119 0 40 -29 1151 3 -1 0 7 13 44 0 582
120 0 56 14 219 0 -1 0 2 6 15 1 67
120 1 19 -21 515 3 -1 0 7 11 16 0 289
120 2 61 18 907 4 4 0 45 12 5 5 525
121 0 44 -22 1302 -1 0 0 10 8 48 1 573
121 1 64 30 628 9 8 0 54 6 4 2 304
122 0 41 -17 1564 2 -1 0 17 17 25 0 579
122 1 64 31 722 -3 -1 0 45 5 5 5 330
123 0 41 -22 1554 -1 0 0 14 7 41 2 649
123 1 64 35 596 2 2 0 34 2 3 3 262
124 0 41 -22 1559 -1 0 0 14 9 38 3 649
124 1 64 32 670 0 -3 0 55 3 2 7 313
125 0 58 17 147 0 0 0 2 0 5 0 53
125 1 18 -19 571 -3 -1 0 7 3 5 0 291
125 2 64 28 790 -2 -3 0 53 7 1 4 415
126 0 43 -25 1226 -4 0 0 7 6 30 1 583
126 1 64 31 774 -1 0 0 48 3 3 3 343
127 0 58 12 161 0 0 0 1 2 12 0 55
127 1 17 -24 247 -1 0 0 5 8 11 1 185
127 2 64 34 645 3 2 0 51 4 3 5 279
128 0 44 -23 1299 1 2 0 14 5 44 4 560
128 1 64 31 663 0 -2 0 55 5 5 3 312
129 0 43 -30 1479 0 0 0 11 10 45 1 689
129 1 64 35 602 0 0 0 36 2 3 3 260
130 0 45 -22 1111 -3 0 0 6 20 41 0 477
130 1 70 39 589 2 2 0 52 3 1 2 275
131 0 41 -23 976 0 0 0 5 6 41 2 473
131 1 64 34 638 -2 -2 0 49 4 3 3 283
132 0 43 -20 1204 3 -1 0 7 7 34 2 490
132 1 65 35 648 1 -1 0 30 4 7 3 298
133 0 41 -18 1537 1 0 0 12 7 29 2 588
133 1 64 32 717 -2 -3 0 50 6 1 5 328
134 0 37 -18 1358 1 -1 0 6 15 23 1 495
134 1 64 34 636 1 1 0 43 5 0 3 291
135 0 36 -18 1368 3 0 0 7 5 16 2 537
135 1 65 34 688 0 -1 0 48 4 5 1 284
136 0 41 -12 1487 1 -1 0 6 6 6 0 549
136 1 65 37 598 -1 0 0 31 1 5 2 227
137 0 36 -10 1261 2 -1 0 4 2 8 0 469
137 1 65 37 579 -1 -1 0 32 3 2 4 225
138 0 36 -10 1254 -1 -1 0 3 0 11 0 469
138 1 69 41 509 2 1 0 49 0 2 1 207
139 0 36 -11 1216 -1 -1 0 3 10 9 0 438
139 1 63 31 712 -5 -9 0 43 2 6 2 337
140 0 36 -13 1230 -1 -1 0 3 7 9 1 480
140 1 64 31 701 0 -1 0 44 3 6 1 326
141 0 36 -13 1322 -1 0 0 8 6 12 0 499
141 1 63 24 731 -1 -2 0 49 3 4 2 423
142 0 36 -13 1289 1 0 0 4 9 6 1 505
142 1 63 20 943 -4 -4 0 51 9 7 5 543
143 0 36 -13 1289 -1 -1 0 6 6 10 0 478
143 1 63 20 857 0 0 0 45 7 8 3 522
144 0 42 -19 1572 -6 -1 0 9 18 25 0 599
144 1 63 21 907 -1 -1 0 49 13 6 4 488
145 0 42 -20 1168 0 -2 0 8 21 27 0 514
145 1 63 21 906 -1 0 0 51 8 2 5 494
146 0 47 -22 1172 -3 0 0 6 6 45 2 502
146 1 63 21 890 -1 1 0 49 14 3 4 490
147 0 59 13 197 2 -2 0 1 2 15 2 55
147 1 19 -21 276 0 -1 0 8 5 11 0 200
147 2 63 29 751 1 5 0 52 5 6 2 325
148 0 58 11 197 -2 -1 0 1 1 13 0 60
148 1 20 -24 296 -3 0 0 4 10 6 0 235
148 2 64 37 564 4 3 0 35 4 2 4 221
149 0 59 11 121 -2 -1 0 4 0 7 0 31
149 1 19 -24 304 -3 0 0 5 10 13 1 226
149 2 65 40 537 0 0 0 34 2 2 5 185
150 0 55 12 162 0 0 0 4 1 16 0 57
150 1 16 -25 285 2 -1 0 3 4 5 1 227
150 2 66 37 627 -1 0 0 40 2 2 2 258
151 0 38 -29 1336 -5 1 0 11 8 34 1 639
151 1 74 50 460 8 7 0 56 2 1 2 167
152 0 55 10 134 -2 0 0 1 1 8 1 54
152 1 13 -46 315 -4 -1 0 8 8 14 0 370
153 0 53 11 126 -2 0 0 2 2 10 1 40
153 1 5 -62 466 -2 -1 1 10 8 15 1 692
154 0 51 11 124 -2 -1 0 1 2 11 0 52
154 1 17 -42 302 -5 0 0 5 7 21 0 327
154 2 70 39 576 -4 -8 0 51 4 2 0 276
155 0 51 11 107 -2 0 0 0 1 9 2 28
155 1 21 -44 346 -7 0 0 4 4 37 1 332
155 2 69 41 511 2 4 0 39 3 2 2 213
156 0 19 -46 355 0 0 0 2 8 36 1 373
156 1 51 16 68 -1 0 0 1 0 5 1 14
156 2 71 47 463 2 3 0 43 3 2 1 179
157 0 33 -46 961 1 2 0 8 10 44 3 581
158 0 33 -46 1176 0 2 0 8 11 44 3 675
158 1 80 57 444 3 2 0 41 1 1 4 133
159 0 29 -40 1177 0 1 0 11 11 33 2 589
159 1 75 82 453 8 3 0 52 0 6 6 286
160 0 31 -46 1104 -3 -1 0 10 8 48 3 653
160 1 78 82 364 6 2 0 37 0 4 5 226
161 0 29 -46 1046 -2 -1 0 5 13 38 3 570
161 1 78 97 543 3 -1 0 38 1 7 8 570
162 0 30 -46 908 -2 -1 0 5 5 49 2 531
162 1 79 82 370 -4 -1 0 27 1 3 7 207
163 0 35 -46 670 -5 -2 0 8 7 40 1 351
163 1 80 57 468 0 0 0 59 1 1 1 123
164 0 30 -56 908 -2 0 0 4 2 60 1 605
164 1 75 51 466 -5 -13 0 53 1 2 4 168
165 0 47 10 97 0 -2 0 0 0 12 2 22
166 0 50 -55 416 -4 -4 0 1 1 69 1 368
166 1 75 50 474 -1 -1 0 48 2 1 2 175
167 0 52 -46 444 -2 -3 0 2 1 69 1 407
167 1 74 50 471 -2 -2 0 56 0 3 2 167
168 0 43 -46 350 15 3 0 2 2 61 1 452
168 1 63 24 792 0 0 0 46 11 1 3 420
169 0 21 -46 401 8 5 0 3 10 35 2 430
169 1 55 13 122 2 1 0 0 1 10 2 23
169 2 54 -1 816 0 0 0 48 5 8 4 749
170 0 57 16 39 0 0 0 0 2 8 0 0
170 1 23 -46 254 5 1 0 1 1 24 0 260
170 2 53 -6 775 -2 -6 0 44 11 12 2 795
171 0 40 -30 1086 0 0 0 4 11 37 0 492
171 1 54 -3 834 0 3 0 39 10 8 1 770
172 0 37 -30 1443 -1 2 0 10 20 24 2 637
172 1 52 -12 734 -3 -8 0 23 9 9 2 875
173 0 37 -25 1670 -1 -1 1 8 19 26 2 658
173 1 47 -21 709 -1 -10 0 14 9 6 2 955
174 0 37 -21 1684 1 0 1 14 8 18 3 624
174 1 52 -14 726 2 4 0 30 11 11 0 872
175 0 38 -19 1536 0 0 0 13 9 18 2 567
175 1 54 -6 923 1 4 0 43 4 12 2 839
176 0 38 -30 1724 -2 -2 1 15 15 36 2 782
176 1 53 0 685 2 5 0 34 14 10 4 673
177 0 40 -23 1529 -2 -1 0 11 20 30 2 609
177 1 54 -13 807 -1 -3 0 50 7 11 3 937
178 0 47 -27 944 0 0 0 6 17 34 0 487
178 1 52 -13 740 -2 -6 0 41 6 10 2 949
179 0 49 -28 775 -2 -3 0 7 7 53 0 423
180 0 58 -29 537 -2 -4 0 5 4 49 3 471
180 1 47 -30 776 -3 -3 0 22 13 12 0 1109
181 0 54 -29 660 -2 -1 0 5 8 60 1 555
181 1 47 -28 760 -1 -4 0 26 7 13 2 1206
182 0 64 -31 406 -10 -4 0 3 7 50 5 277
182 1 55 -14 1019 0 0 0 43 6 11 2 953
183 0 64 -33 417 -1 0 0 4 5 55 4 283
184 0 60 -40 456 1 4 0 5 3 58 2 436
184 1 60 20 893 7 10 0 40 5 6 5 518
185 0 52 -40 555 6 4 0 4 6 60 2 488
185 1 63 25 840 1 2 0 48 9 3 3 405
186 0 54 -36 439 -2 -2 0 3 4 64 2 383
186 1 63 29 780 0 0 0 47 3 4 3 372
187 0 57 -40 398 -15 -5 0 1 1 63 3 283
187 1 63 25 846 -2 0 0 44 5 4 2 452
188 0 62 21 928 -2 -1 0 54 9 6 1 504
189 0 60 -29 380 -6 -3 0 1 0 49 6 488
189 1 62 18 936 -1 -4 0 52 12 8 1 567
190 0 58 18 839 0 -1 0 45 11 8 4 492
191 0 64 32 700 5 7 0 43 5 1 2 291
192 0 64 -13 283 1 -3 0 3 1 20 12 457
192 1 64 34 585 2 -1 0 44 5 3 4 268
193 0 67 2 236 3 -6 0 6 1 10 6 345
193 1 69 40 456 4 4 0 38 3 3 0 228
194 0 69 2 240 2 -1 0 5 0 13 6 360
194 1 69 40 430 -1 0 0 41 0 1 1 195
195 0 70 8 200 3 2 0 3 0 11 7 294
195 1 65 34 488 -3 -7 0 34 5 3 2 262
196 0 69 17 196 0 0 0 4 0 9 7 236
196 1 64 26 625 -3 -6 0 43 1 6 2 368
197 0 70 18 198 1 0 0 4 0 9 4 255
197 1 53 2 735 0 0 0 38 5 8 2 631
198 0 74 17 201 1 0 0 5 1 16 2 280
198 1 54 2 749 -1 -1 0 43 14 5 4 674
199 0 75 21 195 2 0 0 2 0 6 4 276
199 1 62 23 827 0 0 0 44 5 1 1 430
200 0 66 12 142 -5 7 0 1 0 15 3 117
200 1 68 43 505 11 9 0 48 2 0 2 176
201 0 60 8 156 -4 3 0 1 1 18 2 138
201 1 70 42 573 0 1 0 47 1 2 0 216
202 0 56 -10 211 -10 4 0 0 0 26 2 164
203 0 55 -14 204 -1 0 0 1 0 25 3 171
203 1 76 52 488 -3 -1 0 58 3 1 2 164
204 0 48 -21 228 -8 2 0 0 0 32 5 163
205 0 41 -29 297 2 8 0 1 2 43 1 121
205 1 75 50 455 -1 0 0 56 1 3 1 167
206 0 41 -31 321 -3 -2 0 2 0 42 2 128
206 1 73 47 493 -2 -1 0 52 4 3 1 206
207 0 43 -46 348 -2 1 0 1 0 48 3 244
207 1 70 33 709 0 0 0 69 5 3 4 337
208 0 43 -40 349 -1 0 0 1 2 47 3 219
208 1 65 35 629 -3 -2 0 29 2 0 3 270
209 0 33 -46 663 -3 4 0 3 1 46 2 429
209 1 58 15 834 0 0 0 42 5 5 2 516
210 0 34 -39 531 0 4 0 4 1 40 2 250
211 0 31 -25 692 0 0 0 2 3 31 0 315
211 1 58 21 763 6 5 0 43 8 5 2 434
212 0 62 21 908 -1 0 0 47 13 7 5 502
213 0 60 10 216 10 -8 0 0 1 17 0 50
213 1 24 -26 230 0 0 0 4 2 18 0 192
213 2 62 25 891 0 1 0 55 11 3 3 420
214 0 72 -29 493 0 0 0 1 2 59 1 324
214 1 63 31 704 3 4 0 45 8 4 3 330
215 0 69 -29 410 -3 -2 0 2 1 61 3 253
215 1 64 32 704 -1 -1 0 47 3 1 4 287
216 0 71 -29 414 0 -1 0 3 4 55 4 262
216 1 64 35 612 2 3 0 33 3 3 3 262
217 0 81 -23 486 0 0 0 2 3 52 7 552
217 1 69 42 530 4 5 0 38 3 2 3 220
218 0 82 -23 450 0 0 0 2 2 53 6 657
218 1 74 47 489 4 4 0 52 0 1 2 211
219 0 83 -14 420 3 -5 0 4 1 39 4 752
220 0 85 -14 511 0 -3 0 6 1 34 6 961
221 0 88 3 526 0 0 0 9 1 21 9 975
221 1 74 50 483 -2 -3 0 55 2 3 0 168
222 0 82 15 444 0 0 0 23 0 11 12 754
223 0 95 17 586 3 -1 0 35 2 16 12 1215
223 1 75 50 495 -1 0 0 60 1 1 1 165
224 0 83 18 452 1 -1 0 39 0 8 12 866
224 1 75 52 466 -1 0 0 55 0 0 2 133
225 0 98 25 576 2 -1 0 47 0 19 6 1128
226 0 98 25 608 -1 0 0 40 0 17 10 1093
227 0 98 28 606 2 -1 0 48 1 15 9 1087
227 1 75 79 441 0 0 0 47 0 4 6 249
228 0 75 82 462 -2 -1 0 54 2 5 4 285
229 0 88 33 521 1 -1 0 57 0 9 6 728
229 1 76 76 421 -1 0 0 53 1 4 1 151
230 0 75 82 421 0 -2 0 47 2 5 8 278
231 0 82 33 457 0 -1 0 54 0 6 7 573
231 1 74 76 433 -5 -1 0 53 2 2 4 184
232 0 82 50 369 5 -2 0 53 3 4 1 259
232 1 73 48 428 0 0 0 52 1 3 3 157
233 0 92 50 342 1 0 0 57 5 8 4 420
233 1 64 33 555 0 0 0 41 0 1 1 245
234 0 92 50 385 2 -1 0 57 4 9 5 419
235 0 83 50 280 -1 -1 0 33 2 3 5 261
236 0 84 50 338 -2 1 0 38 1 3 9 253
236 1 53 -14 627 -2 -16 0 39 13 6 1 809
237 0 84 49 347 -3 0 0 56 1 6 2 239
237 1 45 -14 638 0 0 0 16 7 18 2 757
238 0 84 42 404 -2 0 0 61 1 3 3 388
238 1 49 -14 622 0 2 0 18 17 9 2 791
239 0 83 50 372 2 -3 0 46 0 5 4 249
239 1 50 -14 610 1 -1 0 15 9 7 0 779
240 0 82 40 476 -4 2 0 58 1 5 5 451
240 1 52 -14 599 2 2 0 24 11 20 1 840
241 0 84 40 379 0 0 0 57 0 3 5 429
241 1 54 2 522 2 6 0 22 13 8 0 557
242 0 85 38 491 -2 1 0 59 1 7 6 567
242 1 88 92 116 0 0 0 0 0 5 2 47
242 2 11 -10 137 -1 -1 0 1 1 2 0 44
242 3 54 1 485 0 -2 0 20 8 12 0 520
243 0 85 36 455 2 0 0 59 1 8 4 608
243 1 88 92 116 0 0 0 0 0 5 2 47
243 2 9 -10 160 -1 -1 0 1 2 0 0 53
243 3 54 1 477 0 0 0 19 11 10 1 519
244 0 104 33 647 -4 1 0 48 0 18 10 1084
244 1 10 -10 65 -1 -1 0 0 1 0 0 29
244 2 53 -2 537 -3 -4 0 15 10 5 2 584
245 0 87 33 516 1 -1 0 52 0 8 4 696
245 1 7 -10 105 -1 -1 0 0 1 0 0 41
245 2 52 -8 541 -1 -8 0 13 7 6 0 574
246 0 87 33 518 0 0 0 55 0 8 3 694
246 1 11 -10 139 -1 -1 0 1 1 0 0 46
246 2 54 -13 531 -1 -1 0 15 8 16 1 632
247 0 85 33 506 -2 0 0 58 0 9 5 648
247 1 88 92 115 0 0 0 0 0 8 1 45
247 2 11 -10 78 0 0 0 1 0 2 0 39
247 3 53 1 480 2 5 0 11 7 10 1 471
248 0 82 33 476 0 -1 0 51 2 7 5 575
248 1 11 -10 158 0 -1 0 1 2 0 0 69
248 2 56 13 437 6 8 0 28 6 3 4 349
249 0 82 33 495 1 -1 0 57 0 9 5 569
249 1 11 -10 159 0 -1 0 1 2 2 0 67
250 0 82 33 481 0 1 0 58 0 8 4 570
250 1 12 -10 137 0 0 0 0 1 1 0 52
250 2 67 28 450 7 7 0 38 6 3 2 315
251 0 83 33 418 0 1 0 53 1 4 4 546
251 1 12 -10 137 0 0 0 0 1 1 0 52
251 2 68 37 354 1 3 0 35 2 2 0 195
252 0 83 34 415 -2 1 0 43 0 6 9 518
252 1 11 -10 159 0 -1 0 1 2 2 0 67
252 2 52 52 1020 1 0 0 0 0 0 0 255
252 3 70 41 302 4 4 0 37 4 1 0 158
253 0 82 33 470 0 1 0 44 2 6 11 577
253 1 12 -10 138 0 0 0 1 2 1 0 50
253 2 71 46 281 1 2 0 26 2 3 2 123
254 0 82 34 468 0 0 0 50 1 5 6 546
254 1 11 -10 126 -1 0 0 1 2 1 0 44
254 2 78 79 165 -11 2 0 6 2 2 1 178
255 0 82 33 471 1 -1 0 49 1 7 7 576
255 1 13 -10 197 0 -1 0 1 2 3 0 84
255 2 83 61 163 -4 0 0 16 0 1 1 117
256 0 82 33 433 4 -3 0 56 0 8 4 572
256 1 14 -10 160 0 -1 0 0 2 4 0 74
257 0 82 33 425 2 -1 0 55 1 7 5 572
257 1 14 -10 161 0 -1 0 0 1 4 0 75
257 2 78 82 339 3 -1 0 37 1 4 3 171
258 0 83 50 334 4 -3 0 36 1 4 4 259
258 1 14 -10 160 0 -1 0 0 2 4 0 74
258 2 78 80 280 4 -1 0 21 1 0 4 142
259 0 83 50 344 0 -1 0 34 1 2 5 262
259 1 14 -10 158 0 -1 0 0 2 3 0 75
259 2 82 83 290 1 -1 0 23 1 0 4 134
260 0 83 50 379 -1 0 0 44 1 5 4 250
260 1 13 -10 194 0 -1 0 1 2 3 0 84
260 2 82 48 1428 0 0 0 0 0 0 0 357
260 3 84 92 358 5 1 0 31 3 2 4 185
261 0 84 40 380 0 2 0 49 1 4 5 435
261 1 10 -10 54 0 -1 0 0 1 0 0 29
261 2 82 48 1428 0 0 0 0 0 0 0 357
261 3 85 92 329 1 -1 0 30 2 2 6 176
262 0 84 42 378 0 1 0 51 3 3 6 393
262 1 11 -10 138 -1 -1 0 1 1 0 0 46
262 2 82 48 1428 0 0 0 0 0 0 0 357
262 3 83 98 437 1 0 0 28 1 6 6 283
263 0 83 43 364 -1 0 0 38 1 4 3 334
263 1 11 -10 137 -1 -1 0 1 1 1 0 45
263 2 82 48 1428 0 0 0 0 0 0 0 357
263 3 86 95 358 -1 -1 0 30 1 4 5 230
264 0 85 42 370 0 2 0 59 0 1 3 381
264 1 11 -10 137 -1 -1 0 1 1 1 0 45
264 2 53 81 1015 -1 -1 0 0 0 0 0 238
264 3 83 98 455 1 0 0 30 1 6 6 305
265 0 82 33 457 -2 2 0 55 1 5 6 573
265 1 10 -9 53 -1 -1 0 0 1 0 0 24
265 2 86 110 554 3 -2 0 23 2 2 8 400
266 0 82 33 433 0 1 0 52 1 6 7 574
266 1 85 110 574 0 0 0 28 2 6 7 421
267 0 83 33 411 -2 6 0 48 3 3 6 564
267 1 90 101 369 0 0 0 32 0 4 3 222
268 0 80 18 499 -6 10 0 39 0 7 9 809
268 1 54 98 2051 -2 1 0 30 1 13 8 938
269 0 80 18 504 0 0 0 41 1 7 9 806
269 1 54 98 2048 0 1 0 36 0 14 7 933
270 0 83 24 387 2 1 0 33 0 3 11 583
270 1 10 -9 53 -1 -1 0 0 2 0 0 23
270 2 54 98 2056 0 0 0 33 0 15 8 934
271 0 83 24 349 2 0 0 32 0 7 8 583
271 1 10 -9 124 -1 -1 0 0 3 0 0 39
271 2 87 98 379 0 -1 0 24 1 3 5 237
272 0 83 34 348 1 -1 0 29 0 4 9 438
273 0 83 34 319 2 3 0 25 2 4 6 411
273 1 87 98 429 -2 0 0 25 0 4 6 255
274 0 82 34 361 -1 2 0 26 1 6 3 428
274 1 54 98 2044 0 0 0 29 1 13 5 942
275 0 83 23 279 -2 9 0 21 0 7 4 430
275 1 81 107 610 0 0 0 30 3 2 7 485
276 0 82 18 350 -3 2 0 17 1 11 4 543
276 1 85 130 606 2 0 0 35 6 1 4 754
277 0 71 8 280 -4 11 0 14 0 10 5 499
277 1 86 130 582 -1 -1 0 30 2 1 8 734
278 0 69 1 285 -2 2 0 6 0 12 7 479
278 1 55 105 2278 -1 0 0 32 2 10 7 1074
279 0 66 2 279 -1 4 0 5 0 15 6 326
279 1 55 109 2416 -1 -1 0 31 3 9 9 1163
280 0 63 -13 261 0 7 0 2 0 22 5 419
280 1 87 130 560 1 -2 0 32 3 2 2 729
281 0 57 -24 291 -1 13 0 0 1 43 2 194
281 1 88 130 535 2 -2 0 27 2 5 7 703
282 0 53 -25 316 4 5 0 0 0 44 4 231
283 0 47 -28 356 5 6 0 1 2 42 3 169
283 1 90 114 430 -3 1 0 24 0 5 8 443
284 0 40 -29 375 -1 3 0 1 2 39 3 187
284 1 88 124 550 -1 0 0 31 1 5 4 610
285 0 31 -22 466 0 0 0 1 9 23 0 183
285 1 88 124 539 -1 -1 0 32 1 5 6 607
286 0 19 -13 339 0 0 0 1 3 5 0 131
287 0 21 -13 457 -1 0 0 2 4 6 0 164
287 1 79 92 448 -3 1 0 44 1 7 4 360
288 0 45 -24 593 0 0 0 2 11 35 0 231
289 0 55 -25 378 -5 -8 0 3 7 42 1 267
289 1 72 49 417 0 0 0 36 1 1 2 135
290 0 69 -29 344 0 0 0 2 1 49 4 256
290 1 72 48 413 -1 0 0 34 2 3 0 136
291 0 75 -22 454 0 0 0 2 3 56 4 575
291 1 71 57 386 8 4 0 48 1 4 3 223
292 0 82 -20 494 2 -1 0 1 5 52 9 621
292 1 77 78 332 8 4 0 42 0 3 4 154
293 0 82 -16 478 8 5 0 3 3 52 4 430
293 1 78 91 475 11 3 0 41 2 6 5 336
294 0 65 -20 836 0 0 0 4 7 54 1 542
294 1 85 105 496 0 0 0 29 1 5 5 363
295 0 64 -15 1014 2 2 0 5 8 50 1 491
295 1 90 107 340 3 0 0 37 0 3 6 332
296 0 61 -16 1446 2 2 0 9 12 48 1 596
296 1 90 124 492 3 -1 0 32 3 5 2 578
297 0 60 -13 1698 2 0 0 7 11 49 1 652
297 1 89 124 507 0 -1 0 21 1 5 11 613
298 0 56 -13 1959 1 2 0 12 9 31 1 729
299 0 51 -14 1738 0 0 0 9 11 28 1 623
299 1 94 130 434 -3 0 0 17 1 5 7 600
300 0 50 -14 1763 -2 -1 0 9 5 33 3 601
301 0 50 -20 1277 -10 2 0 9 14 34 0 521
302 0 41 -22 920 -5 1 0 4 10 45 3 402
303 0 45 -30 1010 -6 2 0 7 8 42 3 465
304 0 41 -30 1176 -3 1 0 3 15 47 1 512
305 0 41 -30 1129 -1 -1 0 11 15 36 1 481
306 0 39 -29 1120 -1 -1 0 3 17 38 1 469
306 1 90 123 467 -4 0 0 23 0 7 8 529
307 0 40 -26 1234 1 0 0 2 11 24 0 539
307 1 90 124 376 -5 2 0 29 0 3 4 573
308 0 40 -25 1402 1 -1 0 6 19 30 1 616
308 1 86 114 414 -6 2 0 31 1 3 6 481
309 0 46 -26 994 0 -5 0 4 10 45 0 451
309 1 78 49 339 0 0 0 51 3 1 1 216
310 0 55 -29 753 11 -9 0 1 8 59 5 573
310 1 69 40 479 0 0 0 49 2 1 0 228
311 0 71 -29 450 0 0 0 4 4 60 4 306
312 0 77 -30 392 0 0 0 2 1 58 6 461
312 1 54 1 767 -5 -10 0 56 9 8 3 664
313 0 83 -14 423 0 0 0 4 0 47 8 741
313 1 52 -15 689 0 0 0 27 13 15 0 873
314 0 86 -14 474 0 -3 0 3 0 37 8 918
314 1 50 -29 778 0 0 0 13 13 25 3 996
315 0 92 -7 536 0 0 0 9 2 32 12 1106
315 1 51 -24 698 1 5 0 22 10 21 0 970
316 0 91 -7 580 -1 -1 0 8 2 30 14 1122
316 1 52 -30 831 -1 -4 0 13 13 19 3 1140
317 0 92 1 467 4 -4 0 20 1 21 6 1062
317 1 49 -46 672 0 0 0 6 8 38 1 1022
318 0 48 -30 897 4 5 0 20 11 26 2 1061
319 0 83 18 473 6 -4 0 33 1 8 10 873
319 1 49 -29 788 3 6 0 25 19 11 1 1239
320 0 81 18 445 0 -2 0 39 0 7 10 818
320 1 54 -4 733 6 9 0 41 11 13 0 775
321 0 85 24 489 2 -1 0 43 2 9 5 861
321 1 54 -4 632 1 -4 0 34 13 9 1 679
322 0 83 33 477 2 -2 0 43 0 9 11 617
322 1 53 -5 630 -1 -4 0 28 10 10 1 664
323 0 82 31 461 -1 0 0 41 3 4 7 625
323 1 53 -14 687 -2 -6 0 29 10 13 0 844
324 0 83 33 494 1 0 0 51 0 8 8 613
324 1 52 -19 661 -2 -4 0 17 13 13 1 886
325 0 99 24 631 -3 0 0 45 0 15 10 1170
325 1 52 -30 686 0 -1 0 26 15 14 0 1097
326 0 99 24 596 0 -1 0 47 1 15 9 1137
326 1 55 -5 683 4 12 0 20 12 8 0 696
327 0 78 24 453 -1 1 0 49 0 6 7 698
327 1 56 2 715 4 6 0 48 11 10 4 662
328 0 75 17 424 -3 5 0 38 1 4 9 689
329 0 75 18 429 -1 3 0 40 1 6 8 648
330 0 77 8 432 0 9 0 35 0 5 10 886
330 1 11 -10 98 0 0 0 1 1 0 0 46
330 2 62 23 570 1 3 0 38 6 6 3 337
331 0 74 6 405 -1 3 0 26 0 5 11 833
331 1 6 -10 147 0 0 0 0 1 13 1 57
331 2 63 16 690 0 2 0 39 15 6 4 480
332 0 76 -13 416 0 0 0 5 0 26 8 897
332 1 16 -14 455 0 0 1 4 4 21 2 209
332 2 64 24 611 2 6 0 39 6 1 5 378
333 0 62 -46 403 0 0 0 0 2 55 5 598
333 1 21 -13 655 -1 -1 1 4 2 22 1 279
333 2 70 42 438 10 10 0 44 3 2 0 223
334 0 60 -46 418 0 4 0 1 0 58 4 625
334 1 21 -13 654 0 -1 1 3 2 19 1 283
334 2 71 46 394 1 1 0 31 1 2 0 170
335 0 54 -45 410 -1 6 0 1 0 47 10 639
335 1 13 -13 297 0 -1 0 2 3 14 1 136
335 2 12 -10 227 1 0 1 0 0 4 1 83
336 0 46 -40 375 3 7 0 1 0 45 6 356
336 1 13 -13 281 0 1 0 1 6 13 2 134
337 0 46 -46 374 1 2 0 1 1 41 6 469
337 1 13 -12 282 -1 0 0 1 2 13 0 128
337 2 73 47 487 -2 -2 0 51 4 3 2 206
338 0 50 -24 290 2 -9 0 0 0 33 7 296
338 1 9 -10 125 0 0 0 0 2 6 0 56
338 2 64 25 834 0 0 0 48 4 4 3 397
339 0 64 2 240 0 0 0 5 0 6 11 335
339 1 8 -10 128 0 0 0 0 1 8 0 55
339 2 51 -9 915 0 0 0 29 16 8 1 908
340 0 75 18 277 0 0 0 33 2 3 2 511
340 1 8 -10 128 0 0 0 0 1 9 1 53
340 2 47 -24 760 0 0 0 27 12 11 2 1004
341 0 85 33 326 0 0 0 39 0 4 9 460
341 1 11 -10 89 -1 0 0 2 0 2 0 38
341 2 42 -29 665 -2 -8 0 13 7 15 1 988
342 0 84 34 341 2 -4 0 44 0 3 6 507
342 1 12 -10 90 0 -1 0 0 1 2 0 37
342 2 42 -31 644 0 -4 0 15 9 14 0 886
343 0 86 50 404 0 0 0 52 1 5 4 280
343 1 7 -10 140 0 -1 0 1 1 11 1 50
343 2 43 -34 587 4 -8 0 5 7 22 4 778
344 0 82 50 332 0 0 0 36 1 4 6 273
344 1 12 -10 79 -1 -1 0 1 0 2 0 32
344 2 40 -29 611 0 0 0 6 10 22 3 759
345 0 85 40 365 -5 4 0 54 1 0 7 382
345 1 12 -10 77 -1 -1 0 1 0 0 0 34
345 2 46 -25 578 1 2 0 5 21 12 2 704
346 0 100 33 611 -6 1 0 57 1 19 5 998
346 1 11 -10 38 -1 0 0 0 2 0 0 18
346 2 45 -26 618 -1 -2 0 12 16 21 2 749
347 0 78 8 416 0 0 0 34 1 6 8 887
347 1 12 -10 73 -1 -1 0 0 1 2 0 32
347 2 42 -30 584 -1 -1 0 7 7 18 0 832
348 0 74 8 430 0 -2 0 34 0 2 6 846
348 1 12 -10 73 -1 -1 0 0 1 2 0 32
348 2 43 -30 607 -1 -2 0 10 7 25 2 781
349 0 79 10 489 -1 -2 0 44 1 7 9 979
349 1 11 -10 37 -1 0 0 0 1 0 0 19
349 2 44 -24 660 2 2 0 13 8 13 2 832
350 0 72 17 416 1 -2 0 40 1 3 12 664
350 1 11 -10 38 -1 0 0 0 2 0 0 18
350 2 53 2 637 0 0 0 30 10 11 0 589
351 0 78 17 458 1 -3 0 44 1 6 10 779
351 1 11 -10 38 -1 0 0 0 2 0 0 18
351 2 54 2 650 3 5 0 30 6 6 1 577
352 0 76 17 391 2 -3 0 45 1 4 4 668
352 1 59 23 619 10 10 0 40 5 2 2 347
353 0 78 24 402 2 -1 0 50 0 1 5 590
353 1 12 -10 78 -1 -1 0 0 0 2 0 33
353 2 64 34 608 4 6 0 44 4 2 5 269
354 0 79 17 390 2 -2 0 53 0 2 7 736
354 1 9 -10 106 -1 0 0 0 0 7 1 41
354 2 73 46 487 8 8 0 53 1 2 0 203
355 0 84 33 419 4 -4 0 61 1 4 5 537
355 1 12 -10 78 -1 -1 0 2 0 2 0 31
355 2 78 54 444 6 8 0 56 4 2 1 159
356 0 84 38 392 1 0 0 58 2 2 3 467
356 1 12 -10 77 -1 -1 0 1 0 1 0 33
357 0 83 38 480 0 0 0 53 1 6 7 533
357 1 11 -12 92 -1 0 0 0 0 2 0 46
358 0 12 -10 77 -1 -1 0 1 0 1 0 33
358 1 70 32 728 0 0 0 68 4 5 3 401
359 0 79 8 393 0 14 0 28 1 5 13 811
359 1 12 -10 77 -1 -1 0 1 0 1 0 33
359 2 64 18 793 -6 -13 0 44 5 4 5 554
360 0 92 -7 458 0 0 0 10 0 27 10 1087
360 1 64 34 221 0 0 0 16 2 3 1 122
361 0 88 -13 495 -3 3 0 4 2 23 13 1076
361 1 64 13 790 1 5 0 44 8 3 1 574
362 0 89 -7 453 1 -1 0 6 0 30 9 995
362 1 64 22 837 0 0 0 49 3 6 6 468
363 0 85 -14 503 -2 2 0 4 0 27 14 963
363 1 71 47 495 11 9 0 35 3 3 1 186
364 0 76 -23 412 0 0 0 2 2 57 5 549
364 1 85 57 458 0 0 0 55 2 4 4 223
365 0 75 -23 413 6 4 0 1 1 54 5 595
365 1 80 57 451 -1 -1 0 43 2 1 2 132
366 0 66 -22 852 0 0 0 5 4 56 0 575
366 1 75 80 450 8 2 0 56 1 4 3 251
367 0 65 -16 931 2 0 0 5 17 45 0 488
367 1 78 82 360 4 2 0 32 0 3 6 231
368 0 64 -15 1028 2 0 0 4 7 50 3 491
368 1 82 97 483 5 -2 0 36 1 6 5 407
369 0 62 -22 702 0 0 0 6 7 56 1 522
369 1 85 103 451 7 -2 0 26 3 4 12 403
370 0 70 -24 431 -4 -5 0 0 4 52 4 291
370 1 86 101 422 0 -1 0 28 1 4 8 319
371 0 74 -23 365 0 0 0 1 2 53 5 407
371 1 84 107 466 1 -1 0 29 1 5 6 469
372 0 75 -30 437 0 0 0 4 2 50 9 639
372 1 89 130 421 3 -1 0 28 1 0 5 691
373 0 75 -23 433 1 2 0 3 1 49 9 594
373 1 89 124 432 0 -1 0 27 2 2 8 599
374 0 74 -24 333 10 7 0 0 0 52 9 329
374 1 89 124 376 -1 -2 0 28 4 1 6 577
375 0 71 -28 435 -1 2 0 3 6 44 7 637
375 1 89 130 383 0 -1 0 25 1 4 4 666
376 0 72 -29 392 2 0 0 2 4 51 7 524
376 1 87 101 426 -5 1 0 29 2 4 2 323
377 0 75 -23 418 0 -3 0 2 4 53 5 510
377 1 72 130 966 -2 0 0 34 4 8 7 1067
378 0 75 -22 368 -1 -2 0 2 3 48 7 580
379 0 77 -14 389 0 0 0 3 1 33 9 782
379 1 71 46 400 0 0 0 39 0 5 4 168
380 0 78 1 380 0 0 0 16 1 6 15 890
380 1 62 10 823 0 0 0 44 5 3 2 573
381 0 75 1 385 -3 -1 0 17 0 9 10 828
381 1 54 -10 651 0 0 0 25 13 11 1 756
382 0 85 1 497 0 -1 0 14 0 13 14 1047
382 1 54 -17 691 -2 -5 0 21 8 14 2 825
383 0 75 9 423 5 -7 0 37 0 5 9 861
383 1 49 -42 694 0 0 0 11 9 49 0 546
384 0 49 -42 615 0 0 0 5 6 63 2 252
385 0 79 17 363 1 -2 0 47 1 4 4 742
385 1 45 -46 666 -2 4 0 7 8 58 4 679
386 0 42 -46 693 0 0 0 7 4 64 4 454
387 0 85 50 332 2 -1 0 52 1 0 4 239
387 1 38 -46 814 -1 -1 0 5 2 67 6 440
388 0 87 50 375 3 -1 0 60 3 6 2 309
388 1 37 -46 822 2 4 0 5 5 60 2 708
389 0 85 50 308 -2 1 0 49 2 0 5 240
389 1 38 -46 737 0 -1 0 3 10 59 4 684
390 0 85 50 299 0 0 0 48 0 1 1 246
390 1 38 -46 741 2 0 0 2 8 55 5 890
391 0 88 50 348 1 0 0 55 1 2 4 308
391 1 42 -38 590 0 6 0 2 6 41 1 670
392 0 88 50 344 0 0 0 58 2 2 3 305
392 1 38 -46 706 0 -2 0 6 11 43 3 897
393 0 78 56 351 6 -2 0 60 3 5 1 338
393 1 38 -45 699 0 0 0 5 11 48 2 480
394 0 78 82 327 -1 0 0 55 2 7 3 414
394 1 38 -46 710 -1 0 0 1 3 60 5 571
395 0 87 50 334 -6 5 0 57 2 2 5 267
395 1 39 -46 744 2 -2 0 3 2 67 5 456
396 0 89 50 347 1 0 0 60 1 2 3 304
396 1 39 -45 645 -2 -2 0 2 2 37 1 286
397 0 42 -46 794 4 6 0 5 5 56 7 599
398 0 75 98 425 1 0 0 58 2 14 3 759
398 1 45 -34 852 0 0 0 4 1 44 6 325
399 0 92 54 378 1 0 0 59 3 8 3 345
399 1 75 -30 1942 -3 -2 0 15 1 50 7 794
400 0 90 56 383 0 0 0 54 1 5 2 242
400 1 76 -22 1736 1 4 0 20 0 56 12 872
401 0 88 50 367 -3 1 0 59 1 5 5 310
401 1 74 -30 2178 -2 -4 0 12 2 45 15 946
402 0 85 42 349 -6 4 0 61 1 1 3 378
402 1 73 -30 2240 0 2 0 20 2 57 15 1079
403 0 85 40 366 0 -1 0 55 1 3 5 468
403 1 51 -30 677 0 0 0 1 3 29 3 268
404 0 85 38 395 -2 -1 0 60 0 5 5 500
404 1 47 -25 856 3 5 0 11 6 51 6 470
405 0 86 36 353 0 -2 0 58 1 3 3 527
405 1 55 -24 556 -8 5 0 4 5 47 0 284
406 0 83 38 420 -3 -1 0 55 1 5 7 426
406 1 55 -29 545 -4 2 0 4 2 54 0 372
407 0 87 33 376 -1 1 0 53 1 3 6 566
407 1 65 -18 596 0 0 0 3 19 33 0 701
408 0 87 38 370 2 -1 0 56 0 3 5 491
408 1 65 -13 585 -1 0 0 10 8 44 0 631
409 0 79 17 369 0 0 0 41 1 2 11 685
409 1 64 -16 625 -1 -1 0 4 13 39 0 556
410 0 77 17 372 -1 -1 0 37 0 3 6 676
410 1 62 -20 541 0 0 0 4 4 51 2 394
411 0 80 24 355 1 -2 0 47 2 2 4 611
411 1 62 -29 559 0 0 0 8 2 56 3 491
412 0 81 25 327 0 1 0 42 0 1 7 579
413 0 82 28 325 1 -4 0 42 0 1 10 576
413 1 63 -4 681 0 0 0 16 9 15 2 714
414 0 98 33 370 4 -1 0 51 0 9 4 824
414 1 64 2 572 3 5 0 28 6 13 3 675
415 0 85 42 370 3 -5 0 58 0 4 3 379
415 1 73 40 296 0 0 0 31 2 9 2 226
416 0 85 40 374 0 1 0 51 1 1 7 421
416 1 76 76 284 0 0 0 31 2 2 3 124
417 0 82 42 302 1 -3 0 37 0 2 6 325
417 1 82 82 229 7 1 0 18 1 0 1 80
418 0 89 98 198 -9 6 0 7 1 2 1 169
419 0 85 38 361 -2 0 0 55 2 2 3 456
419 1 89 98 296 4 0 0 17 1 4 6 170
420 0 87 38 386 0 2 0 56 1 2 5 491
420 1 95 108 275 6 -3 0 27 0 4 2 187
421 0 85 38 382 0 0 0 60 1 1 6 450
421 1 93 108 288 0 0 0 21 0 5 8 206
422 0 85 42 317 2 -3 0 54 0 3 6 381
422 1 95 108 269 0 0 0 23 0 4 4 200
423 0 87 40 375 0 1 0 57 0 2 6 453
423 1 95 104 261 -1 -1 0 15 0 2 4 168
424 0 83 33 375 -1 0 0 42 0 1 6 469
424 1 90 108 391 1 0 0 18 1 6 7 267
425 0 87 38 364 -1 1 0 61 1 2 4 487
425 1 94 116 396 7 -2 0 21 0 6 6 289
426 0 85 33 373 0 1 0 63 0 1 4 524
426 1 96 129 402 1 -1 0 18 0 3 5 430
427 0 86 33 391 0 1 0 57 0 1 7 511
427 1 96 146 410 1 -1 0 20 0 4 1 623
428 0 86 33 384 0 0 0 58 0 1 4 513
428 1 96 146 417 -1 0 0 17 0 5 4 622
429 0 86 33 377 0 7 0 49 2 1 7 517
429 1 95 130 460 -5 1 0 11 3 3 5 498
430 0 85 34 367 -2 5 0 43 0 6 5 490
431 0 85 50 202 0 0 0 26 2 2 4 238
432 0 93 50 320 3 -2 0 51 0 2 2 387
433 0 81 82 361 6 -1 0 47 2 5 4 248
434 0 85 82 268 2 3 0 44 2 4 3 179
434 1 97 119 361 0 -2 0 19 0 2 11 304
435 0 84 81 312 1 0 0 42 1 3 0 157
435 1 96 124 375 -1 -1 0 10 0 1 7 356
436 0 94 130 469 0 -1 0 22 1 4 11 508
437 0 83 34 265 -5 3 0 30 1 2 6 396
437 1 97 124 369 0 0 0 26 0 4 7 371
438 0 69 2 340 0 0 0 13 0 12 8 543
438 1 94 129 467 -1 1 0 23 1 3 7 533
439 0 66 -8 371 2 12 0 1 2 15 11 587
440 0 64 -13 372 -3 4 0 0 2 24 12 542
440 1 95 118 370 0 0 0 24 0 4 8 399
441 0 57 -23 374 0 0 0 1 0 43 8 492
441 1 91 130 389 -8 1 0 27 3 4 6 632
442 0 62 -23 333 -2 -3 0 0 0 36 7 501
442 1 91 130 394 0 -1 0 24 4 4 5 635
443 0 62 -23 328 0 2 0 2 0 32 8 406
443 1 91 124 393 0 -1 0 26 3 4 6 549
444 0 57 -29 308 0 0 0 1 1 46 5 321
444 1 94 124 365 0 -1 0 22 0 2 10 498
445 0 48 -30 436 0 0 0 1 2 55 3 203
445 1 90 124 468 3 0 0 26 0 5 8 549
446 0 39 -29 633 0 0 0 3 4 42 2 259
446 1 90 124 416 -1 0 0 27 0 9 11 562
447 0 34 -25 595 4 4 0 3 13 24 0 257
447 1 91 114 373 1 0 0 29 0 6 6 391
448 0 31 -21 785 1 1 0 3 3 27 0 292
448 1 90 124 419 -1 0 0 26 1 6 8 568
449 0 29 -20 615 -1 1 0 2 10 15 0 226
449 1 93 130 393 -2 0 0 24 3 3 6 602
450 0 21 -20 646 0 0 0 1 7 5 1 266
450 1 93 130 393 -1 0 0 25 3 3 6 601
451 0 93 130 392 -1 0 0 25 3 4 6 600
452 0 93 130 381 -1 0 0 21 3 4 7 603
453 0 91 130 370 0 0 0 25 1 6 10 630
455 0 36 -25 573 0 0 0 3 3 31 1 242
456 0 39 -25 416 -4 -2 0 1 2 35 1 150
457 0 42 -29 403 -2 -4 0 2 2 39 1 196
457 1 58 92 749 -3 1 0 48 1 13 6 724
458 0 61 18 1902 0 1 0 59 11 14 5 961
459 0 63 15 3301 -4 -2 0 59 7 9 8 1347
460 0 45 9 1136 0 0 0 1 0 0 1 286
460 1 69 26 981 -1 1 0 71 1 8 7 431
461 0 64 29 878 -3 -4 0 60 11 5 3 339
462 0 64 29 821 2 0 0 53 5 5 6 349
463 0 77 98 249 0 -2 0 2 0 12 1 425
463 1 64 31 732 -1 0 0 53 3 6 1 317
464 0 77 95 153 -2 0 0 4 2 9 0 405
464 1 64 31 691 -1 -1 0 49 3 7 3 318
465 0 75 92 189 -1 0 0 1 0 14 0 403
465 1 72 35 739 1 2 0 57 3 2 2 392
466 0 87 38 327 -5 0 0 0 2 10 0 277
466 1 69 32 730 -2 -4 0 58 6 3 3 374
467 0 64 31 659 -1 -1 0 47 2 5 2 324
468 0 62 11 891 0 0 0 46 11 5 6 635
469 0 50 -23 835 0 0 0 17 13 15 2 976
470 0 44 -25 780 1 -4 0 3 11 37 1 364
470 1 44 -54 837 0 0 0 13 11 43 1 1266
471 0 56 -24 912 4 -6 0 4 9 44 2 533
471 1 14 -8 82 0 -1 0 0 1 3 0 31
472 0 57 -24 768 -3 -1 0 0 14 47 0 383
472 1 13 -11 112 0 -1 0 1 1 4 0 48
472 2 35 -62 1683 -1 -1 1 12 7 75 6 1484
473 0 54 -25 948 1 0 0 8 8 54 3 556
473 1 13 -9 97 -1 0 0 0 4 1 0 37
473 2 35 -53 1678 -3 -3 1 12 9 65 7 1111
474 0 70 -26 373 0 0 0 2 2 56 3 241
474 1 40 -50 1943 -6 -6 1 6 4 58 6 1330
475 0 77 1 395 0 0 0 15 0 13 9 773
475 1 38 -52 1559 -3 -6 1 7 8 78 3 1051
476 0 77 18 378 0 0 0 36 0 3 6 620
476 1 10 -12 323 1 -1 1 3 3 16 1 121
476 2 27 -49 719 3 4 0 3 9 47 2 568
477 0 77 18 348 -1 2 0 31 0 3 12 600
477 1 33 -37 600 8 9 0 3 12 26 2 485
478 0 72 -8 366 0 0 0 15 0 13 15 917
478 1 44 -62 898 5 5 0 28 9 32 3 1378
479 0 69 -23 386 1 18 0 1 0 25 9 829
479 1 39 -29 627 3 3 0 8 15 22 1 636
480 0 58 -40 224 0 0 0 2 0 31 6 561
480 1 48 -13 656 0 0 0 13 15 14 1 713
481 0 49 -46 504 -11 6 0 2 6 68 3 454
481 1 54 1 945 0 0 0 53 9 14 9 773
482 0 45 -46 536 -4 4 0 3 2 66 1 279
482 1 74 25 1201 0 0 0 58 3 10 9 604
483 0 45 -55 481 -5 1 0 1 4 65 0 274
483 1 13 -9 98 -1 0 0 0 3 2 0 37
483 2 74 35 911 9 6 0 57 1 7 6 410
484 0 43 -55 469 -2 1 0 1 4 61 4 266
484 1 70 31 733 -3 -5 0 66 4 4 3 404
485 0 43 -55 427 -1 2 0 0 2 60 1 273
485 1 72 44 520 6 6 0 45 3 1 2 253
486 0 32 -56 772 1 5 0 3 6 58 2 477
486 1 77 33 1053 3 3 0 90 7 2 9 447
487 0 28 -45 1091 0 0 0 5 12 43 3 513
487 1 74 47 486 -3 -7 0 46 4 3 2 204
488 0 22 -29 979 0 0 1 10 2 17 0 421
488 1 70 25 723 0 0 0 50 6 4 2 498
489 0 24 -30 1082 0 0 1 5 6 36 1 438
489 1 70 21 760 -1 -3 0 44 8 5 5 550
490 0 33 -46 988 -2 -4 0 3 7 39 1 482
490 1 69 18 821 -1 0 0 54 7 8 1 614
491 0 45 -40 394 0 0 0 1 2 51 1 233
491 1 76 21 1190 1 1 0 59 6 8 13 750
492 0 46 -29 357 -4 0 0 1 1 48 3 127
492 1 70 40 599 8 6 0 51 1 3 6 272
493 0 78 55 429 0 0 0 53 4 1 3 124
494 0 74 50 446 -2 -5 0 32 4 1 0 185
496 0 74 42 490 -2 -14 0 51 2 3 2 302
497 0 68 24 666 0 0 0 50 7 3 2 448
498 0 59 2 157 0 0 0 0 0 20 0 151
498 1 64 18 1053 -3 -6 0 70 9 11 6 516
499 0 71 17 181 0 0 0 3 0 13 6 250
499 1 72 12 1780 -3 -1 0 52 11 10 9 984
500 0 78 34 165 0 0 0 10 0 2 6 210
500 1 77 18 1794 4 2 0 65 11 22 10 1026
501 0 85 34 206 0 0 0 25 0 1 5 353
501 1 87 17 1623 2 0 0 59 9 25 9 1248
502 0 78 78 419 8 -2 0 57 3 6 2 283
502 1 68 31 712 3 3 0 48 7 3 5 381
503 0 73 47 498 10 8 0 37 1 2 3 223
504 0 67 91 1562 3 1 0 65 6 29 6 863
505 0 75 -14 374 0 0 0 0 4 55 2 227
505 1 72 96 1295 2 1 0 72 5 26 5 810
506 0 64 -14 792 0 0 0 4 4 52 0 465
506 1 72 82 606 -1 0 0 55 5 10 6 342
507 0 64 -14 833 3 -1 0 2 6 47 2 503
507 1 73 84 633 1 0 0 56 2 13 6 403
508 0 69 -14 615 0 0 0 2 5 57 3 388
508 1 72 88 730 -4 -1 0 57 1 15 10 502
509 0 68 -24 592 -3 -1 0 2 4 59 2 413
510 0 67 -24 597 -1 0 0 3 5 51 3 445
511 0 62 -26 898 0 0 0 3 9 51 3 614
511 1 77 47 621 -4 -2 0 52 2 3 2 283
512 0 57 -14 1416 -5 4 0 6 12 44 2 616
512 1 74 50 446 2 2 0 37 3 2 0 180
513 0 55 -14 1496 1 0 0 5 11 44 1 632
513 1 70 42 523 -5 -11 0 44 4 2 3 251
514 0 55 -14 1629 0 0 0 11 8 40 3 664
514 1 70 37 619 -2 -1 0 47 4 2 2 315
515 0 59 -12 1270 -3 0 0 7 11 43 2 498
515 1 68 13 848 0 0 0 57 5 8 3 627
516 0 59 -13 1567 0 0 0 13 9 49 1 628
516 1 64 29 331 -2 -4 0 25 5 2 3 218
517 0 59 -10 1415 1 0 0 7 21 27 0 572
517 1 64 -3 877 -4 -6 0 31 4 12 3 814
518 0 57 -26 720 0 0 0 6 18 23 1 888
519 0 50 -54 660 0 0 0 9 11 45 4 1106
520 0 47 -54 765 -1 0 0 10 15 41 5 1057
521 0 43 -54 907 -3 0 0 20 8 44 4 1304
522 0 42 -35 903 2 4 0 28 9 29 4 1010
523 0 46 -46 961 2 6 0 28 8 21 2 1243
524 0 49 -12 1119 8 9 0 47 10 15 4 988
525 0 50 -14 990 0 0 0 40 13 9 5 977
526 0 62 30 240 0 0 0 24 6 4 2 134
527 0 64 18 871 0 0 0 52 9 5 2 629
528 0 66 31 692 2 1 0 50 3 7 2 356
529 0 70 37 627 4 5 0 51 3 0 1 325
530 0 70 43 516 0 0 0 46 3 1 1 215
531 0 44 -17 1838 0 2 0 11 15 29 1 657
531 1 70 42 479 -1 0 0 47 3 0 2 207
532 0 47 -14 1757 1 -1 0 9 12 22 0 647
532 1 72 47 457 1 1 0 55 3 1 2 167
533 0 48 -7 1847 4 0 0 8 9 18 2 607
533 1 71 47 452 0 0 0 33 2 1 2 190
534 0 40 1 646 1 2 0 3 3 5 0 227
534 1 73 47 428 1 1 0 33 1 2 0 186
535 0 70 42 528 -4 -11 0 56 2 1 3 242
536 0 70 40 552 0 1 0 52 2 2 3 274
537 0 64 18 964 0 0 0 61 7 12 3 614
538 0 64 18 881 -1 -1 0 57 10 9 4 549
539 0 63 9 946 -4 -4 0 53 12 3 5 704
540 0 69 32 647 10 10 0 55 3 2 5 331
541 0 70 29 758 -3 -2 0 53 7 5 3 413
542 0 66 34 648 0 2 0 48 9 0 7 269
543 0 70 37 615 2 2 0 51 4 2 8 305
544 0 62 13 1292 0 0 0 78 10 7 11 654
545 0 59 -4 1161 0 0 0 41 7 12 5 853
546 0 29 -12 463 -2 0 1 3 4 21 2 300
547 0 21 -12 642 0 0 1 5 2 24 2 253
547 1 47 -62 897 -2 -4 0 35 10 49 6 1328
548 0 45 3 174 -3 -1 0 1 2 10 0 43
549 0 34 -14 1493 0 0 1 10 2 30 5 562
550 0 32 -16 1435 0 0 1 16 4 34 2 560
553 0 65 2 799 3 5 0 31 6 21 4 510
558 0 54 -24 1081 -4 -1 0 1 12 56 1 434
558 1 52 -46 2773 0 -1 1 11 7 78 5 1325
560 0 52 -25 1134 3 1 0 3 8 55 2 436
561 0 55 -25 1168 -3 -1 0 3 10 59 2 481
561 1 21 -20 684 0 -1 1 3 2 27 3 269
561 2 51 -80 5127 -6 3 0 57 23 77 7 3496
562 0 45 -29 1287 3 1 0 7 17 45 1 578
562 1 4 -20 176 -7 0 0 1 0 10 0 79
563 0 43 -46 1428 -2 -1 0 5 14 53 2 700
564 0 42 -39 2838 0 -1 1 13 15 86 6 1248
564 1 51 -14 740 -5 2 0 40 6 42 10 714
565 0 41 -43 2801 0 0 1 12 12 89 8 1244
565 1 52 -13 495 1 2 0 6 0 39 1 206
566 0 39 -41 2617 -1 -1 1 4 16 82 10 1076
566 1 49 -19 643 3 5 0 7 4 44 5 312
567 0 37 -46 2573 -2 0 1 5 11 84 8 1108
567 1 59 -20 596 -1 0 0 9 3 40 5 223
568 0 51 -26 587 0 -3 0 4 4 32 5 227
569 0 61 -27 583 -3 2 0 0 5 47 3 173
570 0 46 -30 972 -1 -2 0 8 1 67 7 493
571 0 52 -22 594 -1 1 0 6 0 48 4 230
572 0 61 -21 694 -1 4 0 10 5 37 3 315
573 0 59 -25 658 3 -5 0 7 5 52 4 236
575 0 72 -27 1114 -1 0 0 18 3 55 9 789
576 0 18 -17 615 0 -1 1 2 1 29 4 180
576 1 54 -28 658 -2 1 0 7 3 51 7 265
579 0 42 -56 569 0 0 0 0 7 67 3 259
582 0 44 -49 444 0 0 0 3 5 59 2 360
583 0 40 -52 607 0 1 0 5 12 67 4 322
584 0 45 -46 506 3 -4 0 4 5 63 2 486
585 0 40 -46 635 -2 4 0 4 9 70 5 444
586 0 40 -55 675 -5 -3 0 9 3 74 4 598
587 0 49 -55 428 -6 -4 0 0 5 57 6 491
587 1 49 -43 708 2 8 0 18 8 47 1 787
588 0 51 -45 414 0 0 0 0 2 62 6 650
588 1 47 -46 719 -1 -1 0 19 9 55 2 839
589 0 54 -46 446 -2 -4 0 2 1 53 12 670
590 0 47 -55 443 8 12 0 1 2 59 6 478
590 1 42 -48 678 -5 -2 0 5 6 47 0 475
591 0 47 -61 448 1 2 0 2 1 61 6 515
591 1 40 -53 735 -3 0 0 8 7 61 2 653
592 0 44 -46 639 0 0 0 8 2 63 1 326
593 0 42 -62 830 0 0 0 11 7 49 5 1224
594 0 42 -43 756 2 7 0 10 10 30 0 900
595 0 47 -38 721 1 0 0 15 14 32 1 774
596 0 49 -46 704 3 -3 0 16 14 38 2 833
597 0 53 -33 770 3 4 0 14 16 32 1 735
598 0 53 -46 615 0 0 0 14 5 59 3 799
599 0 50 -54 638 -4 -2 0 10 3 65 4 717
600 0 47 -44 853 0 0 0 16 13 49 2 658
601 0 44 -46 840 1 -3 0 16 4 61 1 590
602 0 49 -46 700 0 2 0 16 7 56 4 799
603 0 44 -46 727 7 -9 0 11 3 65 1 412
604 0 44 -46 735 -4 3 0 13 6 59 1 413
605 0 41 -55 470 -1 -2 0 0 3 59 9 433
605 1 42 -46 752 -1 1 0 9 5 62 3 618
606 0 47 -56 435 -5 -5 0 2 2 57 5 438
606 1 42 -49 773 -1 1 0 12 6 61 0 635
607 0 45 -56 419 -6 -4 0 1 0 64 7 432
607 1 21 -13 294 0 -1 0 1 1 18 0 92
607 2 40 -54 712 -7 1 0 6 11 53 2 831
608 0 49 -46 432 -4 -9 0 0 1 43 14 702
608 1 38 -54 712 -2 -3 0 5 6 56 3 644
609 0 48 -46 426 -2 -3 0 1 1 44 13 663
609 1 22 -13 268 -1 0 0 0 3 19 1 89
610 0 47 -55 362 5 8 0 3 2 37 10 662
610 1 37 -54 670 0 0 0 7 3 67 0 469
611 0 47 -55 421 2 3 0 2 2 58 6 478
612 0 46 -56 443 0 1 0 1 1 55 8 439
612 1 37 -49 756 0 0 0 6 15 42 0 817
613 0 47 -56 424 1 0 0 1 0 63 3 395
613 1 23 -14 257 1 -2 0 2 2 20 1 80
613 2 42 -54 738 2 6 0 12 15 35 2 992
614 0 46 -55 436 5 4 0 2 2 65 4 389
614 1 21 -13 293 -1 -1 0 2 0 29 2 79
614 2 36 -51 683 0 0 0 5 3 55 3 467
615 0 46 -62 421 3 1 0 1 2 58 5 429
615 1 22 -13 275 -1 0 0 2 3 25 1 81
616 0 46 -56 370 0 -1 0 1 3 61 1 396
616 1 21 -14 307 0 -1 0 3 4 24 3 86
616 2 39 -52 750 0 -3 0 6 2 65 4 439
617 0 46 -55 418 0 -1 0 1 3 59 6 477
617 1 21 -14 380 -1 -1 0 0 3 27 1 104
618 0 46 -56 367 0 -1 0 0 3 51 5 403
618 1 41 -50 788 0 0 0 6 5 59 3 431
619 0 20 -15 388 -1 -1 0 1 2 25 1 106
619 1 42 -50 693 -2 2 0 8 6 61 5 424
620 0 47 -55 440 -6 -4 0 1 1 60 6 478
620 1 21 -14 302 1 -1 0 1 4 28 0 87
620 2 39 -52 641 -3 -1 0 5 1 49 1 354
621 0 47 -56 441 0 0 0 0 1 63 4 436
621 1 42 -51 708 0 2 0 11 6 59 1 511
622 0 42 -46 781 3 7 0 12 9 48 6 786
623 0 39 -62 471 -1 0 0 3 4 65 3 365
623 1 22 -13 266 -1 0 0 1 1 18 2 90
623 2 43 -54 804 -1 -5 0 18 10 60 3 989
624 0 44 -46 795 3 -1 0 13 4 60 4 549
625 0 21 -13 259 0 0 0 1 3 18 1 103
625 1 42 -46 745 0 -2 0 13 5 52 2 461
626 0 41 -46 751 -3 2 0 15 5 62 4 914
627 0 42 -48 664 0 -3 0 9 4 40 2 355
628 0 44 -54 827 8 7 0 27 11 40 4 1022
629 0 42 -55 485 -4 -2 0 1 3 66 4 514
629 1 47 -41 784 -1 5 0 14 13 41 2 866
630 0 22 -13 294 -1 0 0 2 1 20 2 87
630 1 46 -35 738 -1 3 0 12 23 22 3 912
631 0 22 -13 277 -1 0 0 1 3 19 1 88
631 1 45 -54 1110 0 0 0 20 10 46 4 1208
632 0 43 -46 828 0 0 0 12 3 64 3 506
633 0 28 -62 942 -7 2 0 5 7 80 9 544
633 1 47 -46 780 0 0 0 14 10 44 2 686
634 0 50 -30 719 0 0 0 18 12 21 1 823
635 0 52 -18 702 1 8 0 16 10 18 0 886
636 0 54 -19 751 0 1 0 26 14 17 0 935
637 0 53 -24 872 0 0 0 16 8 15 2 945
638 0 50 -30 749 -2 -4 0 21 7 29 0 818
639 0 49 -42 893 0 0 0 13 10 49 2 623
640 0 45 -46 794 -1 -5 0 17 7 58 4 586
641 0 30 -62 935 -3 0 0 1 4 98 6 639
641 1 13 -86 1111 0 0 1 4 2 70 3 611
641 2 10 -4 98 0 0 1 0 0 0 0 21
642 0 27 -78 2386 0 1 1 4 8 127 6 1385
642 1 10 -4 98 0 -1 1 0 0 0 0 21
642 2 50 -20 703 1 5 0 14 13 19 3 821
643 0 27 -71 2251 -2 -1 1 3 6 83 7 982
643 1 51 -26 751 -1 -3 0 19 11 7 3 851
644 0 22 -70 2010 1 -1 1 3 10 91 2 862
644 1 47 -35 843 -1 -8 0 20 17 17 4 878
645 0 22 -62 1765 9 2 1 4 8 61 3 836
645 1 54 -14 821 0 0 0 41 10 9 3 865
646 0 22 -62 1753 1 1 1 7 8 48 4 845
646 1 59 -14 768 4 -4 0 45 9 18 3 825
647 0 22 -62 1744 2 1 1 7 4 57 4 840
648 0 62 11 1018 0 0 0 58 5 11 5 605
649 0 59 -6 931 0 0 0 48 6 14 5 759
650 0 25 -13 231 -1 0 0 1 1 16 0 66
650 1 21 -94 1577 1 1 1 3 5 82 5 945
651 0 21 -14 321 0 0 0 3 4 24 1 103
651 1 28 -86 1678 4 0 1 9 8 77 9 1289
651 2 54 -18 812 0 0 0 33 7 17 6 867
652 0 20 -14 309 -1 0 0 3 4 22 1 96
652 1 28 -78 1598 -2 0 1 12 7 83 5 1169
652 2 54 -14 860 -1 3 0 40 7 13 5 831
653 0 49 -27 1043 0 0 0 38 9 26 5 942
654 0 59 4 1223 0 0 0 54 8 14 10 670
655 0 23 -15 248 -1 0 0 1 2 13 1 88
655 1 21 -62 1361 -7 -2 1 8 11 49 6 646
657 0 21 -62 1673 -2 -1 1 9 5 58 5 835
658 0 21 -62 1670 0 0 1 8 6 56 3 839
658 1 47 -46 747 0 0 0 20 7 48 3 678
659 0 21 -58 1668 1 0 1 10 10 58 6 780
659 1 46 -42 748 -1 2 0 22 7 45 2 626
660 0 21 -58 1671 -3 0 1 6 6 59 8 785
661 0 21 -58 1675 3 0 1 8 5 69 3 779
661 1 59 -5 1092 -5 -9 0 48 12 10 8 832
663 0 59 12 926 0 0 0 65 7 8 6 543
664 0 61 10 1035 -1 -3 0 62 7 8 8 675
665 0 24 -14 223 -1 0 0 2 1 22 1 58
665 1 22 -61 1391 -2 0 1 8 6 54 5 630
665 2 51 -29 969 0 0 0 31 6 24 3 888
666 0 23 -15 236 0 0 0 0 2 20 1 82
666 1 22 -58 1382 4 1 1 11 7 58 3 656
666 2 47 -35 839 7 -13 0 30 16 30 2 858
667 0 24 -13 224 0 0 0 1 2 15 2 64
667 1 22 -54 1350 -4 -2 1 4 9 54 4 523
668 0 22 -13 171 0 0 0 1 0 15 1 67
668 1 20 -54 1223 4 1 1 10 6 58 3 543
668 2 54 -5 1194 -4 -5 0 56 6 11 6 809
669 0 21 -13 194 -1 0 0 1 1 16 1 77
669 1 21 -54 1224 -1 0 1 9 9 55 4 543
669 2 51 -14 858 -3 -6 0 41 10 11 3 799
670 0 23 -14 240 -1 0 0 2 4 18 1 87
670 1 20 -54 1218 1 0 1 8 6 63 2 541
671 0 25 -14 174 0 0 0 0 1 13 1 63
671 1 20 -54 1209 -3 -1 1 4 8 54 3 489
671 2 51 -38 796 5 -9 0 24 5 46 3 546
672 0 26 -53 1898 -1 -1 1 4 12 83 4 772
672 1 47 -46 733 7 -6 0 12 7 60 3 674
673 0 49 -38 731 -3 4 0 11 10 51 4 570
674 0 50 -28 754 0 0 0 22 13 25 3 787
675 0 49 -26 813 -2 3 0 23 12 14 1 874
676 0 51 -14 785 5 10 0 30 12 13 4 893
677 0 43 -35 768 0 0 0 18 18 19 1 889
678 0 48 -30 720 2 3 0 15 14 17 3 835
679 0 42 -46 823 0 0 0 12 8 47 4 769
680 0 48 -46 1022 0 0 0 13 12 70 3 784
681 0 42 -46 716 -1 -9 0 6 3 62 7 522
683 0 51 -14 800 2 6 0 29 9 10 1 842
684 0 49 -35 1068 0 0 0 21 13 31 3 894
685 0 49 -38 707 -1 -6 0 14 9 43 1 579
686 0 45 -38 792 -3 3 0 19 12 34 3 746
687 0 46 -33 786 -2 5 0 23 10 30 1 846
688 0 49 -20 762 6 9 0 20 15 21 0 844
689 0 13 -51 1222 2 0 1 10 12 42 3 533
689 1 4 -17 251 -1 0 1 0 0 16 2 72
689 2 46 -32 759 0 -12 0 17 15 19 3 856
690 0 13 -51 1233 -1 0 1 7 12 34 4 543
690 1 4 -17 260 -1 0 1 1 1 12 3 73
690 2 42 -38 756 1 -10 0 13 8 37 3 911
691 0 42 -40 765 -1 -3 0 16 12 30 3 827
692 0 13 -52 1265 3 0 1 3 8 40 1 524
692 1 4 -14 242 0 0 1 0 0 18 0 63
692 2 48 -30 780 3 4 0 17 11 32 2 788
693 0 14 -52 1245 1 -1 1 11 8 36 2 532
693 1 4 -15 247 -1 0 1 0 1 13 3 64
693 2 53 -30 893 5 6 0 18 10 27 1 869
694 0 18 -51 1547 -7 -3 1 5 8 46 3 584
694 1 4 -15 204 -1 -1 1 2 1 10 0 50
695 0 10 -51 1205 1 0 1 0 11 33 3 463
695 1 3 -16 213 0 -1 1 1 0 14 2 55
695 2 45 -38 802 -2 -14 0 16 12 31 3 900
696 0 18 -54 1466 -9 -2 1 4 10 52 4 506
696 1 4 -46 262 -2 0 1 0 2 21 1 264
696 2 40 -49 851 0 0 0 9 3 60 2 418
697 0 18 -53 1474 0 0 1 5 10 53 5 522
697 1 5 -15 111 0 -1 0 1 3 4 0 28
697 2 34 -49 828 0 0 0 0 1 54 7 298
698 0 18 -58 1456 -4 0 1 5 3 65 4 531
698 1 5 -15 120 0 -1 0 0 0 4 0 32
698 2 42 -46 675 0 0 0 7 4 57 3 369
699 0 18 -57 1522 0 0 1 9 7 60 4 566
699 1 3 -15 186 0 0 1 0 0 10 1 52
699 2 42 -46 706 -2 2 0 9 6 57 2 686
700 0 17 -48 1418 0 0 1 8 6 24 3 589
700 1 47 -42 701 0 5 0 8 8 45 0 619
701 0 41 -49 676 6 -13 0 3 6 54 2 375
702 0 18 -52 1495 -2 -1 1 3 3 46 3 505
702 1 4 -15 215 -1 0 1 1 2 9 0 51
702 2 39 -54 716 -2 2 0 7 6 61 1 656
703 0 10 -62 1200 -6 -2 0 5 3 59 0 473
703 1 4 -15 238 0 0 1 1 0 9 0 62
703 2 44 -40 759 3 9 0 15 11 47 3 798
704 0 16 -53 1529 4 1 1 4 8 41 3 564
704 1 42 -44 687 1 -4 0 5 9 46 1 719
705 0 42 -45 738 1 -3 0 7 8 54 1 610
706 0 46 -34 927 0 0 0 31 10 31 3 825
707 0 17 -51 1556 1 -1 1 4 9 40 4 625
707 1 48 -28 774 1 6 0 28 13 16 2 825
708 0 17 -51 1561 0 -1 1 1 11 37 5 628
708 1 49 -24 773 1 2 0 20 6 29 5 836
709 0 48 -30 795 -2 -3 0 24 9 19 3 863
710 0 18 -50 1462 -1 -3 1 6 7 33 1 531
710 1 4 -16 236 -1 -1 1 2 0 8 0 53
710 2 38 -48 697 0 0 0 2 5 52 2 680
711 0 18 -54 1431 -5 -3 0 6 9 48 2 511
711 1 5 -15 284 0 0 1 0 2 11 1 76
711 2 43 -46 886 5 0 0 9 11 55 2 683
712 0 19 -55 1436 0 -1 0 7 10 41 1 533
712 1 5 -17 291 0 0 1 0 3 11 3 82
712 2 38 -61 846 0 0 0 4 1 53 4 370
713 0 18 -55 1377 0 0 0 8 8 44 1 531
713 1 5 -15 288 -1 0 1 0 1 11 2 76
713 2 36 -48 831 1 0 0 3 0 69 5 363
713 3 65 34 69 0 -1 0 2 0 5 2 31
714 0 18 -56 1434 0 -1 1 7 2 56 1 563
714 1 4 -14 220 0 0 1 0 0 6 0 57
714 2 43 -46 854 3 6 0 10 3 59 3 417
715 0 10 -50 1124 0 0 1 8 5 27 1 409
715 1 5 -9 131 0 0 1 0 0 3 0 32
715 2 42 -46 852 -4 -1 0 9 5 65 2 359
716 0 8 -52 1039 -4 -2 1 4 3 35 0 408
716 1 5 -15 162 0 0 1 1 1 6 1 41
716 2 7 -14 145 0 0 0 1 0 4 4 36
716 3 45 -41 698 1 8 0 6 7 39 4 590
717 0 10 -52 1049 1 0 1 4 4 45 3 440
717 1 4 -15 227 -1 0 1 1 1 12 0 58
717 2 45 -37 856 -1 1 0 11 8 34 1 649
718 0 11 -52 1059 0 0 1 3 16 34 5 422
718 1 3 -15 191 0 -1 1 1 1 14 0 47
718 2 42 -46 891 0 0 0 9 8 50 5 488
719 0 10 -54 1019 0 -1 1 5 14 34 1 394
719 1 3 -9 73 0 0 1 1 1 6 0 16
719 2 40 -62 736 -1 -6 0 7 3 65 2 451
720 0 8 -54 970 0 2 1 7 8 37 3 410
720 1 6 -15 162 -2 0 1 1 2 7 1 39
720 2 42 -46 686 -2 6 0 7 3 56 4 530
721 0 9 -51 1080 1 1 1 4 2 29 0 458
721 1 7 -18 188 -1 0 1 1 1 6 1 51
721 2 42 -46 664 0 -1 0 10 7 54 1 368
722 0 8 -54 1033 -2 -1 1 4 12 27 4 418
722 1 7 -20 312 0 -1 1 1 2 11 0 84
722 2 42 -46 745 0 6 0 5 8 49 3 655
723 0 45 -35 776 0 0 0 13 13 23 2 859
724 0 17 -52 1485 -1 -1 1 6 7 50 2 586
724 1 42 -42 803 0 0 0 15 6 38 3 736
725 0 16 -52 1478 0 0 1 9 11 42 2 587
725 1 40 -48 722 0 0 0 6 8 37 2 521
726 0 47 -27 981 0 0 0 23 10 19 2 804
727 0 48 -24 976 1 5 0 25 6 11 2 979
728 0 20 -48 1479 -3 -2 1 8 5 36 3 608
728 1 59 11 962 0 0 0 66 10 7 4 579
729 0 58 10 1045 -2 -1 0 60 10 4 7 585
730 0 17 -51 1359 -4 -2 1 3 4 23 0 610
730 1 42 -38 903 0 0 0 30 12 35 1 930
731 0 16 -51 1280 0 0 1 4 12 27 1 596
731 1 41 -49 773 0 0 0 12 8 40 6 672
732 0 16 -51 1282 0 0 1 2 12 22 3 601
732 1 42 -46 1032 2 5 0 15 14 33 4 1014
733 0 14 -55 1244 -4 -3 1 1 10 28 2 537
733 1 4 -18 173 1 -1 1 0 0 8 1 46
734 0 14 -20 574 0 0 0 0 4 11 0 189
734 1 4 -18 156 0 0 1 0 0 7 1 47
734 2 48 -18 801 -1 -6 0 29 8 11 2 818
735 0 40 -50 796 0 0 0 13 7 51 1 625
736 0 4 -9 75 -1 -1 0 1 0 4 0 13
736 1 40 -49 687 6 -5 0 7 3 42 3 437
737 0 18 -52 1359 1 -2 1 6 6 46 3 534
737 1 4 -9 117 0 -1 1 0 0 5 0 25
737 2 45 -46 763 0 0 0 7 3 64 7 370
738 0 8 -50 983 4 2 1 7 4 40 2 382
738 1 45 -46 691 -4 0 0 11 1 64 3 249
739 0 10 -52 1078 2 2 1 8 5 29 2 496
739 1 42 -46 679 -3 4 0 6 6 60 5 403
740 0 42 -46 686 -2 2 0 8 5 54 2 531
741 0 13 -46 1094 -6 0 1 9 4 33 3 518
741 1 43 -49 717 -1 -3 0 10 8 51 1 381
742 0 12 -50 1176 -7 0 1 6 3 41 3 487
742 1 43 -46 695 -1 3 0 9 7 58 4 522
743 0 10 -51 1176 -3 0 1 6 8 30 2 434
743 1 42 -49 745 7 -7 0 9 4 62 2 385
744 0 5 -51 966 2 0 1 4 8 38 3 406
744 1 45 -38 798 0 0 0 16 6 35 2 644
745 0 12 -50 1205 2 -1 1 2 9 28 2 469
745 1 39 -49 754 0 0 0 6 6 60 0 543
746 0 3 -51 970 -7 -1 1 4 5 27 2 352
746 1 3 -21 88 -2 0 1 0 0 1 1 20
746 2 5 -12 46 0 0 0 1 0 2 0 11
746 3 38 -49 685 -1 2 0 3 8 60 3 606
747 0 7 -51 1088 1 0 1 5 2 20 1 448
747 1 5 -22 269 -1 0 1 1 0 9 1 80
747 2 41 -45 662 7 -3 0 8 5 36 2 349
748 0 38 -49 851 -3 -3 0 8 7 54 1 450
749 0 48 -33 763 0 0 0 20 12 27 5 836
750 0 48 -30 723 -1 5 0 27 10 19 1 793
751 0 19 -46 1387 5 2 1 9 4 30 3 592
751 1 46 -45 833 0 0 0 12 5 55 3 540
752 0 15 -49 1320 -4 0 1 7 9 27 2 544
752 1 47 -38 803 -1 6 0 20 8 44 2 666
753 0 16 -46 1364 0 1 1 5 6 26 1 542
753 1 47 -30 917 6 8 0 29 18 18 5 1086
754 0 11 -50 1313 -6 -2 1 4 5 44 3 466
754 1 43 -46 713 0 0 0 12 5 53 4 686
755 0 42 -42 697 1 1 0 7 9 45 4 657
756 0 11 -51 1330 -7 -2 1 10 15 44 1 510
756 1 46 -38 697 0 2 0 11 6 52 0 597
757 0 9 -50 1231 4 2 1 4 4 28 2 484
757 1 46 -40 707 5 -5 0 10 9 45 6 462
758 0 21 -48 1801 0 0 1 5 8 45 2 620
758 1 36 -45 830 0 0 0 3 1 40 6 350
759 0 28 -62 809 0 0 0 2 7 63 4 596
759 1 15 -16 231 0 0 0 0 1 8 0 87
759 2 4 -21 174 1 0 1 0 1 7 1 56
759 3 39 -52 807 0 0 0 7 0 63 0 422
760 0 25 -62 1018 0 3 0 3 4 71 0 510
760 1 4 -22 129 0 0 1 0 0 6 1 32
760 2 38 -62 704 -1 -2 0 7 2 64 0 433
761 0 17 -56 1406 -1 2 0 6 7 54 2 651
761 1 4 -20 173 0 0 1 0 0 9 0 51
761 2 41 -54 688 1 8 0 4 9 49 2 753
762 0 20 -56 1455 2 -2 0 4 6 58 2 614
762 1 4 -20 171 0 0 1 0 0 8 0 52
762 2 33 -52 782 0 0 0 0 3 69 7 321
763 0 18 -52 1392 2 2 0 5 4 46 4 501
763 1 4 -20 174 -1 -1 1 1 0 7 1 46
763 2 42 -45 748 6 10 0 8 5 44 1 422
764 0 18 -52 1369 0 -1 0 8 5 47 1 499
764 1 4 -14 136 -1 0 1 0 2 5 0 33
764 2 40 -46 659 0 0 0 7 3 67 2 321
765 0 18 -56 1371 -1 -2 0 3 7 51 2 603
765 1 4 -14 137 -1 0 1 0 0 5 0 35
765 2 35 -45 767 -1 -4 0 3 2 71 7 373
766 0 20 -56 1467 -1 -2 1 9 7 59 1 646
766 1 33 -48 769 0 -3 0 3 0 56 8 284
767 0 20 -56 1486 1 0 1 8 7 50 2 655
767 1 43 -46 690 0 0 0 7 3 62 3 365
768 0 19 -55 1116 0 1 0 6 6 45 0 424
768 1 6 -18 48 -1 0 0 0 0 0 0 12
768 2 43 -46 856 -3 3 0 8 4 59 3 526
769 0 10 -50 1143 0 0 1 4 7 34 2 446
769 1 5 -18 48 -1 0 0 0 0 2 0 10
769 2 39 -49 884 1 -3 0 9 4 61 1 458
770 0 9 -46 1114 2 -1 1 6 3 31 5 414
770 1 4 -19 113 -1 0 1 0 0 6 1 26
770 2 45 -38 810 0 0 0 18 9 44 1 779
771 0 3 -50 908 -2 0 1 5 4 24 2 381
771 1 6 -20 174 -1 -1 1 0 0 5 1 46
771 2 46 -35 957 -1 3 0 18 8 37 3 906
772 0 12 -52 1214 0 1 1 5 2 29 1 503
772 1 48 -26 757 1 7 0 22 14 12 2 846
773 0 11 -50 1222 -1 0 1 6 6 27 3 480
774 0 16 -52 1374 0 0 1 3 6 34 1 564
775 0 16 -19 362 0 0 0 0 6 7 0 147
775 1 17 -45 1057 5 1 1 8 7 15 4 371
775 2 49 -27 1029 0 0 0 30 14 19 3 954
776 0 42 -46 956 0 0 0 17 9 43 1 810
777 0 41 -49 789 -2 -6 0 14 8 51 3 703
778 0 20 -45 1392 -3 -1 1 12 9 24 3 590
778 1 44 -42 963 3 6 0 27 10 41 2 856
779 0 17 -46 1309 -4 -1 1 6 5 27 2 540
779 1 42 -42 720 0 -4 0 6 8 38 3 667
780 0 21 -45 1442 4 -1 1 7 10 33 0 640
780 1 3 -18 115 2 0 1 1 0 6 0 33
780 2 47 -46 721 0 0 0 14 5 54 4 415
781 0 20 -45 1399 -2 -1 1 11 5 28 1 615
781 1 3 -16 111 -1 0 1 0 0 5 1 30
781 2 47 -46 750 -1 1 0 17 8 57 3 530
782 0 11 -49 1029 -4 -1 1 2 9 27 3 519
782 1 3 -14 99 1 0 1 0 0 5 0 27
782 2 42 -43 706 -3 -3 0 7 4 43 1 553
783 0 45 -46 2987 0 0 1 16 8 87 13 1092
784 0 34 6 33 0 0 0 0 1 3 0 6
784 1 9 -46 1020 -4 -3 1 6 7 26 4 362
784 2 38 -46 845 0 0 0 4 5 77 2 432
785 0 8 -56 985 0 0 0 2 4 41 0 401
785 1 43 -54 878 0 0 0 9 11 51 2 895
786 0 4 -54 793 0 1 0 6 10 40 1 335
786 1 6 -20 56 -1 0 0 0 0 0 0 14
786 2 43 -46 746 1 4 0 7 11 48 1 813
787 0 21 -45 1512 -1 1 1 8 9 29 3 641
787 1 48 -42 803 0 0 0 14 8 47 3 608
788 0 14 -49 1313 -9 2 1 5 12 28 2 523
788 1 48 -42 726 1 -1 0 13 4 55 3 485
789 0 14 -45 1279 1 0 1 6 7 29 0 490
789 1 45 -46 693 -1 -5 0 9 7 60 4 412
790 0 15 -49 1426 -2 1 1 2 6 24 1 556
790 1 43 -49 697 -4 -2 0 9 9 55 1 500
791 0 11 -51 1271 -2 -1 1 2 7 13 0 488
791 1 43 -46 821 0 0 0 19 8 44 1 688
792 0 16 -45 1402 2 1 1 7 6 23 0 524
792 1 42 -42 779 3 -2 0 6 5 50 5 656
793 0 15 -48 1352 -1 -1 1 5 6 28 1 511
793 1 49 -30 866 0 0 0 33 10 21 2 784
794 0 14 -49 1287 -1 0 1 9 10 30 2 500
794 1 50 -18 780 2 9 0 23 16 16 3 841
795 0 20 -49 1448 4 -1 1 9 9 28 6 630
795 1 50 -21 817 0 -3 0 42 7 22 1 951
796 0 16 -20 374 -1 0 0 1 1 8 0 150
796 1 14 -48 914 -2 0 1 8 3 25 1 338
796 2 48 -29 902 -1 -7 0 30 8 26 4 884
797 0 43 -46 817 0 0 0 8 4 58 2 408
798 0 43 -49 745 -1 0 0 8 2 64 2 470
799 0 16 -46 1253 -3 -1 1 9 6 30 1 514
799 1 42 -46 735 1 5 0 17 7 49 3 684
800 0 42 -46 869 -1 3 0 17 3 45 5 810
801 0 42 -45 738 0 0 0 8 7 46 0 602
802 0 42 -46 788 0 -1 0 19 9 48 4 680
803 0 18 -46 1401 -7 -1 1 10 4 26 1 568
803 1 38 -46 684 -6 0 0 5 7 52 1 657
804 0 11 -48 1150 -4 -1 1 2 4 28 1 441
804 1 41 -49 750 0 0 0 5 7 49 0 390
805 0 12 -53 1320 3 1 1 5 7 57 0 603
805 1 37 -54 734 -4 3 0 11 6 51 1 813
806 0 22 -62 1772 0 -1 1 5 8 83 1 1051
806 1 39 -54 855 1 -3 0 11 6 53 1 769
807 0 22 -62 1822 -1 0 1 4 7 86 3 1048
807 1 39 -48 778 -2 4 0 10 8 35 2 725
808 0 46 -53 325 0 0 0 1 1 54 7 511
808 1 15 -46 1134 -1 -2 1 2 4 31 1 484
808 2 33 -50 790 -2 -8 0 3 11 37 2 707
809 0 46 -55 437 -3 -4 0 1 1 56 9 605
809 1 15 -43 1131 0 -1 1 3 5 29 3 464
809 2 30 -62 774 8 -11 0 2 6 65 2 613
