0 0 35 41 0 0 0 0 0 0 0 0 0
0 1 19 21 0 0 0 0 0 0 0 0 0
1 0 52 -28 490 -1 0 0 8 1 22 10 1039
1 1 47 3 348 7 5 0 3 1 5 4 187
2 0 55 -28 497 -1 2 0 2 1 20 12 1038
2 1 42 9 204 -4 -1 0 3 1 7 0 80
3 0 52 -40 1135 -9 5 0 1 1 34 12 1617
4 0 59 -45 1045 -7 5 0 1 4 59 13 1045
4 1 58 12 437 0 1 0 6 6 8 2 244
5 0 43 -45 514 -1 1 0 1 0 51 14 631
5 1 51 0 393 -2 0 0 2 7 12 0 336
6 0 42 -32 416 1 0 0 0 0 42 11 508
6 1 57 13 626 0 0 0 17 7 10 2 486
7 0 78 34 402 0 0 0 34 4 0 3 375
8 0 70 19 683 -9 -7 0 31 12 6 5 660
9 0 49 -12 259 0 0 0 1 0 17 11 335
9 1 67 9 548 -6 -6 0 22 8 8 2 627
10 0 57 11 149 0 0 0 2 0 9 2 259
10 1 58 -1 541 -4 -6 0 23 8 6 0 683
11 0 53 26 74 -9 -6 0 0 0 1 1 28
12 0 46 -27 424 4 12 0 2 1 37 8 711
12 1 49 -29 520 6 -9 0 7 10 17 1 645
13 0 49 -31 360 0 0 0 1 0 43 10 611
13 1 57 3 450 6 7 0 16 5 11 4 404
14 0 66 32 162 0 0 0 8 2 2 0 108
15 0 69 35 156 3 1 0 12 3 3 0 132
16 0 37 -32 388 7 4 0 2 0 43 3 496
16 1 58 7 466 -11 -6 0 13 9 10 1 407
17 0 60 0 476 -3 -1 0 8 15 12 1 564
18 0 41 -31 378 -3 -3 0 2 0 38 10 398
19 0 37 -33 0 0 0 0 0 0 0 0 0
19 1 43 -35 0 0 0 0 0 0 0 0 0
20 0 45 -13 267 0 0 0 1 1 22 5 296
20 1 45 -34 706 -5 -4 0 6 13 34 3 943
21 0 57 19 142 0 0 0 3 1 7 4 167
21 1 46 -40 606 -6 -3 0 7 9 23 0 721
22 0 62 19 264 5 -6 0 9 0 2 8 285
22 1 33 -61 557 6 -12 0 3 9 45 0 741
23 0 41 -49 612 -1 -2 0 2 15 42 3 594
24 0 57 -7 325 -6 1 0 2 1 17 8 466
24 1 40 -50 626 -4 -3 0 1 12 51 2 606
25 0 58 -13 349 -2 -3 0 1 1 13 4 590
25 1 33 -53 547 0 -5 0 2 7 53 0 562
26 0 59 -13 418 0 -7 0 7 1 13 2 997
26 1 11 -2 81 -1 -1 0 1 4 1 0 30
26 2 23 -77 750 -5 -5 0 5 6 57 3 829
27 0 13 -2 105 -1 -1 0 1 0 0 0 34
27 1 24 -61 912 -3 -4 1 6 5 65 3 845
28 0 70 18 402 8 -9 0 38 1 1 14 649
28 1 13 -2 107 -1 0 0 1 2 1 0 38
28 2 21 -58 688 -3 -2 0 3 5 61 1 632
29 0 70 6 393 0 0 0 24 1 3 11 886
29 1 11 0 82 -1 -1 0 0 0 0 0 30
29 2 20 -59 784 0 -2 1 3 4 57 3 557
30 0 19 -50 577 -2 -3 0 3 0 48 2 297
31 0 70 -13 1208 -2 1 0 19 4 14 16 1787
31 1 14 -61 493 -4 -4 0 3 1 53 3 347
32 0 57 -29 501 0 0 0 4 0 17 13 1187
32 1 19 -61 653 -2 -3 1 3 1 54 4 458
33 0 11 -61 485 -2 0 0 3 0 56 3 334
34 0 53 -29 457 2 -4 0 5 0 11 17 1122
34 1 13 -61 528 0 0 0 0 0 62 2 343
35 0 57 -22 454 0 -3 0 4 0 11 10 1165
35 1 13 -61 581 0 0 1 3 0 59 4 415
36 0 63 -4 413 0 0 0 28 1 2 14 1075
36 1 21 -61 817 0 2 1 3 0 65 6 486
37 0 21 -61 808 0 0 1 2 1 64 4 529
38 0 59 -13 487 -3 1 0 14 1 11 10 1014
38 1 19 -61 709 0 0 1 1 0 64 3 372
39 0 57 -17 432 0 1 0 18 0 2 10 1122
39 1 13 -61 583 -1 -2 1 3 0 61 3 414
40 0 19 -61 622 0 0 0 4 1 56 4 295
41 0 42 39 0 0 0 0 0 0 0 0 0
41 1 20 -53 489 5 6 0 1 1 56 2 228
42 0 26 -32 555 0 0 0 4 4 34 1 377
43 0 70 19 341 0 0 0 32 0 1 6 512
43 1 49 -7 440 0 0 0 5 12 12 1 315
44 0 69 18 332 1 0 0 29 0 1 11 535
44 1 52 0 402 2 5 0 9 8 12 1 390
45 0 61 -12 389 0 0 0 5 0 11 10 754
45 1 55 -2 427 -1 1 0 6 4 11 1 374
46 0 58 -15 326 0 0 0 3 0 13 9 688
46 1 50 -15 474 -9 0 0 10 7 25 1 497
47 0 52 -33 341 0 0 0 0 1 36 14 726
48 0 43 -45 501 0 0 0 2 0 46 11 679
48 1 49 -28 548 -4 1 0 7 15 21 0 683
49 0 41 -44 493 -5 3 0 4 0 54 6 536
49 1 56 -12 691 0 0 0 19 12 11 1 798
50 0 41 -39 433 2 -1 0 2 0 41 12 463
50 1 61 -1 723 4 7 0 24 12 12 1 776
51 0 61 -3 619 0 2 0 24 9 15 3 807
52 0 45 -8 247 0 0 0 1 0 27 5 289
52 1 56 -20 658 0 0 0 12 15 14 2 1079
53 0 49 3 155 0 0 0 1 0 14 5 196
54 0 69 35 130 0 0 0 10 1 2 4 113
54 1 44 -44 633 0 0 0 4 15 41 1 779
55 0 65 27 142 -3 1 0 3 0 2 5 146
55 1 44 -46 641 -1 -3 0 8 12 36 0 805
56 0 48 -4 195 0 0 0 2 0 21 4 281
56 1 46 -44 662 3 3 0 8 14 32 0 848
57 0 41 -22 310 -15 4 0 1 1 37 9 303
57 1 46 -45 672 0 1 0 9 10 29 1 976
58 0 42 -45 350 -7 3 0 1 1 45 4 269
59 0 39 -39 369 -5 0 0 1 0 49 6 259
59 1 52 -27 680 3 6 0 13 15 18 0 1039
60 0 39 -47 415 -7 1 0 1 1 53 4 253
60 1 52 -36 685 -1 -1 0 10 14 24 1 1199
61 0 38 -47 404 0 1 0 1 0 57 2 291
61 1 51 -36 682 0 -2 0 12 9 32 1 1194
62 0 39 -45 518 3 -2 0 1 2 54 6 417
62 1 53 -29 656 1 0 0 10 15 21 0 969
63 0 45 -12 318 0 0 0 1 2 26 8 363
63 1 56 -12 610 5 8 0 18 15 7 0 830
64 0 44 -7 276 5 3 0 1 1 20 7 279
64 1 60 -2 623 3 5 0 23 12 9 3 753
65 0 46 2 243 4 -3 0 1 1 18 4 228
65 1 66 13 546 8 8 0 27 11 2 1 586
66 0 43 -7 223 -4 4 0 0 3 22 3 203
66 1 66 7 583 -2 -1 0 36 15 4 2 725
67 0 41 -13 248 -11 4 0 1 1 28 6 148
67 1 63 2 639 -4 -3 0 31 7 9 1 936
68 0 39 -22 244 -3 2 0 2 0 29 5 207
68 1 59 -12 747 -4 -8 0 31 12 11 0 966
69 0 38 -36 349 -5 -2 0 1 2 40 5 258
69 1 52 -29 679 0 0 0 12 12 24 1 931
70 0 41 -44 428 4 -7 0 0 0 48 10 605
70 1 44 -49 655 0 0 0 6 13 44 2 649
71 0 41 -39 385 -1 -4 0 0 0 37 13 510
71 1 41 -50 663 -4 -2 0 4 10 49 1 608
72 0 36 -52 616 -4 -6 0 7 14 51 4 539
73 0 37 -50 590 0 2 0 6 13 48 1 612
74 0 69 18 364 6 -9 0 33 0 2 7 534
74 1 28 -49 545 -7 -4 0 2 10 50 0 382
75 0 65 2 424 1 6 0 34 0 2 14 875
75 1 24 -51 597 -2 -5 0 2 7 52 0 457
76 0 63 -13 459 0 0 0 18 1 6 13 1050
76 1 23 -61 510 -3 -2 0 3 3 55 1 458
77 0 67 -28 446 0 0 0 2 1 24 17 1048
77 1 26 -61 573 0 2 0 0 3 63 4 476
78 0 66 -29 459 -3 1 0 3 2 30 10 1047
78 1 26 -61 581 0 0 0 4 6 60 2 474
79 0 60 -23 459 0 0 0 6 0 16 7 1056
79 1 28 -61 527 0 -2 0 0 1 67 0 383
80 0 62 -27 490 -4 2 0 6 1 22 8 1103
80 1 26 -61 528 -2 0 0 1 2 65 1 300
81 0 64 -23 504 0 0 0 4 1 8 15 1226
81 1 22 -61 548 -2 -2 0 2 1 63 1 493
82 0 59 -13 474 0 -6 0 16 1 10 12 981
82 1 20 -57 574 0 -1 0 3 8 55 2 350
83 0 64 -12 497 0 0 0 29 0 2 16 1273
83 1 22 -48 460 7 -3 0 1 5 48 0 276
84 0 70 11 474 0 0 0 51 1 3 9 856
84 1 17 -45 408 1 -6 0 2 1 51 0 186
85 0 70 3 421 0 3 0 38 0 3 10 1029
85 1 17 -51 599 -2 -2 1 4 2 50 3 389
86 0 66 3 457 0 0 0 30 1 2 14 903
86 1 16 -55 480 1 1 0 1 2 49 2 191
87 0 64 -6 391 0 0 0 21 1 0 13 1067
87 1 15 -50 442 0 1 0 0 0 54 1 233
88 0 64 -4 484 -1 -2 0 28 0 3 15 1046
88 1 25 -41 418 11 6 0 3 5 39 2 199
89 0 64 3 470 1 -4 0 33 1 1 10 939
89 1 28 -28 394 7 6 0 1 7 30 0 274
90 0 71 19 460 0 0 0 52 1 2 10 695
90 1 48 16 165 0 0 0 2 4 1 0 70
91 0 64 3 430 0 0 0 32 1 2 15 886
91 1 22 -21 255 0 0 0 1 2 25 0 92
92 0 64 -13 471 0 0 0 24 1 3 12 1272
92 1 17 -29 344 -5 -3 0 2 0 13 1 116
93 0 61 -22 450 0 0 0 12 0 8 5 1165
93 1 19 -45 651 -1 -1 1 3 1 48 3 361
94 0 19 -53 705 0 1 1 4 2 52 5 333
95 0 64 3 384 0 0 0 42 1 1 11 929
95 1 20 -61 528 1 3 0 2 0 67 2 249
96 0 14 -55 589 -3 -4 1 3 0 54 2 315
97 0 69 3 439 0 0 0 42 1 2 13 982
97 1 12 -60 484 -2 -3 1 1 0 30 2 219
98 0 10 -58 454 1 -3 1 4 0 40 6 222
99 0 11 -45 435 0 -1 1 3 2 30 1 160
100 0 62 -12 470 -7 3 0 19 0 6 10 1117
100 1 10 -61 445 -1 -1 1 5 0 41 3 266
101 0 57 -13 447 0 6 0 18 0 8 9 980
101 1 14 -61 509 0 -1 1 3 1 42 1 349
102 0 62 -9 470 2 -7 0 26 0 2 18 1094
102 1 17 -45 439 6 8 0 1 1 44 1 193
103 0 69 18 398 0 0 0 40 0 1 12 613
103 1 45 -6 311 0 0 0 0 4 8 0 261
104 0 67 18 381 2 1 0 37 1 1 10 617
104 1 55 20 196 0 0 0 6 3 2 1 87
105 0 52 9 258 -3 -1 0 6 6 4 0 288
106 0 56 15 245 1 -1 0 5 8 7 1 133
107 0 50 -29 429 0 0 0 1 0 32 7 844
107 1 55 6 286 -4 -1 0 2 5 3 1 205
108 0 46 -39 469 0 0 0 3 1 43 14 797
108 1 64 23 233 0 0 0 10 3 2 0 154
109 0 45 -44 485 -2 1 0 2 1 42 17 922
109 1 76 47 150 0 0 0 8 6 2 0 96
110 0 45 -44 490 -1 -1 0 3 0 40 12 929
110 1 81 51 171 8 6 0 16 1 3 1 147
111 0 48 -29 374 2 -4 0 2 0 26 15 683
111 1 81 51 191 2 0 0 25 4 0 1 130
112 0 69 18 500 0 0 0 28 11 2 0 463
113 0 55 -6 275 0 3 0 0 0 11 6 458
113 1 70 -12 679 -4 -9 0 17 13 9 0 981
114 0 51 -13 298 -4 0 0 0 0 16 11 493
114 1 64 -29 697 0 0 0 8 14 31 1 906
115 0 48 -29 374 0 7 0 1 0 24 7 661
115 1 56 -35 701 -7 -5 0 8 8 41 0 783
116 0 48 -29 311 9 8 0 0 0 33 9 651
116 1 59 -24 792 0 0 0 13 15 23 1 992
117 0 42 -38 398 0 0 0 1 0 38 11 468
117 1 66 2 621 0 0 0 28 13 5 0 954
118 0 39 -40 313 0 0 0 1 0 46 7 414
118 1 66 2 637 0 1 0 24 12 10 0 954
119 0 27 -45 457 -4 5 0 2 0 45 9 504
119 1 66 0 667 -1 0 0 27 15 1 1 892
120 0 28 -45 491 -2 2 0 1 1 50 3 521
120 1 64 -2 656 -3 -2 0 18 9 5 0 904
121 0 23 -44 340 0 0 0 1 1 42 0 148
121 1 59 -13 710 -5 -9 0 23 10 18 0 969
122 0 22 -44 356 -1 -1 0 2 0 41 1 148
122 1 59 -15 725 -1 1 0 20 12 4 3 1015
123 0 22 -44 383 2 -2 0 3 2 47 2 202
124 0 27 -28 278 18 -2 0 0 1 34 3 170
124 1 67 19 672 6 4 0 57 9 6 2 664
125 0 23 -13 178 14 4 0 1 2 20 0 73
125 1 68 2 720 -1 -1 0 51 11 3 2 973
126 0 17 -28 443 -10 9 1 5 0 27 3 251
126 1 71 19 688 4 5 0 57 3 9 3 726
127 0 17 -29 228 -3 2 0 1 1 14 0 160
127 1 79 27 926 2 1 0 60 7 17 2 754
128 0 11 -41 378 0 0 1 5 1 38 1 230
128 1 66 19 626 -6 -8 0 49 9 6 2 631
129 0 16 -45 350 -2 0 0 2 1 30 1 236
129 1 68 19 605 4 5 0 54 16 5 2 679
130 0 18 -61 679 -1 -4 1 5 3 59 2 477
130 1 80 34 784 8 6 0 62 7 10 3 574
131 0 17 -60 658 -1 2 1 7 4 55 2 426
131 1 80 49 576 0 0 0 41 5 2 6 266
132 0 17 -60 623 0 2 1 3 6 52 2 431
132 1 72 27 719 0 0 0 52 11 3 4 545
133 0 67 2 705 -5 -6 0 49 14 4 2 931
134 0 17 -60 598 -3 -2 1 3 5 51 1 396
134 1 66 2 636 -4 -5 0 42 11 3 1 943
135 0 17 -45 533 1 -1 1 3 1 42 1 283
135 1 63 -12 797 -4 -7 0 40 12 8 2 1154
136 0 11 -45 346 4 2 1 4 2 34 1 256
136 1 62 -12 718 -2 -4 0 29 21 11 2 1249
137 0 15 -28 337 4 -2 1 2 4 28 1 163
137 1 59 -12 786 -2 -4 0 26 11 9 3 1031
138 0 17 -39 447 0 0 1 5 3 34 1 281
138 1 59 -12 744 2 3 0 28 14 8 1 1209
139 0 15 -29 262 6 -4 0 1 2 28 0 167
139 1 59 -12 795 -2 -4 0 21 12 10 1 1036
140 0 21 -3 127 0 0 0 2 0 10 2 74
140 1 63 0 705 5 8 0 33 8 3 1 980
141 0 31 2 27 12 -4 0 0 1 4 0 25
141 1 63 7 629 4 4 0 47 9 2 1 843
142 0 46 25 39 0 0 0 0 0 3 1 26
142 1 67 2 640 1 3 0 52 11 2 0 935
143 0 43 22 57 -6 3 0 0 0 3 1 20
143 1 67 11 646 -1 2 0 47 10 4 1 820
144 0 67 15 639 0 -1 0 47 7 5 1 738
145 0 36 52 0 0 0 0 0 0 0 0 0
146 0 56 -21 804 0 0 0 22 8 13 2 1077
147 0 8 -13 45 -11 3 0 0 2 4 0 48
147 1 56 -19 688 -2 -2 0 11 14 5 1 1025
148 0 17 -29 228 0 0 0 1 2 16 1 200
148 1 59 -12 682 2 3 0 25 5 19 2 999
149 0 16 -45 455 0 0 1 3 5 23 1 229
149 1 67 14 795 0 0 0 46 6 6 3 739
150 0 16 -39 422 0 -4 1 4 3 29 1 249
150 1 66 11 750 -1 -2 0 50 13 5 2 770
151 0 19 -29 434 1 -4 1 4 1 25 2 336
152 0 20 -29 410 0 0 1 3 5 15 1 360
152 1 60 -11 707 -7 -12 0 21 16 12 2 1022
153 0 24 4 55 11 -2 0 1 0 5 0 29
153 1 55 -28 774 0 0 0 12 7 15 0 1082
154 0 38 7 84 0 0 0 0 2 6 1 68
154 1 46 -45 630 0 0 0 3 9 37 0 771
155 0 43 4 130 7 -6 0 1 0 9 3 77
155 1 41 -49 666 0 0 0 5 13 49 1 898
156 0 49 7 140 3 -5 0 3 0 15 3 174
156 1 41 -48 671 -1 0 0 7 12 47 4 873
157 0 40 -50 636 -4 -2 0 5 16 40 0 636
158 0 37 -51 630 -2 -2 0 7 14 47 2 627
159 0 83 51 155 0 0 0 21 2 1 3 162
159 1 37 -52 622 1 -4 0 8 9 59 2 594
160 0 69 19 321 0 0 0 12 0 3 8 427
160 1 37 -53 674 0 0 0 4 9 57 2 642
161 0 65 2 347 0 0 0 8 0 8 7 553
161 1 39 -45 665 5 5 0 2 13 40 1 628
162 0 64 -5 250 0 0 0 5 0 11 5 623
162 1 46 -36 687 6 4 0 5 15 14 0 722
163 0 57 -29 275 0 0 0 1 0 35 8 511
164 0 51 -29 375 1 6 0 0 0 50 8 350
164 1 55 -13 573 4 4 0 10 10 8 1 699
165 0 51 -44 411 -9 2 0 1 0 54 6 359
165 1 59 0 541 5 7 0 22 11 6 2 603
166 0 49 -44 418 -5 2 0 0 0 62 3 397
166 1 59 -3 555 -2 1 0 22 14 10 3 801
167 0 43 -45 408 0 0 0 1 1 58 1 179
167 1 59 -12 641 -2 2 0 22 4 13 1 980
168 0 42 -45 407 1 -1 0 1 2 54 3 260
168 1 59 -12 625 0 2 0 23 14 10 0 973
169 0 37 -48 430 -4 2 0 0 3 51 6 330
169 1 59 -14 662 -2 1 0 19 11 9 0 1015
170 0 37 -54 417 -1 1 0 1 0 56 5 358
170 1 56 -28 797 -2 -6 0 16 18 14 1 1209
171 0 33 -54 381 -2 2 0 0 0 50 3 267
171 1 59 -12 663 4 6 0 33 8 11 4 964
172 0 30 -54 396 -2 -1 0 1 0 55 1 255
172 1 62 -12 685 1 3 0 27 20 8 0 1061
173 0 24 -61 840 -2 3 1 7 3 72 1 757
173 1 66 2 656 8 8 0 37 12 11 4 936
174 0 31 -61 413 -2 -1 0 0 1 62 1 188
174 1 63 -12 714 -4 -8 0 35 14 9 0 1158
175 0 25 -61 504 0 0 0 0 1 69 2 600
175 1 59 -14 680 0 0 0 32 4 12 2 1004
176 0 40 -61 502 0 0 0 3 0 66 8 499
177 0 49 -40 713 -4 -2 0 7 21 30 1 916
178 0 47 -44 469 0 0 0 3 0 43 16 946
178 1 46 -45 683 -2 -5 0 8 13 37 3 841
179 0 49 -38 386 1 -5 0 4 0 34 13 963
179 1 44 -60 636 0 -7 0 8 11 40 1 996
180 0 37 -61 599 0 0 0 3 6 66 1 706
181 0 37 -61 592 -1 -2 0 2 8 61 2 692
182 0 37 -61 645 3 2 0 3 5 59 1 714
183 0 49 -44 456 0 0 0 3 0 40 16 991
183 1 30 -52 492 3 -8 0 0 5 55 2 318
184 0 51 -40 426 -1 -1 0 0 0 36 15 949
184 1 25 -53 566 -3 -3 0 4 4 55 2 305
185 0 51 -28 425 0 0 0 3 1 23 6 919
185 1 25 -50 522 0 0 0 1 4 55 2 406
186 0 51 -25 389 0 0 0 3 0 10 10 873
186 1 39 -29 469 0 0 0 8 8 32 2 430
187 0 51 -28 385 0 2 0 6 1 24 11 910
187 1 44 -12 367 12 0 0 4 4 14 1 289
188 0 51 -28 414 0 0 0 2 0 19 7 924
188 1 38 -16 392 -7 -4 0 4 6 25 0 229
189 0 57 -13 433 0 0 0 9 1 3 18 984
189 1 38 -32 465 -8 -1 0 6 4 37 0 356
190 0 59 -13 455 0 -7 0 16 0 5 13 986
190 1 38 -44 596 -7 -1 0 4 8 46 2 586
191 0 59 -28 473 0 0 0 9 0 10 16 1257
191 1 36 -61 580 -1 -5 0 3 6 54 1 701
192 0 56 -28 427 0 0 0 1 0 11 12 1056
192 1 38 -49 638 1 2 0 5 6 50 0 499
193 0 51 -38 441 0 0 0 2 0 33 13 1032
193 1 42 -31 501 3 10 0 8 7 32 2 447
194 0 48 -44 531 0 0 0 4 0 39 18 971
195 0 42 -48 430 0 0 0 2 0 56 12 812
195 1 63 17 400 0 0 0 19 9 7 1 389
196 0 63 14 402 -1 -3 0 18 7 10 0 307
197 0 42 -55 597 -2 2 0 3 2 71 6 700
197 1 66 23 316 7 6 0 23 5 0 0 257
198 0 40 -55 525 0 2 0 2 1 65 9 598
198 1 80 44 217 0 0 0 26 2 0 0 159
199 0 40 -56 520 -2 0 0 3 0 66 10 519
199 1 81 51 154 5 2 0 19 0 0 2 107
200 0 38 -60 509 -3 2 0 2 0 66 7 395
200 1 70 32 400 -9 -8 0 30 3 9 3 315
201 0 35 -60 438 0 4 0 1 2 61 2 330
201 1 61 2 629 0 0 0 20 10 11 2 551
202 0 36 -61 452 0 -2 0 2 0 64 5 289
202 1 58 -13 603 -4 -3 0 25 3 15 2 709
203 0 38 -61 524 -1 -1 0 0 1 69 4 443
204 0 33 -60 427 0 1 0 1 0 64 1 321
204 1 53 -2 492 2 6 0 13 7 18 2 443
205 0 37 -61 441 -1 -3 0 1 0 61 9 379
205 1 62 27 260 0 0 0 16 5 4 0 151
206 0 38 -61 465 0 -5 0 1 0 64 7 572
206 1 67 35 213 3 4 0 15 2 0 1 126
207 0 40 -54 530 2 -3 0 0 2 63 8 692
207 1 59 16 373 -9 -8 0 19 4 10 1 251
208 0 47 -40 416 0 0 0 2 0 38 9 1071
209 0 46 -13 418 -3 -5 0 2 8 15 0 300
210 0 57 -22 431 2 -7 0 15 1 6 9 1159
210 1 38 -45 470 0 -15 0 5 9 31 1 410
211 0 37 -45 489 -2 -2 0 1 4 45 0 482
212 0 51 -38 454 0 0 0 1 0 27 11 1041
212 1 30 -51 572 -7 -2 0 3 9 55 3 424
213 0 49 -40 366 0 0 0 1 1 23 16 999
213 1 31 -49 514 -2 -1 0 1 8 52 1 345
214 0 46 -44 448 -1 3 0 0 1 45 13 843
214 1 27 -49 521 -2 -2 0 2 6 54 0 370
215 0 44 -44 433 0 2 0 1 1 42 14 902
215 1 28 -48 478 1 -3 0 2 5 46 0 262
216 0 49 -45 447 0 0 0 3 0 26 12 1219
216 1 23 -45 553 -4 -2 0 3 3 49 1 472
217 0 56 -29 430 0 0 0 3 1 12 7 1129
217 1 31 -31 367 15 2 0 0 6 33 0 157
218 0 57 -22 450 0 -5 0 6 0 5 16 1163
218 1 37 -26 357 7 4 0 2 8 26 0 216
219 0 46 -20 505 0 0 0 4 12 25 1 567
220 0 51 -22 338 0 0 0 3 1 25 8 831
220 1 49 -13 475 1 4 0 7 12 11 0 490
221 0 49 -32 341 0 0 0 1 1 26 16 726
221 1 56 3 406 6 7 0 7 10 8 1 352
222 0 46 -38 413 -3 2 0 1 1 42 11 667
222 1 59 2 421 4 3 0 17 6 11 0 538
223 0 42 -45 460 5 7 0 2 0 50 13 575
223 1 66 23 329 8 8 0 24 6 3 1 266
224 0 42 -45 451 -1 1 0 0 0 51 12 577
224 1 69 38 252 5 4 0 16 2 4 0 158
225 0 48 -12 230 0 0 0 3 0 12 9 451
225 1 80 51 237 7 4 0 25 3 3 0 137
226 0 57 3 204 5 -7 0 6 0 8 3 382
226 1 69 45 87 6 6 0 4 0 1 1 54
227 0 62 8 288 6 -8 0 10 0 4 5 464
228 0 62 2 312 -3 0 0 1 2 2 11 536
228 1 48 -32 535 -8 -4 0 4 19 25 1 581
229 0 50 -13 270 0 0 0 2 1 25 8 458
229 1 44 -44 608 -8 -2 0 3 9 51 3 654
230 0 47 -29 291 1 8 0 1 0 27 7 691
230 1 37 -47 595 0 0 0 3 5 46 0 492
231 0 46 -29 336 -4 0 0 1 0 33 11 483
231 1 37 -48 533 -2 0 0 1 8 48 1 449
232 0 46 -23 332 1 -3 0 1 0 31 9 529
232 1 31 -61 504 0 -2 0 2 5 54 1 652
233 0 57 3 241 0 0 0 2 0 13 4 380
233 1 32 -50 527 2 2 0 2 12 50 0 565
234 0 69 25 215 0 0 0 13 0 1 8 293
234 1 39 -44 637 5 4 0 3 11 42 1 551
235 0 49 -28 550 0 0 0 5 17 15 2 709
236 0 60 -12 408 -6 0 0 1 0 14 9 726
236 1 51 -16 508 2 4 0 6 10 15 0 557
237 0 56 -24 328 0 0 0 2 0 22 7 887
237 1 48 -13 427 3 -11 0 3 8 18 0 371
238 0 51 -38 506 -7 5 0 3 0 39 12 1053
238 1 15 -2 202 0 3 1 0 1 6 4 61
238 2 39 -34 489 0 0 0 4 7 42 1 362
239 0 48 -44 532 -1 1 0 2 0 50 12 1097
239 1 16 -7 213 -1 0 1 2 1 4 3 78
239 2 31 -49 495 0 0 0 0 4 48 0 272
240 0 52 -39 563 1 -4 0 5 2 39 13 1117
240 1 28 -61 571 -5 0 0 1 5 59 3 436
241 0 51 -39 575 1 0 0 5 3 40 14 1156
241 1 24 -61 713 -2 -2 0 2 8 60 5 597
242 0 57 -28 407 0 0 0 7 0 10 15 1115
242 1 23 -77 651 -2 -1 0 3 2 63 1 715
243 0 59 -22 444 2 -6 0 7 0 7 16 1160
243 1 22 -61 538 -2 -4 0 4 3 63 1 489
244 0 63 -9 464 0 0 0 29 0 2 9 1100
244 1 15 0 109 -1 1 1 0 0 1 1 26
244 2 18 -61 681 -4 -3 0 1 4 61 1 323
245 0 63 -4 487 1 -5 0 33 0 2 13 1072
245 1 19 -58 724 -1 -2 1 0 3 37 2 348
246 0 63 -13 480 0 -2 0 33 0 1 11 1299
246 1 18 -61 675 -1 0 1 4 1 72 3 388
247 0 63 3 461 1 0 0 29 0 2 15 890
247 1 16 -55 576 1 -2 0 1 1 53 1 294
248 0 70 13 384 0 0 0 44 0 2 10 824
248 1 18 -47 500 4 1 0 2 2 40 1 179
249 0 74 25 366 7 -9 0 49 0 0 6 591
249 1 26 -29 354 10 7 0 5 2 26 0 201
250 0 77 35 360 1 -5 0 58 0 0 8 428
250 1 25 -21 299 -3 -3 0 2 5 24 2 135
251 0 73 34 385 4 -4 0 49 1 3 6 500
251 1 27 -29 385 -2 0 0 1 4 37 0 140
252 0 77 35 374 -2 5 0 60 0 0 5 537
252 1 24 -45 869 -2 -1 1 5 5 49 0 568
253 0 70 9 427 0 0 0 45 0 2 10 903
253 1 22 -60 525 -4 -2 0 2 2 61 1 294
254 0 62 -13 448 0 0 0 9 0 3 9 1099
254 1 22 -56 659 1 2 0 2 4 61 2 539
255 0 52 -38 503 0 0 0 2 1 34 9 1102
255 1 35 -61 631 9 7 0 2 6 55 2 565
256 0 48 -40 485 0 0 0 3 1 36 12 1096
256 1 44 -45 608 10 10 0 7 14 35 3 621
257 0 47 -44 346 0 0 0 2 0 47 4 849
257 1 49 -33 646 0 0 0 8 7 31 2 816
258 0 46 -44 413 -2 1 0 1 0 48 15 633
258 1 53 -29 662 4 6 0 10 14 13 1 907
259 0 59 -12 643 8 8 0 22 10 15 3 970
260 0 42 -45 423 -1 -1 0 3 0 51 6 580
260 1 56 -19 676 -3 -4 0 17 9 10 1 1051
261 0 59 -12 694 5 6 0 26 14 6 1 1003
262 0 42 -45 374 -5 1 0 1 0 50 8 565
262 1 55 -28 745 0 0 0 21 9 14 0 1251
263 0 41 -51 520 -5 2 0 1 1 53 11 536
263 1 55 -28 689 0 -1 0 12 14 13 0 1256
264 0 38 -55 447 -2 -3 0 0 0 56 13 662
264 1 56 -19 763 4 4 0 29 14 4 3 1038
265 0 42 -55 602 0 -2 0 2 2 59 10 617
265 1 63 6 731 0 0 0 36 7 9 2 826
266 0 42 -50 464 3 -6 0 1 2 52 13 620
266 1 75 35 639 0 0 0 52 6 11 5 420
267 0 79 34 570 1 0 0 40 7 7 4 422
268 0 57 -23 421 4 -8 0 8 0 11 10 1059
268 1 64 -1 638 0 0 0 19 9 10 2 584
269 0 57 -12 389 2 -5 0 11 0 8 9 929
270 0 49 -44 634 0 0 0 2 4 62 0 436
271 0 57 -23 458 -3 1 0 7 0 11 7 1063
271 1 48 -48 596 -9 -2 0 2 7 63 2 356
272 0 57 -23 451 0 0 0 7 0 7 9 1065
272 1 40 -53 609 -6 -5 0 2 5 71 2 307
273 0 57 -29 447 0 1 0 9 2 13 11 1149
273 1 26 -61 1051 -5 -6 1 4 4 69 2 929
274 0 26 -61 605 -1 -1 0 3 0 74 0 469
275 0 25 -61 602 -1 -4 0 5 2 67 2 512
276 0 57 -23 444 -3 5 0 9 0 10 12 1091
276 1 23 -61 654 -2 -2 0 1 2 60 6 300
277 0 59 -13 461 0 -7 0 18 0 10 10 982
277 1 20 -61 564 0 -2 0 3 4 62 1 250
278 0 11 0 87 0 1 1 2 0 1 0 21
278 1 19 -59 552 -2 -2 0 1 2 61 1 247
279 0 59 -13 396 -1 -1 0 12 0 3 13 992
279 1 18 -58 551 1 -1 0 3 1 55 1 236
280 0 59 -17 458 0 1 0 15 0 7 9 1057
280 1 21 -45 505 6 4 0 1 2 49 1 235
281 0 57 -23 421 0 5 0 7 0 10 11 1060
281 1 26 -31 388 4 2 0 3 4 37 1 189
282 0 57 -14 474 -1 -7 0 12 0 2 9 992
282 1 30 -12 221 0 0 0 2 2 20 0 84
283 0 59 -13 474 0 -2 0 15 2 5 11 987
283 1 29 -12 244 -3 0 0 2 1 25 0 116
284 0 57 -23 459 0 0 0 11 2 12 4 1059
284 1 23 -20 353 -7 -4 0 3 1 24 1 139
285 0 57 -28 455 0 0 0 5 0 13 8 1195
285 1 26 -23 327 -1 1 0 2 3 27 0 129
286 0 57 -22 459 0 -5 0 12 1 2 11 1164
286 1 28 -21 300 2 2 0 4 3 26 0 121
287 0 63 -4 476 0 0 0 31 0 4 12 1045
287 1 39 3 182 0 0 0 0 1 11 0 58
288 0 63 -6 409 0 0 0 23 0 1 11 1096
288 1 44 14 126 13 0 0 1 1 3 0 45
289 0 59 -13 447 0 0 0 9 1 4 6 970
289 1 35 0 171 -14 -4 0 1 3 10 1 55
290 0 33 -7 287 -5 -2 0 1 4 20 2 117
291 0 51 -38 398 -3 4 0 3 0 24 13 1013
291 1 35 -18 299 -7 4 0 1 7 27 0 141
292 0 57 -11 400 0 0 0 10 0 7 9 842
292 1 48 3 299 0 0 0 2 5 8 0 189
293 0 61 2 318 1 -5 0 16 0 1 8 635
294 0 66 22 227 4 -9 0 17 0 1 5 313
294 1 59 13 279 6 8 0 9 3 6 0 220
295 0 64 18 236 -1 2 0 17 0 0 2 333
295 1 61 3 361 -1 3 0 12 9 6 0 369
296 0 57 3 257 0 0 0 3 0 10 6 338
296 1 59 7 443 -2 0 0 12 8 12 0 388
297 0 46 -17 316 0 0 0 2 1 22 10 370
297 1 70 34 293 0 0 0 23 6 3 1 198
298 0 41 -29 346 -1 6 0 1 0 37 9 433
298 1 80 47 294 7 6 0 24 3 1 0 179
299 0 42 -29 370 2 3 0 1 1 40 7 463
299 1 80 47 416 1 1 0 36 5 2 1 236
300 0 42 -28 323 8 1 0 1 0 36 7 404
300 1 80 34 622 0 -1 0 51 3 12 0 494
301 0 43 0 156 0 0 0 2 1 17 1 267
301 1 71 19 626 0 0 0 42 19 5 3 653
302 0 67 39 95 0 0 0 4 0 1 3 48
302 1 62 -7 646 0 0 0 28 8 8 0 880
303 0 19 0 175 -1 -1 0 2 0 1 1 77
303 1 56 -16 582 0 0 0 13 11 7 0 837
304 0 83 83 64 15 -3 0 5 0 4 0 87
304 1 56 -7 558 0 0 0 5 6 9 0 630
305 0 83 83 58 -2 0 0 4 1 4 0 47
305 1 20 0 182 -1 -1 1 3 0 1 3 103
306 0 21 0 217 0 0 1 4 0 1 1 115
306 1 48 -29 552 5 -11 0 0 13 22 0 658
307 0 63 19 192 0 0 0 11 0 3 3 271
307 1 40 -44 578 2 -12 0 5 6 53 1 559
308 0 62 12 272 -4 0 0 6 0 4 6 326
308 1 16 -2 106 -1 -1 0 0 1 2 0 45
308 2 22 0 212 -1 0 1 7 0 1 1 112
308 3 40 -47 601 -1 -2 0 4 14 45 2 575
309 0 63 19 123 0 0 0 5 1 4 2 244
309 1 16 -2 108 -1 -1 0 0 2 1 0 45
309 2 21 0 187 0 -1 1 5 0 0 0 105
309 3 39 -44 550 6 -2 0 3 5 44 1 555
310 0 51 2 206 0 0 0 1 0 13 2 272
310 1 15 -2 95 0 -1 0 0 2 0 0 46
310 2 21 0 183 0 -1 1 5 0 0 0 105
310 3 40 -31 516 7 2 0 3 14 27 0 514
311 0 49 -7 238 -5 3 0 1 1 20 6 294
311 1 27 0 428 0 -1 1 3 0 6 1 188
311 2 44 -36 543 -2 2 0 7 18 35 2 708
312 0 45 -9 249 -6 2 0 1 0 17 6 284
312 1 27 -2 416 -1 -1 1 6 1 5 2 184
312 2 44 -45 588 -4 1 0 5 12 37 1 825
313 0 27 0 414 0 -1 1 4 1 7 0 186
313 1 43 -45 646 0 0 0 3 12 41 1 863
314 0 34 -29 336 -6 4 0 1 0 36 4 307
314 1 28 -1 392 0 -1 1 3 0 3 3 211
314 2 43 -60 626 -3 1 0 14 13 37 0 970
315 0 36 -29 1094 -1 -1 1 4 2 36 9 819
315 1 42 -60 634 -1 -2 0 4 7 48 1 1021
316 0 36 -22 228 3 1 0 0 0 26 3 205
316 1 27 -2 423 -1 -1 1 7 3 2 2 184
316 2 43 -44 646 2 3 0 7 10 24 0 817
317 0 35 -13 987 0 -2 1 6 0 33 4 587
317 1 44 -45 651 0 4 0 12 9 35 1 903
318 0 27 -2 417 -1 -1 1 4 3 5 4 182
318 1 51 -28 679 10 10 0 9 7 20 1 1083
319 0 69 43 82 2 -2 0 6 0 0 2 40
319 1 48 -40 649 0 0 0 3 17 18 2 935
320 0 69 34 104 -3 0 0 6 1 1 2 150
320 1 26 0 414 0 0 1 2 2 1 2 191
320 2 44 -45 748 0 -7 0 4 10 40 0 826
321 0 77 50 89 0 0 0 11 1 0 0 72
321 1 27 0 414 0 -1 1 3 2 5 1 187
321 2 40 -50 643 -4 -6 0 2 16 43 0 759
322 0 92 57 155 10 -2 0 23 0 4 0 204
322 1 27 0 415 0 -1 1 3 2 5 1 187
322 2 39 -60 601 2 -6 0 2 6 52 0 1044
323 0 83 91 169 10 0 0 28 3 5 0 204
323 1 28 0 421 0 0 1 3 4 2 1 199
323 2 36 -44 556 4 -5 0 6 11 41 1 496
324 0 27 -1 415 -1 0 1 7 5 5 2 179
324 1 32 -45 460 8 -6 0 2 8 42 0 390
325 0 68 19 321 0 0 0 27 1 1 9 455
325 1 35 -32 445 4 1 0 4 4 35 0 347
326 0 60 -12 328 0 0 0 6 0 15 5 754
326 1 28 0 422 0 0 1 6 1 5 2 206
326 2 36 -45 517 -4 0 0 4 7 40 2 479
327 0 51 -29 343 0 0 0 4 0 27 8 811
327 1 27 -1 298 0 0 0 2 1 7 0 144
327 2 21 0 200 -1 0 1 7 0 3 1 99
327 3 44 -17 463 0 0 0 3 8 15 0 364
328 0 45 -29 508 -6 4 0 3 0 44 7 796
328 1 24 0 194 0 -1 0 1 2 3 0 90
328 2 21 0 201 -1 0 1 7 0 1 2 100
328 3 56 10 325 0 0 0 10 4 3 1 237
329 0 35 -38 875 -10 7 0 1 2 49 12 824
329 1 21 0 202 -1 0 1 6 0 2 2 100
329 2 59 3 390 0 3 0 10 5 7 0 374
330 0 35 -39 859 -3 2 0 3 1 56 8 783
330 1 21 0 201 -1 0 1 7 0 1 2 100
330 2 59 3 412 0 2 0 13 5 8 0 414
331 0 31 -45 750 -3 3 0 1 6 51 7 923
331 1 21 0 204 -1 0 1 6 0 2 2 100
331 2 52 -18 526 -5 -14 0 8 3 18 0 609
332 0 30 -45 681 -4 3 0 1 1 52 4 608
332 1 21 0 203 -1 0 1 6 0 2 1 101
332 2 49 -29 538 -6 -3 0 4 14 21 1 640
333 0 27 -45 613 -3 0 0 2 2 47 8 536
333 1 21 0 210 -1 0 1 7 0 1 3 99
333 2 49 -35 612 -3 -1 0 9 7 39 0 833
334 0 34 -45 1068 0 0 1 6 0 57 9 972
334 1 47 -39 652 -4 -1 0 4 9 28 0 947
335 0 30 -61 926 0 4 1 9 0 63 5 1183
335 1 46 -45 653 -2 -1 0 5 10 32 0 1019
336 0 24 -61 657 -2 0 0 1 3 58 3 607
336 1 21 0 233 -1 0 1 3 0 0 4 103
336 2 44 -45 629 -1 -4 0 7 5 40 1 827
337 0 23 -55 613 -2 2 0 3 2 59 2 324
337 1 19 0 172 -1 -1 1 3 0 0 3 84
337 2 47 -45 695 0 5 0 6 12 25 1 1145
338 0 24 -44 562 -4 4 0 4 2 51 0 249
338 1 21 0 242 -1 -1 1 2 0 2 0 106
338 2 52 -28 716 0 0 0 9 8 16 0 1087
339 0 21 -55 553 -2 2 0 0 1 52 3 362
339 1 20 0 200 0 0 1 2 0 1 2 105
339 2 54 -28 863 1 1 0 17 12 17 1 1213
340 0 19 -61 571 1 -2 0 1 2 61 2 374
340 1 19 0 169 0 1 1 3 0 0 1 96
340 2 52 -32 712 -2 -3 0 11 10 16 2 1071
341 0 27 -61 446 -2 -5 0 1 0 65 3 136
341 1 19 -1 185 0 0 1 0 0 0 2 88
342 0 25 -61 463 3 -1 0 0 4 61 3 394
342 1 45 -45 690 -2 -7 0 9 12 27 2 934
343 0 31 -61 499 0 -3 0 1 0 73 1 277
343 1 49 -52 749 2 4 0 8 5 34 3 1284
344 0 30 -61 496 0 -1 0 1 2 69 4 397
344 1 56 -17 724 0 0 0 15 12 12 1 1262
345 0 37 -61 447 3 -4 0 1 1 67 5 376
345 1 59 -12 675 3 7 0 34 12 11 1 962
346 0 54 -28 770 0 0 0 20 13 13 3 1211
347 0 49 -38 459 0 0 0 2 0 24 13 1053
347 1 47 -45 779 0 0 0 4 14 34 0 1137
348 0 51 -28 357 1 -5 0 2 0 17 6 990
348 1 46 -45 703 -1 -6 0 10 5 42 1 803
349 0 51 -28 461 -1 0 0 3 0 10 12 961
349 1 36 -61 625 0 0 0 9 6 50 2 698
350 0 16 0 190 0 0 1 3 1 2 2 48
350 1 37 -61 608 -3 0 0 3 9 63 1 689
351 0 49 -45 420 -3 4 0 1 0 31 13 1215
351 1 32 -61 543 -1 -2 0 2 4 66 1 431
352 0 49 -38 460 -1 -4 0 4 1 26 10 1129
352 1 32 -61 537 1 -4 0 1 2 65 1 309
353 0 51 -25 403 0 0 0 8 0 13 6 997
353 1 26 -61 585 -2 -2 0 1 6 58 5 476
354 0 59 -9 393 0 0 0 19 0 1 11 921
354 1 21 -61 637 -5 -4 0 2 5 63 2 568
355 0 63 3 434 5 -9 0 37 0 2 11 886
355 1 20 -61 588 -3 -2 0 2 2 39 5 272
356 0 20 -61 568 0 -1 0 3 2 57 1 257
357 0 63 -7 428 -4 2 0 24 1 1 15 945
357 1 18 -59 531 -2 -3 0 1 1 63 0 194
358 0 59 -12 459 0 0 0 11 0 5 15 929
358 1 20 -61 568 1 2 0 3 2 59 2 254
359 0 60 -13 407 7 7 0 7 0 2 6 915
359 1 37 -47 551 0 0 0 2 8 55 1 542
360 0 61 2 315 -1 -6 0 13 0 2 9 548
360 1 39 -40 601 4 4 0 4 10 25 0 486
361 0 75 50 127 0 0 0 12 0 2 3 79
362 0 81 50 90 6 -5 0 13 0 1 2 88
362 1 55 -5 453 4 2 0 9 8 14 1 448
363 0 83 79 89 10 -2 0 11 2 1 2 56
363 1 52 -18 530 -4 -3 0 9 13 18 0 770
364 0 83 81 82 2 0 0 12 0 2 1 69
364 1 50 -29 524 -4 -3 0 6 10 26 0 638
365 0 63 19 232 0 0 0 7 0 3 4 274
365 1 48 -37 643 -8 0 0 2 11 31 1 769
366 0 58 3 256 -8 2 0 2 0 7 4 302
366 1 46 -45 646 -2 -3 0 7 9 32 1 812
367 0 51 -12 223 0 0 0 1 0 23 5 439
367 1 46 -44 648 1 0 0 10 17 25 0 891
368 0 48 -12 309 -6 1 0 2 0 29 6 413
368 1 46 -39 661 1 1 0 7 16 31 2 932
369 0 56 -13 578 0 0 0 13 13 12 0 716
370 0 59 -5 625 4 5 0 26 10 12 1 783
371 0 41 -45 335 10 5 0 0 0 51 6 567
371 1 63 2 644 3 5 0 29 13 9 0 813
372 0 37 -45 341 -2 1 0 1 0 44 8 280
372 1 63 2 659 2 3 0 32 13 9 0 834
373 0 26 -45 329 0 0 0 1 1 41 5 216
373 1 66 2 586 8 7 0 50 13 4 1 932
374 0 24 -45 417 1 -2 0 1 0 50 0 411
374 1 66 2 634 -6 -4 0 45 15 5 0 935
375 0 27 -45 385 -1 -3 0 2 0 48 7 385
375 1 66 2 636 0 0 0 50 11 7 1 931
376 0 30 -47 386 -8 -2 0 0 1 49 8 292
376 1 64 2 630 -2 -1 0 38 14 7 1 900
377 0 37 -54 417 0 -4 0 0 1 61 7 351
377 1 59 -12 670 0 0 0 34 12 7 5 962
378 0 40 -61 521 1 -4 0 2 1 57 11 841
378 1 54 -22 721 0 0 0 13 9 20 3 846
379 0 40 -55 503 2 0 0 3 2 53 14 738
379 1 53 -17 612 0 0 0 10 13 15 1 771
380 0 37 -45 0 0 0 0 0 0 0 0 0
380 1 40 43 0 0 0 0 0 0 0 0 0
381 0 57 -12 360 0 0 0 12 0 0 11 934
381 1 44 -29 464 0 0 0 11 9 24 1 659
382 0 59 -13 402 1 -5 0 21 0 2 10 1017
382 1 48 -7 365 0 0 0 0 14 7 2 322
383 0 56 -23 423 0 0 0 5 0 9 13 1029
383 1 39 -16 370 0 0 0 3 3 21 0 237
384 0 51 -28 389 0 0 0 3 0 25 10 948
384 1 38 -26 412 -5 -2 0 3 3 24 0 278
385 0 30 -45 467 -16 -3 0 3 4 47 0 286
386 0 51 -38 457 -2 -2 0 1 1 26 16 1009
386 1 30 -47 492 -1 -1 0 1 7 45 0 437
387 0 51 -28 410 -1 -5 0 3 0 19 13 951
387 1 31 -52 514 -5 -3 0 1 6 51 0 284
388 0 59 -12 442 0 0 0 22 0 1 10 1137
388 1 25 -52 521 3 -6 0 1 4 57 0 419
389 0 21 -50 585 0 -2 0 5 2 55 2 391
390 0 52 -28 432 -3 2 0 7 0 15 10 954
390 1 23 -50 499 0 -2 0 1 4 54 0 291
391 0 49 -45 459 0 0 0 4 0 35 10 1211
391 1 22 -51 617 -1 1 0 0 9 48 2 409
392 0 49 -38 435 1 -1 0 1 1 26 15 1010
392 1 28 -49 452 -1 4 0 1 2 48 0 194
393 0 49 -38 464 -1 -5 0 3 0 30 9 1089
393 1 23 -49 622 -1 0 0 2 1 56 2 499
394 0 52 -26 444 0 0 0 6 0 9 18 1056
394 1 25 -45 476 3 -2 0 1 2 49 1 277
395 0 57 -23 466 1 -6 0 9 0 9 7 1097
395 1 17 -50 462 -9 -6 0 2 4 48 1 201
396 0 59 -13 460 0 -7 0 15 1 5 11 988
396 1 17 -58 504 -4 0 0 2 5 53 2 226
397 0 57 -23 462 0 6 0 6 0 10 12 1094
397 1 17 -77 507 -2 -2 0 3 1 59 3 210
398 0 57 -22 425 0 0 0 10 0 6 17 1157
398 1 17 -77 520 -2 0 0 2 1 61 1 211
399 0 17 -58 529 -1 0 0 2 1 59 1 153
399 1 45 25 161 0 0 0 3 0 5 1 47
400 0 62 -9 479 3 -7 0 16 0 3 11 990
400 1 25 -53 547 7 8 0 3 7 56 2 413
401 0 60 -13 444 1 3 0 12 2 1 16 989
401 1 36 -77 586 0 0 0 5 5 53 2 907
402 0 65 3 411 2 -2 0 21 0 4 5 745
402 1 44 -25 507 0 0 0 4 8 29 2 467
403 0 57 -12 364 0 0 0 4 1 5 10 676
403 1 47 -18 427 1 2 0 3 14 13 1 374
404 0 48 -15 465 1 1 0 3 14 20 1 448
405 0 50 -22 365 -7 2 0 1 0 26 10 614
405 1 48 -11 405 2 0 0 6 12 17 0 365
406 0 43 -29 355 0 0 0 1 0 30 12 725
406 1 49 -2 416 7 2 0 5 5 13 1 417
407 0 43 -39 360 0 0 0 1 1 38 10 542
407 1 59 16 345 6 8 0 13 9 5 1 242
408 0 63 22 376 6 7 0 23 6 4 1 316
409 0 37 -28 359 2 4 0 0 0 37 11 416
409 1 79 34 417 0 0 0 32 4 10 2 368
410 0 80 53 352 0 0 0 34 5 0 2 155
411 0 43 -13 231 0 4 0 0 0 26 8 158
411 1 80 35 730 -7 -7 0 46 13 12 6 515
412 0 37 -29 320 -6 -1 0 2 0 36 7 216
412 1 66 11 710 0 0 0 45 7 5 1 782
413 0 36 -32 314 -7 2 0 1 1 35 6 197
413 1 66 2 617 -4 -3 0 39 11 2 0 798
414 0 35 -61 420 -7 2 0 0 0 56 6 378
414 1 63 2 694 0 1 0 39 7 6 0 932
415 0 30 -61 396 4 1 0 0 1 58 5 356
416 0 30 -60 394 6 4 0 0 0 60 1 359
416 1 62 2 680 3 5 0 32 8 9 0 894
417 0 22 -61 431 8 5 0 2 3 62 2 171
417 1 69 28 646 0 0 0 61 8 9 3 521
418 0 23 -61 425 1 2 0 1 0 51 2 186
418 1 69 28 617 0 1 0 66 2 9 6 519
419 0 20 -61 461 -1 2 0 2 0 68 2 240
419 1 70 27 737 0 -1 0 63 9 11 6 541
420 0 21 -61 471 0 0 0 2 2 69 1 246
420 1 77 29 819 1 0 0 65 11 18 6 656
421 0 18 -61 685 0 2 1 5 1 67 1 550
421 1 80 41 764 6 5 0 52 10 7 3 474
422 0 16 -61 577 -2 2 1 2 4 62 1 425
422 1 80 45 731 0 1 0 51 7 6 3 395
423 0 15 -61 569 1 2 1 5 7 55 1 464
424 0 20 -77 687 0 4 1 7 2 53 0 812
424 1 73 34 683 0 0 0 56 6 1 6 423
425 0 20 -77 694 0 0 1 7 2 56 1 578
425 1 70 28 666 -6 -5 0 64 9 7 0 522
426 0 19 -58 637 1 4 1 6 14 30 1 381
426 1 70 24 674 -2 -3 0 57 14 9 5 587
427 0 23 -61 466 0 0 0 1 2 63 2 260
427 1 79 32 875 5 4 0 56 8 5 3 642
428 0 21 -61 436 0 1 0 2 5 49 2 222
428 1 70 18 716 -9 -8 0 58 5 10 1 705
429 0 21 -61 448 0 0 0 2 4 54 1 219
429 1 67 16 654 -1 -2 0 54 11 8 2 723
430 0 21 -61 463 -2 0 0 1 3 61 0 255
430 1 62 -13 707 0 0 0 32 7 8 1 1099
431 0 21 -61 426 4 0 0 4 2 50 2 262
431 1 63 2 672 1 2 0 29 6 7 0 942
432 0 21 -61 458 1 -1 0 2 0 58 0 260
432 1 62 -12 744 -2 -4 0 32 9 12 2 1289
433 0 63 2 708 7 7 0 40 10 5 3 926
434 0 20 -60 719 0 2 1 5 8 64 1 442
434 1 66 2 689 4 2 0 52 10 4 0 934
435 0 20 -60 729 0 2 1 5 7 56 1 451
435 1 77 34 692 0 0 0 57 9 6 5 497
436 0 20 -61 728 0 0 1 5 6 61 1 567
436 1 81 35 712 4 2 0 60 2 6 5 583
437 0 20 -61 721 -1 0 1 5 4 60 2 529
437 1 80 51 531 4 4 0 38 5 4 2 238
438 0 18 -60 675 -1 2 1 5 4 59 2 437
439 0 17 -61 621 -1 1 1 5 5 56 0 542
439 1 81 53 590 -2 -2 0 54 3 2 6 229
440 0 18 -53 598 1 -2 1 5 2 53 0 500
440 1 82 53 577 0 -1 0 56 4 3 1 223
441 0 19 -38 301 -4 0 0 2 2 31 0 189
441 1 82 51 558 0 -1 0 57 3 3 4 253
442 0 18 -42 364 -3 2 0 1 2 43 0 244
442 1 82 52 551 0 -1 0 54 3 3 4 216
443 0 13 -44 423 -2 5 1 4 4 37 1 234
443 1 87 51 620 4 2 0 54 2 9 7 379
444 0 16 -45 477 -2 0 1 2 3 39 1 285
444 1 84 82 512 0 0 0 37 2 2 6 169
445 0 17 -44 504 2 -5 1 6 3 38 0 433
445 1 83 90 547 6 4 0 54 0 6 1 324
446 0 23 -12 192 0 0 0 1 0 23 0 163
446 1 89 99 518 2 -2 0 44 0 9 9 358
448 0 45 19 52 2 -5 0 1 0 3 1 27
448 1 70 19 675 4 5 0 53 10 7 2 688
449 0 46 -12 258 0 0 0 1 0 25 6 318
449 1 62 -12 711 0 0 0 35 6 6 2 974
450 0 49 -13 222 9 -3 0 0 0 16 9 261
450 1 59 -12 611 -5 -6 0 19 10 13 2 976
451 0 66 34 62 0 0 0 2 1 0 3 138
451 1 64 17 522 0 0 0 28 11 5 0 432
452 0 68 29 392 5 5 0 25 7 7 0 285
453 0 89 61 92 11 -6 0 17 0 0 1 54
453 1 81 51 161 0 0 0 17 1 3 2 145
454 0 78 79 128 0 -1 0 17 0 3 1 105
454 1 80 43 164 0 0 0 11 4 3 2 208
455 0 71 18 308 0 0 0 28 0 0 7 573
455 1 58 -2 534 0 0 0 15 11 5 1 496
456 0 69 18 345 -2 -1 0 29 1 1 8 537
456 1 54 -12 509 -6 -6 0 12 6 17 2 579
457 0 50 -2 416 7 -11 0 10 8 11 0 391
458 0 95 99 206 0 0 0 26 2 6 2 132
458 1 63 35 153 0 0 0 9 2 1 0 86
459 0 95 105 199 3 1 0 25 4 2 0 200
459 1 69 43 107 4 4 0 10 1 0 0 49
460 0 79 88 0 0 0 0 0 0 0 0 0
461 0 78 83 306 -7 -1 0 58 1 5 1 331
462 0 79 39 350 0 0 0 53 0 2 5 384
462 1 45 -19 384 0 0 0 5 6 17 0 242
463 0 75 19 404 0 0 0 55 0 2 6 735
464 0 72 3 414 0 0 0 35 0 4 10 987
464 1 39 -44 540 -10 -2 0 4 9 45 1 549
465 0 74 19 354 4 -6 0 51 0 1 7 681
465 1 39 -34 506 5 0 0 7 11 35 0 459
466 0 81 41 277 0 0 0 53 0 1 7 420
466 1 33 -29 350 0 -8 0 2 3 33 0 178
467 0 26 -28 424 -5 -5 0 2 5 30 1 212
468 0 85 83 326 5 -1 0 60 2 4 1 185
468 1 17 -45 387 -10 -7 0 2 0 41 0 197
469 0 86 83 319 2 -1 0 55 3 3 0 155
469 1 17 -36 382 -1 0 0 3 0 39 3 163
470 0 80 43 344 0 0 0 66 0 0 2 394
470 1 17 -45 377 -4 -3 0 3 3 39 1 134
471 0 74 21 386 0 0 0 51 0 1 11 659
471 1 29 -33 423 0 0 0 0 3 32 0 189
472 0 41 50 0 0 0 0 0 0 0 0 0
472 1 25 35 0 0 0 0 0 0 0 0 0
473 0 57 -23 484 0 0 0 6 1 6 12 1130
473 1 81 55 132 0 0 0 11 1 2 0 46
474 0 41 46 0 0 0 0 0 0 0 0 0
475 0 81 44 312 0 0 0 56 1 1 7 342
475 1 46 3 326 0 0 0 8 2 15 0 213
476 0 31 -20 299 0 0 0 1 3 26 1 167
477 0 82 98 353 8 -1 0 49 7 8 2 510
477 1 22 -45 513 -9 -7 0 1 3 44 1 281
478 0 83 92 373 -6 1 0 61 3 9 0 395
478 1 17 -58 460 -12 -7 0 3 2 57 1 153
479 0 17 -53 494 0 -1 0 2 3 55 2 142
480 0 16 -45 454 -1 0 0 2 1 47 0 182
481 0 55 54 0 0 0 0 0 0 0 0 0
481 1 15 -45 358 1 -1 0 1 2 45 1 183
482 0 26 -32 371 0 0 0 1 5 28 1 121
483 0 51 -28 352 0 0 0 3 0 22 12 915
484 0 51 -39 526 0 0 0 3 0 40 12 1134
485 0 48 -44 475 0 0 0 1 1 45 14 821
485 1 54 -1 453 -1 3 0 14 12 7 1 384
486 0 43 -45 463 0 0 0 1 1 49 10 636
487 0 38 -39 404 6 8 0 2 1 50 4 433
487 1 46 -44 645 -8 -5 0 6 10 40 1 927
488 0 37 -32 342 4 3 0 2 1 38 5 233
488 1 44 -45 655 -2 -2 0 5 14 41 1 779
489 0 44 -45 673 -1 -3 0 3 12 42 1 822
490 0 43 -45 449 2 -2 0 3 1 48 8 678
490 1 45 -45 661 1 2 0 8 9 28 0 857
491 0 41 -45 533 -4 3 0 3 0 53 12 692
491 1 55 -28 719 0 0 0 21 12 10 3 1249
492 0 41 -54 555 -4 0 0 4 0 61 6 694
492 1 55 -28 729 0 -2 0 14 13 9 4 1255
493 0 39 -61 460 -4 0 0 1 0 55 8 718
493 1 59 -12 721 8 8 0 30 14 14 1 1051
494 0 40 -55 513 -1 0 0 2 0 57 12 784
494 1 56 -14 708 -3 -6 0 20 8 8 2 948
495 0 48 -45 806 0 0 0 4 11 40 2 968
496 0 44 -60 727 0 -9 0 6 12 37 1 1000
497 0 51 -29 415 0 0 0 4 0 10 14 1026
497 1 32 -61 560 0 0 0 3 6 56 3 478
498 0 37 -61 583 0 0 0 3 5 57 1 519
499 0 51 -28 427 0 0 0 6 1 13 9 1051
499 1 38 -50 607 5 1 0 4 12 42 0 582
500 0 53 -38 472 -2 4 0 2 0 25 16 1146
500 1 31 -45 475 6 -7 0 3 7 46 0 420
501 0 36 -45 469 8 -1 0 3 4 38 0 399
502 0 51 -28 453 2 -5 0 10 0 17 10 1048
502 1 23 -45 545 -10 -8 0 3 3 49 2 339
503 0 23 -45 545 -3 -2 0 2 4 44 1 312
504 0 38 42 0 0 0 0 0 0 0 0 0
504 1 21 -61 517 -7 -5 0 1 1 54 1 223
505 0 18 -61 559 -2 0 0 2 3 59 3 245
506 0 24 -61 593 0 4 0 2 1 69 2 500
507 0 51 -38 449 -4 4 0 3 0 35 14 1001
507 1 23 -61 646 -4 -2 0 1 3 62 1 261
508 0 47 -38 451 -1 -3 0 4 1 24 8 1103
508 1 24 -61 962 -2 -3 1 4 3 56 4 548
508 2 45 25 178 -1 -1 0 4 0 2 0 43
509 0 51 29 68 3 -3 0 2 0 3 1 29
509 1 24 -61 944 -1 1 1 6 7 52 2 548
510 0 60 -13 431 0 0 0 18 0 2 13 987
510 1 23 -61 655 1 2 0 3 0 59 3 263
511 0 39 -61 562 0 0 0 5 6 60 3 524
512 0 64 3 361 -1 -1 0 33 0 2 13 888
512 1 31 -33 389 0 0 0 1 4 31 0 188
513 0 63 -4 446 -3 4 0 34 1 4 12 1069
513 1 26 -31 342 -9 -7 0 1 2 18 1 113
514 0 20 -45 403 -2 -2 0 3 1 32 0 220
515 0 70 19 465 5 -9 0 48 0 3 15 694
515 1 36 11 91 0 0 0 1 1 0 0 34
516 0 72 18 448 6 -8 0 50 2 1 13 794
517 0 72 19 469 0 16 0 56 0 1 8 735
517 1 39 18 94 0 0 0 4 1 0 0 25
518 0 21 -13 209 0 0 0 2 1 3 0 69
519 0 42 46 0 0 0 0 0 0 0 0 0
519 1 8 -29 254 0 0 1 4 0 19 1 102
520 0 17 -45 551 -4 3 1 5 0 34 3 306
521 0 51 -28 446 -1 4 0 3 0 19 4 960
521 1 16 -45 578 -2 0 1 4 3 33 3 227
522 0 48 -34 516 -2 3 0 4 1 20 8 1183
522 1 25 -45 659 0 0 0 2 5 55 2 480
523 0 58 -13 349 0 0 0 4 0 2 9 855
523 1 48 -13 418 0 0 0 2 5 18 1 274
524 0 61 2 313 3 -5 0 19 1 4 9 627
525 0 70 25 227 10 -10 0 16 0 2 10 356
525 1 66 27 284 0 0 0 17 2 3 0 186
526 0 57 -12 340 0 0 0 2 0 16 5 673
526 1 64 22 323 -3 0 0 12 6 2 1 231
527 0 50 -22 368 5 11 0 2 1 22 9 586
527 1 72 40 188 0 0 0 11 3 2 1 118
528 0 49 -22 364 0 4 0 2 0 29 6 614
529 0 54 3 213 0 0 0 2 0 8 7 323
529 1 77 81 256 -1 0 0 18 0 3 0 179
530 0 63 24 168 0 0 0 5 1 1 2 186
530 1 72 23 534 0 0 0 38 14 2 3 521
531 0 72 41 102 15 3 0 8 0 1 3 84
531 1 72 20 628 -2 -3 0 35 8 7 2 670
532 0 72 39 120 1 -2 0 12 0 0 2 136
532 1 71 2 681 -2 -5 0 31 20 6 1 860
533 0 59 3 260 0 0 0 5 1 5 4 381
533 1 64 -19 614 0 0 0 9 11 33 2 820
534 0 57 8 195 5 9 0 4 0 8 2 256
534 1 59 -26 682 -5 -3 0 10 19 25 1 881
535 0 49 2 165 0 11 0 1 0 16 3 214
535 1 56 -24 692 0 2 0 14 18 18 2 1036
536 0 54 -28 682 -2 0 0 15 8 24 0 1213
537 0 37 -39 336 5 9 0 1 0 41 4 260
537 1 53 -32 723 -2 -3 0 14 17 12 0 1030
538 0 34 -54 502 -5 1 0 2 0 57 6 439
538 1 53 -33 714 -1 0 0 9 17 23 2 1022
539 0 34 -54 508 -2 0 0 2 1 62 3 436
540 0 36 -61 509 3 -2 0 3 1 62 4 620
540 1 44 -45 648 0 0 0 5 6 44 1 824
541 0 38 -55 458 0 -3 0 0 1 54 7 497
541 1 44 -60 652 -1 -2 0 7 12 47 3 987
542 0 46 -28 310 0 0 0 0 0 35 9 583
542 1 43 -60 637 -1 -2 0 11 12 44 3 964
543 0 44 -46 656 1 1 0 4 15 25 0 836
544 0 59 2 282 0 0 0 5 1 6 6 488
544 1 44 -43 654 0 3 0 4 19 25 1 848
545 0 44 -45 688 0 2 0 10 14 31 1 904
546 0 62 -9 727 0 0 0 34 10 10 0 1026
547 0 59 -12 755 -1 -3 0 27 11 12 1 1059
548 0 43 -39 390 0 0 0 3 0 39 11 539
548 1 56 -19 651 -4 -8 0 11 9 5 1 1062
549 0 37 -55 513 0 0 0 3 1 55 9 577
549 1 48 -60 664 0 0 0 6 9 36 2 1123
550 0 39 -55 470 0 -3 0 2 1 57 8 491
550 1 44 -45 646 -2 -2 0 4 17 33 1 825
551 0 39 -44 429 4 2 0 0 2 50 9 471
551 1 46 -45 711 0 1 0 5 11 25 3 1145
552 0 36 -39 346 10 5 0 1 0 40 3 262
552 1 54 -28 728 0 0 0 19 9 10 1 1221
553 0 29 -45 352 1 4 0 0 0 41 4 410
553 1 56 -18 705 2 4 0 16 16 6 4 1043
554 0 27 -45 352 -7 5 0 1 1 45 3 214
554 1 59 -12 789 3 4 0 37 11 12 0 1020
555 0 24 -55 850 0 -3 1 0 2 57 5 716
555 1 56 -28 706 0 0 0 14 21 18 0 1242
556 0 34 -54 500 1 -4 0 1 1 60 5 437
556 1 53 -28 702 -2 -5 0 16 9 25 0 1246
557 0 35 -61 512 1 -2 0 1 1 64 5 481
557 1 52 -28 690 0 -3 0 9 13 22 5 1001
558 0 39 -54 466 3 -7 0 3 0 61 5 576
559 0 48 -44 457 0 0 0 2 1 37 13 979
559 1 53 -28 706 5 6 0 14 10 17 4 1075
560 0 52 -29 401 7 -7 0 3 0 28 13 866
560 1 52 -28 707 -1 0 0 17 7 20 0 1216
561 0 60 -13 371 0 0 0 10 0 5 6 909
561 1 49 -32 678 -2 -5 0 12 12 22 2 1068
562 0 63 -4 387 3 -5 0 21 0 4 6 921
562 1 50 -32 717 -1 -1 0 9 14 17 1 1075
563 0 63 0 460 1 -3 0 20 1 0 11 818
563 1 48 -36 753 0 0 0 8 13 36 1 1015
564 0 63 -7 421 0 0 0 23 0 5 8 950
565 0 54 -28 675 8 8 0 16 12 11 4 1217
566 0 59 -12 643 5 3 0 23 12 13 3 969
567 0 55 -29 488 -4 2 0 8 0 14 8 1117
567 1 59 2 528 2 0 0 18 10 13 1 530
568 0 57 -29 456 0 -1 0 7 0 19 16 1068
568 1 58 -5 516 -1 -5 0 13 5 13 1 618
569 0 57 -28 445 0 -2 0 3 1 9 7 1090
569 1 46 -29 507 0 0 0 8 9 24 0 652
570 0 38 -44 504 -2 -4 0 12 6 26 1 639
571 0 64 3 309 0 0 0 26 0 1 10 755
571 1 59 17 356 0 0 0 14 4 7 0 230
572 0 73 36 243 0 0 0 38 0 1 5 297
572 1 71 45 133 0 0 0 12 1 2 1 62
573 0 90 50 276 0 0 0 51 0 4 1 373
573 1 64 27 241 0 0 0 8 4 1 0 152
574 0 83 89 250 0 0 0 41 5 4 1 268
574 1 59 13 328 -10 -4 0 10 3 12 0 281
575 0 88 94 334 4 0 0 39 5 4 2 238
575 1 56 11 308 0 -3 0 9 7 9 0 298
576 0 56 15 296 -1 -1 0 6 2 13 0 249
577 0 72 55 283 0 0 0 54 1 8 1 454
577 1 61 31 516 5 8 0 17 2 1 2 165
578 0 65 101 657 -6 -1 0 42 2 13 4 739
578 1 42 23 54 0 0 0 0 0 2 0 16
579 0 86 19 1546 -4 1 0 22 1 20 8 1005
579 1 72 47 72 11 9 0 6 0 2 0 70
580 0 85 4 623 -10 5 0 9 1 15 7 1192
580 1 56 11 725 0 0 0 33 4 9 5 449
581 0 70 34 93 0 0 0 11 0 1 2 162
584 0 75 51 86 0 0 0 1 0 2 1 61
585 0 64 19 162 0 0 0 11 1 0 5 399
585 1 49 13 584 -1 0 0 20 4 12 2 232
586 0 44 3 682 -7 -5 0 23 5 11 4 331
587 0 40 -29 518 -14 -6 0 11 7 31 1 694
588 0 89 123 556 3 2 0 6 0 13 1 380
589 0 65 31 594 6 6 0 3 1 9 1 182
590 0 58 27 419 0 -1 0 4 1 7 2 142
591 0 54 27 354 -1 -1 0 9 1 8 0 122
592 0 91 115 369 -7 -5 0 3 1 9 3 256
593 0 33 30 0 0 0 0 0 0 0 0 0
593 1 17 -41 0 0 0 0 0 0 0 0 0
594 0 41 39 0 0 0 0 0 0 0 0 0
595 0 59 -29 342 5 -5 0 1 2 47 4 326
596 0 46 -51 1990 -1 1 1 18 0 128 13 1233
596 1 36 -45 715 0 1 0 16 2 25 2 755
597 0 62 -29 443 1 -5 0 1 0 66 3 370
597 1 36 -13 805 0 0 0 12 1 24 6 485
598 0 65 -29 244 0 0 0 0 1 42 3 364
598 1 37 -12 670 -1 -1 0 14 3 19 5 396
599 0 66 -30 357 0 0 0 1 2 34 2 248
600 0 66 -29 279 0 0 0 2 0 60 2 305
601 0 69 -29 455 0 0 0 2 0 54 8 608
601 1 44 24 129 0 0 0 1 0 2 0 33
602 0 62 -39 464 7 7 0 2 0 58 12 738
602 1 44 25 142 0 -1 0 3 0 2 0 31
603 0 60 -44 445 2 0 0 1 1 55 10 826
603 1 26 -13 415 -1 -1 0 4 2 27 1 270
603 2 26 -12 278 0 0 0 2 3 13 1 89
604 0 24 -9 373 1 0 0 1 1 27 3 128
605 0 57 -45 428 -3 4 0 2 0 66 8 476
605 1 25 -9 313 -2 0 0 0 2 23 2 133
606 0 64 -22 365 0 0 0 2 0 27 15 881
606 1 18 7 132 -1 -1 0 0 0 3 0 42
607 0 69 -13 454 2 -6 0 3 0 17 12 1056
608 0 62 -32 466 0 0 0 4 1 47 12 902
608 1 32 -13 216 -1 -1 0 1 1 20 3 108
608 2 41 -55 2079 -2 1 1 8 3 64 5 1162
609 0 59 -44 390 0 0 0 1 0 52 10 765
609 1 26 -13 428 -1 0 0 2 2 29 2 231
609 2 40 -61 2122 -1 -1 1 9 4 68 3 1190
610 0 51 -45 427 0 0 0 2 1 56 6 565
610 1 31 -13 188 -1 1 0 1 1 15 2 114
610 2 42 -61 2533 -4 2 1 21 1 63 6 1673
611 0 48 -61 2814 0 0 1 21 3 92 10 1981
612 0 51 -45 477 -2 4 0 3 1 62 7 744
612 1 60 -54 4087 0 0 1 33 6 133 18 3149
613 0 52 -44 466 0 -1 0 0 1 59 9 899
613 1 60 -54 4055 0 0 1 30 5 143 10 3151
614 0 53 -44 427 0 0 0 3 0 56 7 638
615 0 55 -44 420 -2 -3 0 0 0 59 7 550
616 0 53 -44 423 0 2 0 2 0 54 10 638
617 0 51 -44 419 -1 0 0 3 0 59 7 662
618 0 48 -45 507 -1 3 0 2 0 77 7 602
619 0 48 -45 434 1 -1 0 3 0 59 9 517
620 0 48 -45 503 0 2 0 2 1 63 10 612
621 0 48 -45 489 1 0 0 2 0 64 8 614
621 1 58 -29 1297 -1 -2 0 28 3 72 6 1203
622 0 46 -46 453 -3 -1 0 0 1 54 15 518
623 0 45 -45 480 2 -1 0 3 1 59 14 847
624 0 17 18 0 0 0 0 0 0 0 0 0
624 1 34 -41 0 0 0 0 0 0 0 0 0
625 0 74 47 27 0 0 0 1 1 2 0 20
626 0 80 41 296 9 -7 0 42 0 2 1 358
627 0 43 48 0 0 0 0 0 0 0 0 0
627 1 40 -41 0 0 0 0 0 0 0 0 0
628 0 47 43 0 0 0 0 0 0 0 0 0
628 1 42 -48 0 0 0 0 0 0 0 0 0
629 0 57 -44 372 -11 4 0 1 0 59 7 788
629 1 83 47 47 0 0 0 1 0 3 1 35
630 0 55 -44 439 -1 3 0 2 0 61 6 767
631 0 49 -45 447 0 2 0 2 2 58 10 726
632 0 44 -61 435 9 9 0 1 1 68 6 644
633 0 51 -28 1297 6 7 0 35 7 38 3 1138
634 0 56 -12 1293 0 0 0 46 10 17 2 1134
635 0 59 -12 1329 4 3 0 49 13 14 4 1273
636 0 57 -21 1362 -6 -9 0 43 4 26 2 1257
637 0 51 -40 1388 0 0 0 21 13 42 6 1136
638 0 50 -45 0 0 0 0 0 0 0 0 0
639 0 27 -56 0 0 0 0 0 0 0 0 0
639 1 35 -44 0 0 0 0 0 0 0 0 0
640 0 22 -55 0 0 0 0 0 0 0 0 0
641 0 24 -59 0 0 0 0 0 0 0 0 0
642 0 38 -57 0 0 0 0 0 0 0 0 0
643 0 34 -56 0 0 0 0 0 0 0 0 0
643 1 35 -44 0 0 0 0 0 0 0 0 0
644 0 31 -59 0 0 0 0 0 0 0 0 0
644 1 35 -37 0 0 0 0 0 0 0 0 0
645 0 36 -56 0 0 0 0 0 0 0 0 0
645 1 36 -44 0 0 0 0 0 0 0 0 0
646 0 35 -58 0 0 0 0 0 0 0 0 0
647 0 43 -44 452 0 0 0 2 2 52 13 891
647 1 64 -28 1262 -8 -10 0 24 6 43 6 910
648 0 49 -28 351 0 0 0 3 0 24 7 884
648 1 54 -40 1147 0 0 0 24 2 75 6 1054
649 0 52 -28 392 1 -6 0 5 1 15 11 920
650 0 57 -12 377 1 -5 0 6 1 8 7 761
650 1 54 -38 1074 -1 2 0 31 0 66 9 960
651 0 55 -45 920 2 6 0 20 8 74 6 1107
652 0 54 -45 1066 -2 -3 0 26 4 77 7 1056
653 0 45 -45 472 -1 -1 0 2 1 60 8 585
654 0 43 -53 461 -3 0 0 2 1 61 8 632
655 0 42 -55 498 -3 0 0 2 2 58 11 692
655 1 49 -51 1211 -1 4 0 25 14 48 3 855
656 0 42 -55 467 1 0 0 1 1 59 8 696
656 1 52 -29 884 3 5 0 21 8 28 5 694
657 0 42 -50 484 -1 -2 0 1 0 60 10 660
657 1 54 13 660 2 3 0 29 4 14 5 284
658 0 43 -48 471 -2 -2 0 2 0 49 14 714
658 1 52 0 739 -3 -4 0 24 7 14 2 394
659 0 46 -44 464 -1 -5 0 1 1 46 14 840
659 1 46 -41 853 2 -15 0 23 5 55 5 558
660 0 43 -45 447 0 2 0 2 1 55 10 772
661 0 42 -55 465 0 0 0 1 2 61 7 694
662 0 42 -55 465 10 5 0 1 0 61 11 647
663 0 42 -61 436 0 0 0 1 1 71 5 546
664 0 29 -56 0 0 0 0 0 0 0 0 0
665 0 17 -59 0 0 0 0 0 0 0 0 0
665 1 34 -37 0 0 0 0 0 0 0 0 0
666 0 56 -36 1018 -3 -5 0 31 2 67 4 736
667 0 23 -68 0 0 0 0 0 0 0 0 0
667 1 20 0 90 1 -1 0 0 0 3 1 20
667 2 56 -37 803 0 -1 0 14 0 63 2 467
668 0 21 0 74 0 0 0 0 0 2 1 21
669 0 29 -63 0 0 0 0 0 0 0 0 0
670 0 42 -44 0 0 0 0 0 0 0 0 0
671 0 25 -58 0 0 0 0 0 0 0 0 0
672 0 19 -57 0 0 0 0 0 0 0 0 0
672 1 42 -44 0 0 0 0 0 0 0 0 0
673 0 25 -49 0 0 0 0 0 0 0 0 0
673 1 35 -37 0 0 0 0 0 0 0 0 0
674 0 33 -31 0 0 0 0 0 0 0 0 0
674 1 42 -47 0 0 0 0 0 0 0 0 0
675 0 20 0 72 0 0 0 0 0 2 0 19
676 0 35 -50 0 0 0 0 0 0 0 0 0
676 1 36 -51 0 0 0 0 0 0 0 0 0
677 0 32 -55 0 0 0 0 0 0 0 0 0
677 1 38 -51 0 0 0 0 0 0 0 0 0
678 0 27 -54 0 0 0 0 0 0 0 0 0
678 1 37 -47 0 0 0 0 0 0 0 0 0
679 0 28 -59 0 0 0 0 0 0 0 0 0
679 1 32 -49 0 0 0 0 0 0 0 0 0
681 0 14 -69 0 0 0 0 0 0 0 0 0
681 1 20 -52 0 0 0 0 0 0 0 0 0
682 0 22 -51 0 0 0 0 0 0 0 0 0
682 1 17 -71 0 0 0 0 0 0 0 0 0
682 2 21 -60 0 0 0 0 0 0 0 0 0
683 0 37 -61 2318 10 -4 1 3 7 125 9 1296
683 1 42 -49 787 0 0 0 12 2 68 4 544
684 0 37 -61 2247 0 1 1 8 5 124 9 1294
684 1 50 -52 658 0 2 0 9 8 62 3 368
685 0 37 -61 2278 1 -1 1 6 6 128 8 1292
685 1 42 -50 770 1 -8 0 11 0 66 3 466
686 0 37 -61 2298 0 -2 1 6 5 119 11 1254
686 1 47 -61 678 -2 4 0 8 3 72 2 552
687 0 38 -61 2266 -1 0 1 5 1 137 9 1288
687 1 44 -51 710 -4 2 0 15 6 63 3 515
688 0 39 -61 2405 0 -1 1 7 6 136 7 1316
688 1 44 -50 776 1 2 0 14 5 59 2 522
689 0 39 -61 2392 1 -2 1 6 5 134 10 1547
689 1 44 -50 703 0 -1 0 13 7 59 3 477
690 0 39 -61 447 -1 0 0 2 0 63 8 571
690 1 42 -56 2837 -1 0 1 17 15 128 7 1498
691 0 17 -53 0 0 0 0 0 0 0 0 0
691 1 38 -58 0 0 0 0 0 0 0 0 0
692 0 43 -50 431 2 -3 0 2 0 57 8 621
692 1 22 -2 233 -1 1 0 0 3 8 1 96
692 2 44 -57 2779 -1 0 1 12 3 86 13 1454
693 0 43 -51 441 2 1 0 2 1 54 6 539
693 1 22 -2 258 0 -1 0 1 2 7 0 74
693 2 44 -61 2785 -1 -1 1 13 2 102 6 1356
694 0 42 -55 485 2 4 0 4 0 62 7 692
694 1 51 -61 3425 -1 2 1 18 8 123 13 1852
695 0 43 -56 457 0 4 0 1 0 72 3 384
695 1 23 -3 224 -1 0 0 1 1 9 0 61
695 2 36 -52 2323 -1 0 1 5 4 100 9 828
696 0 39 -61 462 -2 2 0 1 0 70 5 338
696 1 24 -4 124 3 0 0 2 1 5 0 57
696 2 40 -54 690 1 2 0 1 3 62 2 196
697 0 33 -56 632 -5 2 0 1 2 78 3 518
697 1 19 0 58 0 0 0 0 0 1 0 17
697 2 43 -61 668 0 0 0 13 5 66 4 429
698 0 34 -61 573 3 -1 0 1 4 71 5 563
698 1 16 -52 903 -1 0 1 3 3 33 2 424
698 2 40 -61 715 0 0 0 9 0 70 3 482
699 0 33 -55 860 1 -2 0 4 2 72 11 771
699 1 48 -55 983 -5 -5 0 19 5 73 4 599
700 0 42 -46 476 0 0 0 2 0 51 17 586
700 1 23 -3 227 -1 -1 0 0 2 8 0 62
700 2 26 -60 1763 0 0 1 2 7 81 8 658
701 0 43 -45 479 0 -3 0 4 0 52 14 770
701 1 47 -61 2980 -1 -2 1 15 2 99 8 1526
702 0 43 -45 434 0 0 0 3 0 53 15 649
702 1 23 -4 224 0 -1 0 2 2 11 0 63
702 2 30 -61 1924 -1 0 1 5 4 90 6 731
703 0 43 -55 421 0 0 0 2 0 66 7 645
703 1 23 -6 224 0 -1 0 0 5 7 1 71
703 2 44 -61 2676 -1 -1 1 8 4 87 6 1170
704 0 42 -55 483 -2 0 0 2 0 60 12 691
704 1 52 -60 3382 -1 2 1 14 4 99 3 1629
705 0 53 -60 3351 0 -1 1 14 7 119 10 1670
706 0 42 -55 468 2 2 0 1 1 60 9 514
706 1 50 -56 3285 -1 1 1 12 6 115 8 1459
707 0 36 -61 2192 0 -1 1 4 3 101 4 988
708 0 42 -55 459 0 -5 0 1 2 62 11 644
708 1 25 -1 188 0 0 0 0 2 11 0 59
708 2 33 -61 2109 0 -1 1 3 3 107 3 896
709 0 42 -55 463 -1 1 0 2 0 61 8 649
709 1 33 -60 1940 0 -1 1 6 4 101 5 892
710 0 42 -55 472 0 -1 0 2 1 62 6 649
710 1 23 0 214 1 0 0 0 0 9 0 68
710 2 28 -60 1882 -1 -1 1 5 2 90 7 736
711 0 43 -44 448 0 0 0 3 0 53 14 730
711 1 33 -59 1993 -1 -1 1 3 3 105 5 868
712 0 47 -44 392 2 -6 0 4 0 42 13 843
712 1 33 -57 1970 -1 0 1 8 8 99 5 840
713 0 24 0 168 0 -1 0 0 1 8 0 46
713 1 31 -60 1942 -1 0 1 7 5 103 4 805
714 0 49 -39 437 0 0 0 1 1 29 19 808
714 1 24 -2 155 0 -1 0 0 1 6 0 48
714 2 20 -61 1479 -1 -2 1 7 2 71 6 560
715 0 42 -50 488 0 0 0 2 1 56 12 660
715 1 23 0 206 -2 -1 0 0 1 7 0 52
715 2 25 -61 1712 0 0 1 6 3 89 3 655
716 0 42 -45 435 3 -1 0 4 0 55 10 571
716 1 23 0 207 -1 -1 0 0 2 6 0 52
716 2 30 -60 735 0 1 0 2 1 54 2 249
717 0 42 -48 409 0 0 0 2 1 55 9 384
717 1 29 -45 1346 0 1 1 5 3 37 6 642
717 2 36 -52 727 12 8 0 5 0 70 5 298
718 0 40 -55 437 -1 3 0 2 1 70 2 398
718 1 23 0 208 -1 -1 0 2 1 8 0 49
718 2 25 -44 1246 0 1 1 2 4 47 3 571
718 3 42 -52 733 4 4 0 3 3 67 2 277
719 0 42 -54 454 2 2 0 1 0 69 5 330
719 1 23 0 208 -1 -1 0 2 1 6 0 51
719 2 24 -45 1225 0 -1 1 1 2 39 4 515
719 3 44 -50 583 -1 2 0 3 6 48 0 201
720 0 43 -55 438 -3 -4 0 2 0 68 2 513
720 1 22 -5 268 -1 -1 0 2 0 11 1 77
720 2 25 -45 1231 0 0 1 0 3 45 5 541
720 3 44 -51 662 -2 2 0 6 5 58 3 315
721 0 43 -54 446 11 6 0 1 1 72 4 282
721 1 22 -3 240 -1 0 0 0 1 7 0 76
721 2 14 -45 827 0 -1 1 1 1 32 3 327
721 3 44 -50 663 0 2 0 8 5 59 3 527
722 0 31 -55 748 -4 4 0 4 7 77 6 508
722 1 18 0 48 0 0 0 0 0 2 0 13
722 2 44 -50 685 -1 0 0 10 9 54 2 513
723 0 36 -60 907 0 -2 0 2 2 86 6 624
723 1 44 -60 862 0 5 0 23 9 57 3 964
724 0 30 -60 750 -3 3 0 3 2 76 2 502
724 1 48 -45 772 1 5 0 18 12 44 3 661
725 0 30 -60 761 0 -1 0 4 1 72 6 502
725 1 48 -45 845 -2 2 0 20 7 44 4 786
726 0 30 -61 826 0 0 0 2 3 72 1 462
726 1 12 -19 287 1 1 0 1 0 8 2 109
726 2 45 -53 674 0 0 0 12 5 53 1 501
727 0 30 -61 801 0 0 0 2 2 74 1 461
727 1 22 -48 1122 -1 -1 1 1 6 35 5 463
727 2 41 -53 728 -1 -2 0 10 9 64 4 601
728 0 25 -61 740 -1 -1 0 1 3 68 5 427
728 1 9 -10 62 0 0 0 0 0 6 0 21
728 2 23 -47 1164 -1 -1 1 2 1 39 2 466
728 3 42 -61 665 -1 -3 0 13 6 63 2 560
729 0 25 -61 780 -1 1 0 1 0 67 3 475
729 1 23 -47 1157 -1 0 1 5 2 37 4 462
729 2 39 -52 735 -1 1 0 13 7 61 3 462
730 0 26 -61 1674 -1 0 1 4 5 93 4 776
730 1 44 -49 711 11 6 0 9 14 52 2 595
731 0 24 -61 709 0 1 0 3 2 65 2 390
731 1 13 -47 686 -1 -1 1 0 3 30 0 237
731 2 44 -50 663 0 -2 0 11 11 42 1 523
732 0 22 -61 661 0 1 0 4 2 64 2 297
732 1 9 -10 64 0 0 0 0 1 4 0 22
733 0 21 -61 805 -1 2 0 5 3 71 1 330
733 1 54 -28 942 4 5 0 28 12 24 4 1012
734 0 24 -61 1532 0 -1 1 4 2 93 4 553
735 0 12 -64 0 0 0 0 0 0 0 0 0
735 1 16 -50 0 0 0 0 0 0 0 0 0
735 2 44 -48 699 0 0 0 10 16 34 2 635
736 0 41 -61 3074 -1 0 1 18 7 174 6 1451
737 0 36 -74 762 0 0 0 8 12 61 2 853
738 0 32 -55 1759 0 0 1 4 7 85 8 1156
738 1 36 -74 814 -1 0 0 13 14 57 2 694
739 0 36 -34 0 0 0 0 0 0 0 0 0
739 1 23 -49 1088 -1 -1 1 2 4 36 2 500
739 2 37 -44 773 9 3 0 15 9 52 5 603
740 0 23 -3 109 -1 0 0 0 3 3 0 42
740 1 12 -8 108 -1 -2 0 2 0 2 0 23
740 2 44 -21 519 0 0 0 8 4 22 0 358
741 0 21 -8 262 0 -1 0 1 3 6 0 102
741 1 36 -44 731 1 -12 0 13 8 48 5 610
742 0 23 -3 94 0 0 0 0 2 5 0 53
742 1 12 -8 106 -1 -1 0 1 0 2 0 24
742 2 37 -61 633 -6 -2 0 7 5 59 1 468
743 0 49 -39 439 -3 7 0 1 1 33 13 832
743 1 32 -61 657 0 0 0 4 5 63 0 368
744 0 43 -44 469 0 0 0 3 1 50 12 894
744 1 17 -61 720 -4 -5 0 2 2 76 3 525
745 0 43 -44 445 -1 0 0 3 1 53 12 891
745 1 21 -7 239 -1 -1 0 1 3 6 0 81
745 2 14 -60 1341 -1 -1 1 4 2 89 2 587
746 0 42 -55 426 0 0 0 2 1 56 11 695
746 1 21 -4 207 -1 0 0 1 2 5 0 76
746 2 14 -61 1326 -1 0 1 3 1 95 2 727
747 0 43 -44 442 -1 -3 0 2 2 54 9 733
747 1 23 -3 93 0 -1 0 0 2 7 0 39
747 2 13 -5 74 -1 -2 0 1 1 0 0 14
747 3 14 -61 1301 -1 -1 1 3 0 90 1 518
748 0 22 -7 270 -2 -1 0 1 3 5 0 89
748 1 16 -61 809 -1 -3 0 5 0 38 3 296
749 0 42 -44 443 0 -6 0 3 0 58 11 688
749 1 25 -3 98 0 0 0 0 1 7 0 40
749 2 16 -46 0 0 0 0 0 0 0 0 0
749 3 16 -61 488 -1 0 0 3 0 26 1 186
750 0 45 -44 400 1 -4 0 4 0 42 12 926
750 1 24 -1 93 0 0 0 1 1 7 0 35
750 2 11 -61 1102 -1 -3 1 6 1 81 3 419
751 0 42 -44 342 0 0 0 2 1 45 12 740
751 1 23 -2 125 -1 0 0 0 2 7 0 46
751 2 17 -61 1293 -1 0 1 4 2 66 2 538
752 0 41 -55 471 -1 4 0 3 0 61 8 676
752 1 22 0 177 -1 -1 0 0 0 7 0 47
752 2 15 -61 1259 0 0 1 2 5 52 4 492
753 0 23 0 191 0 -1 0 0 1 8 0 51
753 1 16 -60 1352 -1 1 1 3 0 93 2 605
754 0 40 -50 0 0 0 0 0 0 0 0 0
754 1 23 -4 214 0 -1 0 1 2 9 0 66
754 2 14 -48 0 0 0 0 0 0 0 0 0
754 3 18 -63 0 0 0 0 0 0 0 0 0
755 0 42 -61 474 -1 -1 0 1 1 60 11 695
755 1 23 -4 225 0 -1 0 3 1 13 0 61
755 2 16 -59 1359 -1 0 1 5 3 87 1 588
756 0 42 -61 440 1 -1 0 1 1 49 15 686
756 1 22 -3 274 -1 0 0 0 2 15 1 78
756 2 17 -60 1364 -1 -1 1 2 6 72 4 545
757 0 42 -53 461 -3 -3 0 1 1 64 6 616
757 1 21 -5 428 0 0 0 1 1 15 2 124
757 2 9 -43 523 1 0 1 1 1 16 2 155
757 3 28 -60 642 -1 1 0 1 1 62 2 228
758 0 42 -53 469 -2 -1 0 0 0 56 11 621
758 1 21 -5 429 0 0 0 0 2 16 2 123
758 2 26 -59 1668 0 0 1 4 5 93 2 694
759 0 42 -47 452 2 0 0 1 0 43 8 604
759 1 21 -9 443 0 0 0 2 2 22 0 139
759 2 15 -60 1327 -1 -1 1 2 2 90 1 571
760 0 45 -45 410 -2 -6 0 0 0 47 12 701
760 1 22 -6 292 0 -1 0 5 2 20 3 82
760 2 14 -61 1257 0 -1 1 2 4 49 2 498
761 0 45 -45 430 0 -1 0 0 0 49 16 695
761 1 22 -4 315 0 0 0 2 2 16 1 83
761 2 4 -17 117 1 -1 0 0 0 6 0 24
762 0 43 -45 440 0 -1 0 3 0 48 10 779
762 1 22 -6 269 -1 0 0 2 3 14 1 71
762 2 11 -61 1079 -1 -1 1 4 2 75 2 393
763 0 46 -44 420 1 -4 0 0 1 46 14 841
763 1 22 -4 269 0 0 0 1 2 13 2 73
763 2 9 -61 1006 2 -3 1 4 2 63 6 333
764 0 46 -44 461 -1 1 0 2 0 45 13 842
764 1 22 -4 266 0 0 0 3 1 16 1 70
764 2 10 -57 1057 -1 -1 1 2 2 70 7 348
765 0 46 -44 390 1 -3 0 1 0 42 11 848
765 1 22 -7 313 0 0 0 2 1 20 2 87
765 2 9 -58 1018 -1 -1 1 1 1 69 3 310
766 0 22 -7 313 0 0 0 4 1 19 3 85
766 1 9 -58 1029 -1 -1 1 2 2 66 1 313
766 2 44 25 156 0 -1 0 0 0 0 0 36
767 0 45 -48 405 0 0 0 0 1 55 11 689
767 1 22 -6 335 0 0 0 6 1 20 3 96
767 2 13 -61 1193 -1 2 1 4 0 85 4 447
768 0 42 -44 0 0 0 0 0 0 0 0 0
768 1 17 -51 0 0 0 0 0 0 0 0 0
768 2 2 -60 0 0 0 0 0 0 0 0 0
769 0 51 -28 337 4 -10 0 2 0 23 14 913
769 1 28 -60 1701 -1 -2 1 6 4 89 7 694
770 0 49 -44 468 0 0 0 2 1 41 19 861
770 1 22 -7 220 -1 0 0 2 2 11 1 62
770 2 13 -61 1143 -1 0 1 5 2 81 5 432
771 0 43 -44 471 0 0 0 2 0 52 14 852
771 1 23 -6 229 0 0 0 1 2 14 0 67
771 2 13 -61 1160 0 -1 1 2 2 85 3 398
772 0 43 -44 453 0 -2 0 3 0 48 18 891
773 0 45 -44 431 0 1 0 1 0 53 9 817
773 1 28 -59 1707 0 -1 1 3 4 88 3 702
774 0 27 -60 1623 0 -1 1 4 5 78 10 663
775 0 63 2 385 0 0 0 30 0 2 7 873
775 1 28 -59 0 0 0 0 0 0 0 0 0
776 0 59 -22 476 0 0 0 11 0 16 12 1151
776 1 16 -7 184 -1 0 0 1 0 11 0 58
776 2 16 -49 0 0 0 0 0 0 0 0 0
777 0 23 9 112 -1 -1 0 1 0 3 0 26
777 1 11 -49 743 0 -3 1 1 4 40 4 287
778 0 51 -39 446 -2 4 0 3 0 43 11 957
778 1 23 9 116 -1 -1 0 1 0 4 0 25
779 0 46 -44 364 0 0 0 1 0 45 12 844
779 1 16 -7 183 -1 0 0 1 1 10 0 58
779 2 15 -56 1103 -1 3 1 1 1 42 3 408
780 0 49 -39 467 1 -6 0 3 0 40 9 1001
780 1 15 -4 173 0 0 0 1 1 8 1 52
780 2 18 0 71 -1 0 0 0 0 2 2 20
781 0 51 -28 424 0 0 0 3 0 24 11 914
782 0 48 38 0 0 0 0 0 0 0 0 0
782 1 28 -70 0 0 0 0 0 0 0 0 0
783 0 40 36 0 0 0 0 0 0 0 0 0
783 1 27 -58 0 0 0 0 0 0 0 0 0
784 0 48 31 0 0 0 0 0 0 0 0 0
784 1 8 -48 0 0 0 0 0 0 0 0 0
784 2 6 -46 0 0 0 0 0 0 0 0 0
785 0 45 -61 412 0 0 0 1 0 65 6 600
785 1 42 -7 457 0 0 0 8 6 12 2 203
786 0 40 -54 447 0 0 0 2 0 66 2 326
787 0 42 -61 465 -3 0 0 1 1 72 3 307
787 1 13 -46 0 0 0 0 0 0 0 0 0
787 2 56 -13 745 3 5 0 23 5 20 4 702
788 0 43 -56 430 -1 -2 0 1 0 62 8 527
788 1 21 -53 0 0 0 0 0 0 0 0 0
788 2 64 -21 784 0 3 0 21 14 35 5 789
789 0 22 -2 213 0 -1 0 0 2 4 1 48
789 1 17 -52 0 0 0 0 0 0 0 0 0
789 2 18 -3 110 0 -1 0 0 0 4 1 31
789 3 55 -35 807 0 0 0 22 11 47 2 698
790 0 62 -28 790 3 6 0 23 10 48 2 697
791 0 63 -25 847 1 3 0 21 21 36 1 795
792 0 47 37 0 0 0 0 0 0 0 0 0
792 1 19 0 203 -1 0 0 2 0 11 0 50
792 2 9 -48 0 0 0 0 0 0 0 0 0
792 3 51 -44 791 0 0 0 7 8 58 0 443
793 0 60 -12 409 0 0 0 32 1 2 12 1123
793 1 18 0 144 -1 -1 0 0 0 6 0 36
793 2 3 -8 91 -1 0 1 0 0 4 0 21
794 0 57 -28 418 0 0 0 5 1 40 11 868
794 1 25 -54 0 0 0 0 0 0 0 0 0
794 2 50 -49 841 -2 -4 0 7 6 65 0 494
795 0 54 -44 411 0 0 0 0 0 58 6 753
795 1 7 -5 153 0 0 1 0 1 5 0 36
795 2 4 -21 159 0 -1 0 1 0 7 1 39
795 3 45 -50 552 0 -7 0 2 0 38 2 173
796 0 47 -46 412 0 0 0 0 2 59 6 353
796 1 29 -51 0 0 0 0 0 0 0 0 0
796 2 53 -45 819 0 0 0 16 9 50 1 741
797 0 41 -54 369 0 0 0 2 0 72 1 183
797 1 21 -47 0 0 0 0 0 0 0 0 0
797 2 19 -21 484 0 1 0 1 2 16 0 161
797 3 44 -60 707 0 0 0 10 1 67 0 306
798 0 45 -55 457 0 0 0 2 1 71 2 419
798 1 19 -1 134 0 -1 0 0 0 4 1 35
798 2 21 -8 480 -1 0 0 1 0 14 0 125
799 0 31 -61 832 0 0 0 5 4 62 1 468
799 1 20 -10 389 0 -1 0 1 1 9 2 107
799 2 48 -47 817 -2 0 0 3 15 47 1 536
800 0 30 -61 776 -1 -1 0 4 4 59 0 518
800 1 20 -6 367 0 -1 0 1 0 10 1 92
800 2 47 -51 703 0 -4 0 8 3 63 1 453
801 0 56 -32 968 0 0 0 27 9 35 1 864
802 0 43 -54 423 0 0 0 1 1 71 1 196
802 1 22 -1 273 0 0 0 1 1 8 0 67
802 2 16 -51 0 0 0 0 0 0 0 0 0
802 3 52 -45 920 0 0 0 20 8 44 2 743
803 0 32 -61 798 0 0 0 3 0 67 1 435
803 1 18 -6 227 -1 0 0 3 2 6 2 59
803 2 49 -47 709 7 -10 0 10 6 49 3 491
804 0 37 -61 523 8 -5 0 0 1 81 3 329
804 1 18 -57 0 0 0 0 0 0 0 0 0
804 2 47 -48 687 -2 -2 0 9 2 51 2 409
805 0 34 -55 654 -14 4 0 1 1 63 1 354
805 1 19 -7 186 0 -1 0 1 1 12 1 50
805 2 44 -53 739 -1 -4 0 14 5 61 4 532
806 0 34 -60 651 0 -2 0 2 1 73 3 381
806 1 19 7 91 -1 -1 0 1 2 6 0 16
806 2 44 -52 705 -1 0 0 11 11 52 0 442
807 0 29 -61 814 0 0 0 5 6 60 5 464
807 1 20 7 107 0 -1 0 1 1 4 0 24
807 2 44 -50 664 0 5 0 11 14 39 3 521
808 0 42 -55 431 0 0 0 2 0 74 3 236
808 1 21 0 246 0 0 0 1 1 8 1 59
808 2 47 -60 868 0 5 0 15 10 53 1 950
809 0 30 -55 740 0 0 0 3 7 56 2 268
809 1 19 -7 213 0 -1 0 2 1 2 0 60
809 2 48 -60 849 -1 2 0 20 15 41 4 949
810 0 29 -61 868 -1 0 0 4 4 65 2 510
811 0 29 -61 865 1 0 0 3 4 68 1 509
811 1 52 -33 909 -2 -1 0 16 10 24 1 948
812 0 27 -61 842 -1 6 0 2 6 65 4 407
813 0 18 -5 189 0 -1 0 2 1 4 2 46
813 1 9 -55 0 0 0 0 0 0 0 0 0
813 2 59 -34 774 1 -2 0 15 10 49 1 581
814 0 24 -53 1263 0 1 1 2 3 43 2 562
814 1 67 -12 854 0 0 0 22 12 21 2 966
815 0 21 0 186 0 -1 0 0 1 7 0 52
815 1 71 -12 765 5 6 0 27 13 10 4 1101
816 0 72 34 304 0 0 0 60 0 1 2 441
816 1 14 -53 780 -1 0 1 3 2 22 0 303
816 2 71 -13 801 1 1 0 33 13 12 4 1128
817 0 75 35 389 4 -7 0 68 0 1 3 526
817 1 22 -50 1189 -1 -1 1 2 5 32 2 503
818 0 47 56 0 0 0 0 0 0 0 0 0
818 1 23 -49 1174 0 -1 1 5 5 46 1 537
818 2 52 -45 791 0 0 0 9 6 58 1 614
819 0 43 42 0 0 0 0 0 0 0 0 0
819 1 25 -53 0 0 0 0 0 0 0 0 0
819 2 47 -49 766 10 -10 0 8 8 58 2 526
820 0 57 -39 308 -3 4 0 2 1 40 12 743
820 1 21 -56 0 0 0 0 0 0 0 0 0
820 2 47 -45 860 3 6 0 13 13 50 0 848
821 0 49 -45 260 0 0 0 1 0 44 5 496
821 1 19 -9 198 -1 -1 0 3 2 4 1 55
821 2 6 -49 314 0 -1 0 2 0 7 1 71
821 3 48 -47 750 -1 -4 0 13 7 45 1 648
822 0 47 -47 449 0 0 0 1 2 69 5 396
822 1 19 -5 197 -1 -1 0 3 1 6 0 45
822 2 49 -60 824 1 3 0 10 6 42 5 937
823 0 44 -52 365 0 0 0 0 1 70 3 190
823 1 22 -49 1094 0 1 1 2 5 30 2 471
823 2 45 -60 825 0 0 0 20 5 62 1 920
824 0 42 -54 473 -1 3 0 2 0 74 2 237
824 1 24 -2 66 0 -1 0 0 1 4 0 15
824 2 45 -49 741 -1 2 0 11 4 55 1 517
825 0 31 -60 723 -4 4 0 1 4 76 1 503
825 1 25 -49 1265 -1 1 1 3 2 60 1 546
825 2 43 -52 725 0 -5 0 11 10 50 1 444
826 0 31 -56 1872 -3 1 1 4 11 94 1 772
826 1 45 -51 732 -1 -1 0 14 5 57 3 480
827 0 28 -61 735 -2 2 0 1 3 73 1 318
827 1 44 -53 680 0 1 0 10 7 58 4 449
828 0 25 -61 749 0 1 0 4 3 63 0 360
828 1 44 -60 907 0 2 0 15 4 64 2 971
829 0 27 -59 653 -1 1 0 1 3 65 0 267
829 1 7 -33 145 7 0 0 0 0 2 1 35
829 2 48 -48 682 0 4 0 7 3 48 2 585
830 0 24 -61 584 -1 2 0 4 4 43 3 274
830 1 44 -49 657 2 -4 0 12 6 56 0 472
831 0 24 -61 576 -1 0 0 4 5 42 3 274
831 1 19 -5 221 0 0 0 1 0 3 0 51
831 2 20 -10 403 0 0 0 3 1 7 3 106
831 3 49 -43 828 0 0 0 9 6 44 1 760
832 0 26 -55 597 0 0 0 1 8 40 4 267
832 1 18 -5 207 0 -1 0 0 0 5 2 48
832 2 22 -16 406 -1 0 0 1 2 18 2 139
832 3 49 -44 851 0 1 0 11 14 37 1 861
833 0 25 -55 741 0 0 0 3 6 58 3 330
833 1 23 -5 288 -1 -1 0 0 0 10 1 67
833 2 49 -44 817 0 -5 0 6 14 40 1 759
834 0 25 -61 753 -1 -2 0 1 3 64 1 351
834 1 23 -5 287 -1 -1 0 0 0 9 1 68
834 2 47 -49 702 5 -10 0 9 9 52 0 489
835 0 26 -61 658 -1 0 0 3 2 61 1 269
835 1 20 -8 399 -1 -1 0 1 0 7 2 94
835 2 44 -52 697 -2 -4 0 10 10 52 3 441
836 0 26 -61 1618 -1 0 1 3 8 82 1 662
836 1 44 -51 649 -3 -3 0 12 9 50 2 314
837 0 32 -61 1849 0 -1 1 4 5 95 2 818
837 1 42 -52 740 -1 1 0 11 9 55 6 478
838 0 44 -51 881 2 3 0 12 6 58 6 606
839 0 22 -61 621 0 0 0 2 2 59 0 306
839 1 7 -44 607 0 -1 1 2 1 32 1 189
839 2 43 -52 679 -1 -3 0 13 11 49 1 442
840 0 22 -61 625 0 0 0 1 8 55 3 302
840 1 19 -45 1071 -1 1 1 3 1 38 5 418
840 2 44 -49 704 -1 2 0 7 11 50 3 475
841 0 44 -49 703 0 2 0 11 11 51 1 556
842 0 8 -59 0 0 0 0 0 0 0 0 0
842 1 14 -51 0 0 0 0 0 0 0 0 0
842 2 49 -45 952 0 0 0 12 15 42 3 1146
843 0 19 -61 1298 -1 0 1 3 6 81 5 608
843 1 20 -7 363 0 0 0 1 0 9 3 91
843 2 55 -48 0 0 0 0 0 0 0 0 0
844 0 47 -45 755 5 -12 0 9 12 37 0 721
845 0 20 -63 0 0 0 0 0 0 0 0 0
845 1 54 -33 878 0 0 0 16 17 27 3 963
846 0 59 -12 940 0 0 0 21 12 11 6 940
847 0 15 -57 0 0 0 0 0 0 0 0 0
847 1 13 -51 0 0 0 0 0 0 0 0 0
847 2 58 -20 885 -4 -10 0 22 14 23 1 831
848 0 25 -49 1526 0 0 1 2 2 87 3 571
848 1 13 -8 236 -1 -1 0 2 0 5 2 54
848 2 50 -42 892 0 0 0 15 13 40 2 810
849 0 51 -42 746 0 2 0 11 18 28 2 761
850 0 57 -2 645 0 0 0 24 5 12 1 390
851 0 21 -60 626 -7 3 0 2 3 58 0 297
851 1 11 -71 1008 -2 -2 1 2 2 45 0 497
851 2 61 3 529 2 7 0 25 5 7 1 336
852 0 50 -36 976 0 0 0 17 16 28 2 714
853 0 47 -33 816 -3 0 0 14 20 27 4 670
854 0 13 -58 0 0 0 0 0 0 0 0 0
854 1 16 -64 0 0 0 0 0 0 0 0 0
854 2 51 -36 959 1 2 0 12 8 29 4 745
855 0 15 -51 0 0 0 0 0 0 0 0 0
855 1 5 -61 0 0 0 0 0 0 0 0 0
855 2 47 -45 841 -1 -8 0 21 12 45 4 656
856 0 27 -68 0 0 0 0 0 0 0 0 0
856 1 36 38 0 0 0 0 0 0 0 0 0
857 0 64 2 775 6 7 0 34 14 14 4 822
858 0 56 -29 983 0 0 0 25 16 24 5 966
859 0 56 -28 972 0 -1 0 20 10 21 6 942
860 0 56 -20 940 2 4 0 27 11 15 2 935
861 0 59 -12 872 4 6 0 36 9 18 3 954
862 0 66 18 670 0 0 0 53 5 7 1 410
863 0 6 -23 165 0 0 0 1 1 11 2 115
863 1 6 -66 0 0 0 0 0 0 0 0 0
863 2 35 46 0 0 0 0 0 0 0 0 0
864 0 43 -13 179 0 0 0 2 0 18 7 285
864 1 23 -3 102 0 0 0 0 1 6 0 37
864 2 45 -44 753 0 0 0 6 11 38 5 620
865 0 51 2 181 5 -6 0 1 1 22 4 206
865 1 24 -1 84 0 0 0 0 1 7 0 36
865 2 40 -49 722 2 -10 0 17 12 44 3 457
866 0 55 -13 322 -1 -6 0 1 0 20 11 500
866 1 24 0 63 -2 -1 0 0 0 6 0 12
866 2 37 -61 552 -3 -4 0 6 6 48 2 298
867 0 20 2 173 0 0 0 0 1 8 0 47
867 1 32 -52 532 3 -4 0 1 3 50 0 288
868 0 24 0 90 2 0 0 0 2 7 0 31
869 0 26 -61 685 0 0 0 3 5 61 1 266
869 1 44 -52 608 0 0 0 5 5 54 1 193
870 0 30 -61 761 1 -2 0 2 1 72 1 419
870 1 21 -50 1082 0 0 1 1 6 50 1 418
870 2 47 -48 705 1 5 0 10 5 59 2 344
871 0 20 -61 632 0 3 0 1 4 61 1 333
871 1 50 -43 1017 0 0 0 14 10 51 2 805
872 0 21 4 187 0 0 0 0 0 7 0 42
872 1 59 -12 969 0 0 0 36 8 15 3 958
873 0 22 -60 0 0 0 0 0 0 0 0 0
873 1 59 -24 969 -3 -6 0 28 15 20 3 1054
874 0 20 0 170 -9 3 0 0 1 4 0 49
874 1 17 -8 126 -1 -1 0 1 0 4 0 31
875 0 23 -56 1459 -7 0 1 3 15 54 2 518
875 1 47 -44 749 -4 -8 0 10 8 35 2 724
876 0 23 -57 1486 2 -1 1 4 4 48 1 551
876 1 47 -45 829 0 -1 0 9 13 39 2 798
877 0 59 -19 985 0 0 0 27 11 24 3 1057
878 0 66 2 756 0 0 0 34 20 3 2 816
879 0 23 -60 0 0 0 0 0 0 0 0 0
879 1 58 -31 1008 0 0 0 22 14 40 4 1090
880 0 56 -36 921 -1 -8 0 17 12 42 1 748
881 0 50 -45 808 -4 -7 0 9 9 56 2 698
882 0 22 -65 0 0 0 0 0 0 0 0 0
882 1 47 -48 800 0 0 0 10 12 48 1 475
883 0 50 -45 760 1 7 0 9 7 47 0 651
884 0 4 -57 408 0 -1 0 4 2 45 2 187
884 1 50 -44 727 0 0 0 8 9 58 1 428
885 0 23 -52 1439 3 2 1 4 5 50 2 515
885 1 53 -44 601 8 -2 0 3 1 69 2 398
886 0 18 -56 715 -1 -3 0 1 7 61 0 338
886 1 19 -44 1045 -1 -1 1 3 2 36 1 361
886 2 52 -41 646 -1 -1 0 7 3 60 3 255
887 0 23 -61 663 -4 -4 0 1 1 61 2 263
887 1 23 -43 1154 0 -1 1 2 2 40 3 415
887 2 49 -45 673 0 -4 0 2 2 56 4 188
888 0 31 10 39 1 0 0 0 0 4 0 8
888 1 51 -44 697 -2 6 0 7 2 65 1 441
889 0 26 -61 659 -1 0 0 2 3 60 0 271
889 1 25 -48 1357 -1 0 1 4 4 56 4 562
889 2 50 -47 651 -3 -2 0 8 4 57 1 274
890 0 25 -61 651 0 0 0 1 3 61 0 271
890 1 19 -48 835 -1 0 1 4 3 20 0 314
890 2 49 -48 673 0 0 0 6 8 62 2 438
891 0 23 -61 608 -1 1 0 0 3 64 2 259
891 1 19 -49 1107 0 1 1 2 5 47 4 454
891 2 47 -48 716 -3 2 0 9 7 59 2 525
892 0 44 -50 730 1 -4 0 14 3 61 5 519
893 0 27 -67 0 0 0 0 0 0 0 0 0
893 1 49 -42 938 0 0 0 10 23 31 2 774
894 0 25 2 23 0 0 0 0 0 2 0 6
895 0 16 -53 1312 -8 -3 1 4 8 35 3 494
896 0 26 -55 1754 0 -1 1 4 4 54 4 675
896 1 58 -29 905 -3 -3 0 21 12 38 4 887
897 0 30 -67 0 0 0 0 0 0 0 0 0
897 1 59 -19 810 3 4 0 26 21 16 2 793
898 0 27 -68 0 0 0 0 0 0 0 0 0
898 1 72 24 628 0 0 0 29 13 9 3 378
899 0 74 22 753 0 2 0 44 6 10 6 456
900 0 22 -29 340 0 0 0 1 2 24 2 163
900 1 23 -53 1293 0 0 1 6 7 42 3 607
900 2 54 -33 820 0 0 0 15 13 44 4 646
901 0 26 -13 238 14 -4 0 0 1 20 2 193
901 1 21 -53 1193 -1 0 1 5 1 42 6 558
901 2 51 -36 745 -4 -5 0 5 8 42 1 590
902 0 47 19 72 0 0 0 1 0 5 4 44
902 1 27 -53 1406 0 0 1 4 4 52 2 694
902 2 59 3 540 0 0 0 20 7 20 2 347
903 0 47 3 135 -7 -1 0 1 0 15 1 136
903 1 63 14 456 4 3 0 20 4 8 1 237
904 0 43 -28 372 -9 2 0 2 0 45 6 299
905 0 42 -54 428 5 5 0 1 0 65 4 290
905 1 19 -63 0 0 0 0 0 0 0 0 0
905 2 37 -55 0 0 0 0 0 0 0 0 0
906 0 24 -2 82 4 -1 0 0 2 5 0 37
906 1 35 -54 2493 1 1 1 16 8 95 8 1193
907 0 24 -1 82 0 0 0 0 3 5 0 36
907 1 27 -55 1875 0 1 1 9 6 77 3 745
908 0 24 -1 83 0 0 0 0 2 6 0 36
908 1 19 -57 1434 -1 0 1 3 3 52 5 549
909 0 23 2 40 0 0 0 0 0 7 0 14
909 1 32 -60 2228 -1 0 1 8 9 94 2 922
910 0 64 -5 297 -7 1 0 5 0 8 6 681
910 1 23 2 31 0 -1 0 0 2 3 0 9
910 2 18 5 112 0 -1 0 1 1 2 0 26
910 3 37 -61 2670 5 4 1 17 12 116 5 1290
911 0 40 38 0 0 0 0 0 0 0 0 0
911 1 17 3 109 -1 0 0 0 1 6 0 29
911 2 24 -53 1312 1 1 1 4 4 49 3 510
911 3 52 -33 872 0 0 0 16 10 36 3 695
912 0 45 -44 478 -10 4 0 1 0 50 12 757
912 1 16 -48 993 -1 -2 1 2 3 42 2 461
912 2 72 43 158 0 0 0 16 4 4 0 95
913 0 21 0 197 -1 1 0 0 3 6 0 61
914 0 21 0 194 0 0 0 0 2 6 1 61
914 1 32 -50 2173 -1 -1 1 12 5 82 3 898
915 0 77 35 301 6 -7 0 42 1 1 5 371
915 1 32 -49 1887 -1 0 1 6 5 61 3 753
916 0 47 57 0 0 0 0 0 0 0 0 0
916 1 28 -55 1490 -4 1 1 5 3 47 3 682
917 0 39 54 0 0 0 0 0 0 0 0 0
917 1 23 0 96 -1 -1 0 0 2 7 0 31
917 2 18 -62 0 0 0 0 0 0 0 0 0
918 0 62 -18 384 -8 3 0 6 0 15 15 1014
918 1 8 -56 1055 -5 1 1 1 4 27 3 317
919 0 20 0 197 -1 -1 0 0 2 6 0 46
920 0 69 79 0 0 0 0 0 0 0 0 0
920 1 9 -53 811 8 -6 1 3 2 39 1 315
921 0 24 0 62 0 -1 0 0 2 3 0 13
921 1 8 -53 757 0 -1 1 1 3 36 1 307
922 0 11 -52 834 -1 0 1 2 1 31 3 413
923 0 9 -39 420 7 -5 0 4 1 32 4 295
923 1 13 -6 234 -1 0 0 2 0 6 0 55
924 0 48 56 0 0 0 0 0 0 0 0 0
924 1 29 -68 0 0 0 0 0 0 0 0 0
925 0 45 20 226 -2 -1 0 2 0 1 1 59
926 0 58 -39 595 0 0 0 4 2 41 14 1154
926 1 24 -61 1396 11 -5 1 1 3 58 4 631
926 2 29 -61 967 0 0 0 8 1 61 2 632
927 0 60 -45 560 1 -3 0 3 0 42 13 1334
927 1 24 -61 1369 -1 0 1 2 3 58 2 632
927 2 11 -77 523 3 -4 0 2 2 38 3 299
928 0 59 -34 457 0 -1 0 4 0 29 12 1173
928 1 18 -77 1445 -13 4 1 4 4 49 3 688
929 0 54 -28 476 -1 -3 0 2 2 20 12 972
929 1 18 -71 1535 -2 0 1 2 3 49 3 640
930 0 57 -29 365 1 -2 0 6 1 21 8 1074
930 1 16 -71 1275 5 -3 1 2 0 54 4 678
931 0 62 -13 449 0 0 0 16 0 7 10 1087
931 1 17 -71 1259 1 0 1 3 2 58 2 591
932 0 59 -29 431 0 0 0 6 0 9 13 1188
932 1 17 -71 1292 0 -1 1 2 1 61 2 622
933 0 17 -77 1240 -1 -1 1 6 2 52 2 730
934 0 52 -38 576 -7 6 0 2 2 39 18 1115
935 0 50 -44 459 0 0 0 2 1 46 18 879
935 1 28 -76 2009 -4 -1 1 1 3 89 12 875
936 0 51 -44 458 0 -4 0 3 1 47 9 908
936 1 29 -68 2062 -1 -1 1 5 4 93 7 836
937 0 51 35 0 0 0 0 0 0 0 0 0
937 1 23 -77 1499 -2 0 1 1 1 69 6 707
937 2 28 -61 702 0 0 0 0 0 62 0 239
938 0 55 -38 400 -1 2 0 3 1 32 12 1002
938 1 23 -93 1507 -1 0 1 0 2 73 4 776
938 2 18 -57 680 1 -4 0 4 1 48 1 242
939 0 26 -93 1863 -7 2 1 1 3 69 5 1005
940 0 26 -93 1848 -2 0 1 1 0 70 6 1006
941 0 50 -44 366 2 -5 0 3 0 57 10 876
941 1 26 -87 1922 -4 1 1 2 2 71 6 891
942 0 49 -44 393 0 0 0 2 0 58 7 479
942 1 26 -87 1903 -1 0 1 2 4 65 4 897
943 0 46 -45 291 -1 0 0 1 0 46 5 522
943 1 4 -77 585 4 5 1 2 1 29 0 280
943 2 29 -56 780 0 0 0 1 0 56 6 265
944 0 43 -50 448 1 4 0 2 0 65 4 617
944 1 16 -70 0 0 0 0 0 0 0 0 0
944 2 30 -55 789 0 1 0 0 3 56 4 273
945 0 49 -44 414 0 0 0 2 0 60 8 644
945 1 33 -56 792 -2 -2 0 2 1 41 7 250
946 0 43 -46 393 0 0 0 2 1 61 6 586
946 1 18 -52 0 0 0 0 0 0 0 0 0
946 2 33 -56 753 -1 -1 0 2 0 35 4 217
947 0 43 -55 411 0 2 0 2 0 67 7 644
947 1 3 -45 376 1 -1 1 1 3 18 0 116
947 2 30 -61 748 2 4 0 1 0 63 2 286
948 0 43 -55 453 -2 0 0 1 0 62 7 650
948 1 2 -45 328 -1 0 1 1 2 20 0 115
948 2 31 -57 685 -1 -1 0 0 1 51 2 198
949 0 43 -55 466 -2 -3 0 2 0 66 7 645
949 1 4 -47 448 0 -1 1 0 3 18 1 153
949 2 30 -60 763 0 -1 0 1 0 65 5 281
950 0 42 -55 461 0 0 0 1 1 70 5 373
950 1 5 -49 500 0 -1 1 2 2 19 2 183
950 2 30 -61 723 -1 -1 0 0 3 53 5 247
951 0 42 -61 454 2 -3 0 3 1 66 5 741
951 1 34 -59 708 7 4 0 2 3 70 2 275
952 0 42 -61 471 1 -1 0 2 0 65 5 696
952 1 6 -7 41 0 0 0 0 0 1 0 9
952 2 39 -56 629 0 2 0 1 4 49 3 158
953 0 42 -55 460 9 5 0 1 2 62 11 464
953 1 4 -49 506 -1 0 1 3 2 20 0 250
953 2 37 -71 735 0 -3 0 5 1 69 2 382
954 0 27 8 49 0 0 0 0 1 5 0 12
954 1 36 -56 644 -2 -2 0 3 1 72 3 222
955 0 35 -54 554 -12 4 0 3 2 64 5 442
955 1 40 -56 602 -1 3 0 6 4 58 1 232
956 0 35 -61 585 2 0 0 2 0 72 6 472
956 1 11 -61 856 0 0 1 1 3 49 2 455
956 2 40 -61 611 1 4 0 7 3 54 0 312
957 0 30 -60 1877 -6 3 1 3 4 113 3 777
957 1 18 0 55 -3 0 0 0 0 3 1 14
957 2 39 -44 587 -1 4 0 12 4 55 3 534
958 0 30 -60 1932 0 -1 1 7 1 116 2 819
958 1 15 0 51 -1 0 0 1 0 0 0 11
958 2 39 -45 619 2 -4 0 15 9 49 3 418
959 0 14 -61 929 0 2 1 4 0 45 3 380
959 1 39 -31 546 0 4 0 17 9 35 3 370
960 0 17 -61 997 -1 -1 1 1 4 43 3 393
960 1 39 -29 496 6 -2 0 13 5 36 1 305
961 0 17 -42 280 0 0 0 1 1 19 1 113
962 0 63 1 415 0 -7 0 11 1 1 4 775
962 1 8 -71 749 -1 0 1 2 2 37 1 291
962 2 15 -52 480 -8 -6 0 0 1 45 1 139
963 0 60 -23 432 0 0 0 2 1 12 8 1062
963 1 6 -11 46 7 -1 0 1 0 4 0 9
963 2 7 -59 451 -4 -5 0 2 0 48 2 134
964 0 55 -39 463 0 0 0 2 0 39 10 974
964 1 27 -76 1960 0 -3 1 4 5 109 6 856
965 0 59 -39 487 -1 0 0 2 0 42 13 1043
965 1 25 -61 1844 4 -2 1 4 4 75 6 690
966 0 25 -60 1799 0 -1 1 5 3 53 1 676
967 0 54 -45 511 -2 4 0 4 1 46 15 1149
967 1 28 -57 1838 1 0 1 6 4 52 2 755
968 0 62 -28 444 0 0 0 9 0 14 9 1328
968 1 25 -57 1457 9 -5 1 1 2 56 3 679
969 0 64 -6 433 0 0 0 25 1 1 12 1063
969 1 25 -57 1606 -3 2 1 2 3 49 5 682
970 0 25 -57 1592 1 0 1 5 3 50 2 681
971 0 60 -29 481 -5 0 0 6 1 21 11 1063
971 1 25 -60 1510 2 -1 1 5 1 54 2 717
972 0 58 -38 452 0 0 0 2 1 37 18 974
972 1 25 -60 1521 0 1 1 4 4 47 2 722
973 0 52 -45 470 0 0 0 4 0 49 16 767
973 1 27 8 53 -1 -1 0 0 0 6 0 12
974 0 54 -39 453 0 -3 0 4 0 48 17 792
974 1 25 -55 1628 1 -2 1 7 6 55 6 610
975 0 55 -44 412 0 0 0 1 1 56 11 811
975 1 27 -55 1721 -1 0 1 8 5 73 6 668
976 0 52 -45 479 -2 -2 0 4 0 62 8 762
976 1 24 -6 208 0 0 0 3 2 11 0 68
977 0 49 -45 242 0 0 0 1 0 38 5 544
977 1 29 -61 1842 -1 -2 1 4 5 91 11 873
978 0 51 -45 370 -2 -2 0 1 1 58 7 689
978 1 25 -58 1729 -1 -1 1 5 5 75 15 698
979 0 52 -44 473 2 -4 0 2 1 50 15 900
979 1 28 -61 1869 -1 0 1 3 5 95 4 754
980 0 52 -44 437 0 -1 0 2 0 47 10 821
980 1 28 -61 1901 -1 0 1 3 2 100 6 750
981 0 51 -44 412 0 0 0 1 0 60 10 601
982 0 46 -44 459 -2 -2 0 0 0 52 13 943
982 1 33 -93 2138 0 1 1 2 4 133 10 1301
983 0 51 -28 425 0 0 0 4 0 24 12 946
983 1 30 -93 2068 -1 -1 1 7 4 123 7 1113
984 0 59 -12 368 0 0 0 3 0 5 6 766
984 1 28 -87 1989 0 -3 1 6 5 114 9 946
985 0 59 -28 397 0 0 0 1 1 24 10 990
985 1 25 -6 213 -1 0 0 4 2 10 0 68
986 0 57 -28 328 0 0 0 4 0 22 8 891
986 1 28 -89 1665 0 -1 1 3 3 64 6 1079
987 0 50 -44 486 0 0 0 1 2 45 16 882
987 1 27 -93 1639 -1 1 1 4 1 68 6 1004
988 0 47 -44 454 0 0 0 1 0 44 9 684
988 1 27 -81 1609 0 0 1 2 1 78 1 906
989 0 54 -38 518 0 0 0 3 0 37 15 1205
989 1 25 -4 205 0 0 0 0 3 10 0 65
989 2 10 -77 880 1 0 1 2 2 59 4 425
990 0 53 -45 425 0 -4 0 4 0 27 9 1236
990 1 27 -2 97 -1 0 0 0 0 8 0 40
991 0 60 -13 419 0 0 0 10 0 4 18 988
992 0 66 3 440 0 0 0 32 0 1 19 923
993 0 38 47 0 0 0 0 0 0 0 0 0
993 1 24 -75 0 0 0 0 0 0 0 0 0
994 0 4 -15 101 0 0 0 0 0 5 0 22
995 0 52 -44 476 -5 7 0 2 1 46 16 815
996 0 60 -29 469 0 0 0 5 0 20 10 1067
997 0 48 40 0 0 0 0 0 0 0 0 0
997 1 19 -71 0 0 0 0 0 0 0 0 0
998 0 64 3 449 0 0 0 31 2 1 15 959
998 1 24 -6 282 -1 -1 0 1 2 13 1 81
998 2 10 -61 758 2 -1 1 0 1 45 4 313
999 0 65 3 450 2 -1 0 31 1 2 10 981
999 1 17 -57 1100 1 0 1 3 0 50 3 520
999 2 20 3 48 -1 0 0 0 0 4 0 11
1000 0 4 -50 680 0 0 1 3 2 32 5 444
1000 1 24 8 171 0 -1 0 0 1 6 0 42
1000 2 3 -18 88 0 -2 0 0 0 8 0 37
1001 0 56 -28 429 0 0 0 3 0 29 15 989
1001 1 24 8 173 0 -1 0 0 2 5 0 42
1001 2 19 2 53 -1 0 0 0 0 2 1 12
1002 0 51 -44 494 0 0 0 1 1 52 10 904
1002 1 26 -60 1431 0 -2 1 4 2 45 5 682
1003 0 46 -44 407 0 0 0 2 0 66 7 745
1004 0 46 -44 428 -4 -1 0 1 0 53 10 656
1004 1 40 -61 2620 0 -1 1 4 3 129 6 1100
1005 0 42 -55 494 0 3 0 3 0 64 9 644
1005 1 26 -67 1599 -1 -2 1 3 3 56 6 812
1005 2 34 -57 726 2 1 0 1 1 59 5 242
1006 0 42 -55 473 -3 -1 0 2 0 62 7 649
1006 1 24 -77 1547 -1 -1 1 4 3 70 3 670
1006 2 37 -57 653 0 0 0 5 3 64 2 227
1007 0 42 -45 516 4 -2 0 2 1 56 16 805
1007 1 24 -77 1648 -2 0 1 2 2 72 1 854
1007 2 38 -61 716 1 4 0 11 7 61 1 640
1008 0 48 -39 455 0 0 0 0 0 42 13 803
1008 1 27 -77 1886 -2 -1 1 4 1 74 6 915
1008 2 47 -37 924 0 0 0 15 10 39 3 821
1009 0 42 -55 507 0 0 0 2 1 61 8 693
1009 1 22 -68 1433 2 1 1 3 3 51 7 566
1009 2 51 -35 884 2 3 0 19 12 37 4 878
1010 0 42 -54 490 11 5 0 0 0 62 9 559
1010 1 22 -67 1335 1 1 1 1 5 46 5 559
1010 2 10 -13 270 0 -1 1 2 0 10 2 85
1010 3 50 -39 950 -3 -5 0 22 15 42 1 778
1011 0 35 -61 922 0 0 0 4 1 83 6 658
1011 1 3 -33 175 13 6 0 0 0 13 0 59
1011 2 19 0 71 -3 -1 0 0 0 4 1 16
1011 3 44 -51 698 0 0 0 14 10 55 2 478
1012 0 34 -61 2105 -1 0 1 2 5 114 9 1045
1012 1 19 0 71 0 -1 0 0 0 4 1 16
1012 2 39 -61 720 -1 -6 0 14 7 64 2 511
1013 0 30 -61 1930 0 0 1 5 4 109 7 910
1013 1 39 -61 656 0 0 0 13 8 56 2 519
1014 0 34 -61 1699 0 0 1 0 4 108 6 916
1014 1 39 -61 668 0 -1 0 10 8 58 3 473
1015 0 45 -44 386 0 0 0 2 0 50 12 920
1015 1 23 -60 1221 0 -2 1 3 3 54 3 593
1015 2 17 0 55 2 0 0 0 0 2 2 14
1015 3 44 -53 667 4 6 0 6 11 49 0 638
