0 0 351 67 56 54
0 1 363 172 24 18
1 0 336 64 72 60
1 1 368 172 40 20
2 0 336 64 74 58
2 1 374 176 26 14
3 0 325 69 91 75
4 0 320 92 102 45
4 1 377 180 39 29
5 0 320 96 82 35
5 1 365 182 42 34
6 0 333 96 67 34
6 1 378 181 37 59
7 0 399 192 33 52
8 0 384 188 42 68
9 0 352 96 52 28
9 1 374 192 46 59
10 0 376 86 34 32
10 1 363 189 48 61
11 0 391 102 11 13
12 0 338 82 66 46
12 1 336 183 68 41
13 0 334 86 70 38
13 1 368 184 45 40
14 0 397 192 21 24
15 0 400 193 21 31
16 0 332 99 64 34
16 1 372 187 40 44
17 0 364 189 49 51
18 0 334 100 64 29
19 0 331 92 62 37
19 1 329 180 70 53
20 0 352 102 51 26
20 1 330 176 74 54
21 0 384 90 26 28
21 1 325 181 77 41
22 0 384 80 32 38
22 1 304 176 85 38
23 0 316 176 83 32
24 0 358 80 52 38
24 1 314 175 84 33
25 0 352 75 59 43
25 1 312 175 78 33
26 0 352 48 60 69
26 1 363 140 13 12
26 2 288 156 100 36
27 0 363 141 15 11
27 1 304 148 84 44
28 0 384 38 38 74
28 1 363 140 15 12
28 2 307 156 79 36
29 0 372 38 50 75
29 1 365 139 11 13
29 2 306 148 78 33
30 0 314 155 70 21
31 0 352 42 80 92
31 1 304 154 75 22
32 0 336 54 75 66
32 1 304 150 80 26
33 0 304 154 72 22
34 0 336 54 70 66
34 1 304 154 74 22
35 0 342 48 68 70
35 1 304 150 74 26
36 0 360 36 56 80
36 1 304 144 80 28
37 0 304 144 80 30
38 0 352 48 61 71
38 1 304 150 80 22
39 0 348 48 64 72
39 1 304 150 74 26
40 0 304 154 80 18
41 0 342 52 63 66
41 1 312 160 72 16
42 0 333 160 57 30
43 0 384 54 38 58
43 1 357 182 47 30
44 0 384 48 37 64
44 1 364 184 43 40
45 0 352 64 61 52
45 1 363 187 45 37
46 0 349 72 63 47
46 1 350 184 54 40
47 0 332 80 75 42
48 0 320 96 82 36
48 1 337 184 66 45
49 0 320 102 81 31
49 1 352 187 58 59
50 0 325 102 75 29
50 1 363 190 51 66
51 0 362 190 52 66
52 0 356 100 46 28
52 1 344 187 66 69
53 0 368 98 36 25
54 0 400 86 20 26
54 1 320 180 80 43
55 0 392 87 25 27
55 1 318 179 82 43
56 0 360 96 44 29
56 1 320 181 82 45
57 0 342 102 55 26
57 1 320 181 82 51
58 0 320 112 80 17
59 0 326 112 71 18
59 1 337 184 70 62
60 0 317 114 79 16
60 1 328 184 79 64
61 0 318 112 78 19
61 1 328 184 78 64
62 0 320 112 80 24
62 1 336 185 71 58
63 0 352 96 50 32
63 1 352 187 58 60
64 0 357 100 44 28
64 1 362 189 51 64
65 0 368 100 36 28
65 1 379 192 39 67
66 0 358 106 42 22
66 1 372 192 46 69
67 0 352 112 46 17
67 1 368 190 48 82
68 0 342 112 54 18
68 1 352 188 60 68
69 0 328 112 68 19
69 1 336 184 71 57
70 0 321 96 79 35
70 1 316 180 84 35
71 0 326 96 71 32
71 1 314 176 85 32
72 0 313 172 83 30
73 0 315 174 81 34
74 0 384 48 36 64
74 1 315 168 74 24
75 0 368 40 50 75
75 1 313 163 74 29
76 0 352 48 64 68
76 1 304 166 80 26
77 0 336 64 85 53
77 1 304 166 84 26
78 0 336 66 85 52
78 1 304 166 84 26
79 0 342 54 71 63
79 1 304 170 83 22
80 0 338 56 77 60
80 1 304 168 82 18
81 0 342 52 76 66
81 1 304 164 80 28
82 0 352 48 60 69
82 1 307 160 77 23
83 0 352 38 66 80
83 1 317 164 67 21
84 0 376 32 46 80
84 1 320 160 60 16
85 0 368 32 54 80
85 1 314 144 65 28
86 0 368 38 50 76
86 1 310 159 70 15
87 0 358 38 58 77
87 1 314 158 65 18
88 0 360 36 56 79
88 1 324 166 62 16
89 0 368 32 48 83
89 1 336 168 53 24
90 0 384 32 39 80
90 1 381 183 22 14
91 0 368 36 48 79
91 1 344 164 40 12
92 0 352 32 64 83
92 1 336 158 45 13
93 0 342 48 71 68
93 1 320 150 64 26
94 0 312 150 72 22
95 0 368 32 48 82
95 1 304 160 80 16
96 0 310 150 69 22
97 0 368 32 52 80
97 1 304 152 73 15
98 0 307 150 68 17
99 0 320 150 56 15
100 0 352 44 64 73
100 1 304 150 71 18
101 0 352 48 58 70
101 1 304 144 72 22
102 0 356 40 60 77
102 1 320 160 60 16
103 0 384 38 36 74
103 1 358 181 42 27
104 0 384 40 36 74
104 1 385 187 23 19
105 0 374 185 32 39
106 0 380 187 29 23
107 0 336 70 68 52
107 1 372 187 36 25
108 0 326 84 78 44
108 1 389 191 27 27
109 0 320 80 83 49
109 1 412 195 16 29
110 0 320 80 83 49
110 1 416 198 16 42
111 0 336 80 67 44
111 1 416 199 16 41
112 0 384 194 37 57
113 0 358 81 50 38
113 1 352 195 69 61
114 0 352 80 53 41
114 1 336 191 80 49
115 0 336 81 67 43
115 1 329 187 81 42
116 0 336 82 67 42
116 1 340 188 72 58
117 0 326 100 74 29
117 1 368 192 50 80
118 0 324 104 72 26
118 1 368 192 50 80
119 0 320 112 70 32
119 1 365 192 53 72
120 0 320 112 72 32
120 1 363 191 53 72
121 0 320 128 64 12
121 1 352 188 60 69
122 0 320 128 64 13
122 1 349 188 63 68
123 0 320 128 65 16
124 0 336 122 52 16
124 1 384 192 36 83
125 0 352 128 32 12
125 1 368 192 53 80
126 0 336 134 45 26
126 1 384 194 39 84
127 0 336 132 45 16
127 1 392 194 40 84
128 0 324 138 50 22
128 1 384 192 34 83
129 0 320 132 61 18
129 1 384 193 36 84
130 0 304 132 78 28
130 1 400 197 32 83
131 0 304 134 77 26
131 1 414 199 16 81
132 0 304 134 76 26
132 1 392 195 31 82
133 0 368 192 51 80
134 0 304 134 77 24
134 1 368 192 50 80
135 0 320 137 60 23
135 1 352 190 64 76
136 0 320 138 54 22
136 1 352 189 64 83
137 0 336 136 44 18
137 1 352 188 60 73
138 0 326 136 54 24
138 1 352 188 60 84
139 0 336 132 44 18
139 1 352 188 60 73
140 0 362 128 22 16
140 1 365 190 51 82
141 0 368 125 20 7
141 1 372 190 44 82
142 0 390 112 11 13
142 1 368 192 51 80
143 0 387 120 13 8
143 1 376 192 43 84
144 0 381 192 38 84
145 0 359 188 59 75
146 0 343 187 67 69
147 0 352 136 19 12
147 1 345 187 65 67
148 0 336 128 45 20
148 1 352 188 60 71
149 0 320 144 58 19
149 1 379 192 40 80
150 0 326 138 53 22
150 1 376 192 42 80
151 0 336 128 47 32
152 0 336 128 48 32
152 1 354 189 59 74
153 0 370 128 14 10
153 1 336 187 72 63
154 0 372 115 23 15
154 1 320 181 82 41
155 0 369 116 31 12
155 1 315 176 84 46
156 0 372 96 31 26
156 1 316 176 83 46
157 0 315 176 83 34
158 0 313 174 83 34
159 0 416 64 18 42
159 1 312 174 84 32
160 0 384 61 36 51
160 1 312 174 84 34
161 0 368 64 48 49
161 1 320 176 77 37
162 0 360 68 56 46
162 1 328 181 73 43
163 0 336 88 74 30
164 0 336 98 69 24
164 1 352 187 56 53
165 0 320 102 85 20
165 1 365 188 47 56
166 0 320 102 84 22
166 1 362 188 50 68
167 0 320 116 80 12
167 1 352 188 60 68
168 0 320 112 80 17
168 1 352 188 60 68
169 0 317 112 79 20
169 1 350 188 62 68
170 0 310 112 85 20
170 1 336 187 74 69
171 0 310 116 80 16
171 1 352 188 60 68
172 0 310 116 78 17
172 1 352 189 63 72
173 0 304 120 84 40
173 1 368 192 50 80
174 0 304 122 85 12
174 1 352 190 64 76
175 0 304 112 84 32
175 1 350 188 62 68
176 0 304 110 96 24
177 0 325 182 79 50
178 0 320 80 85 48
178 1 320 180 82 44
179 0 326 72 78 52
179 1 304 179 96 45
180 0 304 174 92 34
181 0 304 174 91 34
182 0 304 174 92 34
183 0 320 74 84 50
183 1 312 172 76 20
184 0 324 72 81 50
184 1 312 166 74 21
185 0 336 64 68 56
185 1 314 166 72 26
186 0 339 64 65 56
186 1 336 176 60 32
187 0 336 64 68 56
187 1 352 180 48 26
188 0 336 64 68 56
188 1 348 174 49 22
189 0 352 48 58 70
189 1 333 175 63 27
190 0 352 48 60 69
190 1 320 173 77 35
191 0 336 48 76 69
191 1 304 173 91 35
192 0 336 57 73 61
192 1 316 175 80 28
193 0 326 68 80 54
193 1 334 180 63 32
194 0 320 80 86 48
195 0 316 88 84 42
195 1 382 189 35 51
196 0 380 189 37 39
197 0 310 102 93 34
197 1 388 192 30 38
198 0 310 104 90 30
198 1 410 196 22 34
199 0 308 108 92 26
199 1 416 198 16 32
200 0 304 114 94 20
200 1 397 194 25 61
201 0 304 114 89 18
201 1 368 190 45 55
202 0 304 116 91 17
202 1 352 188 59 52
203 0 304 112 94 23
204 0 304 114 86 18
204 1 362 184 46 42
205 0 304 112 91 20
205 1 392 190 23 32
206 0 304 102 92 29
206 1 400 192 19 32
207 0 310 100 90 34
207 1 381 188 31 39
208 0 324 72 81 56
209 0 352 181 50 27
210 0 342 48 68 70
210 1 320 175 76 25
211 0 320 174 76 28
212 0 326 68 80 54
212 1 314 170 76 26
213 0 324 72 80 52
213 1 316 172 74 23
214 0 320 80 82 45
214 1 316 168 72 24
215 0 320 80 81 48
215 1 317 171 70 19
216 0 320 64 84 60
216 1 320 160 67 32
217 0 336 54 73 64
217 1 333 172 56 14
218 0 342 48 68 70
218 1 339 174 57 18
219 0 344 181 58 43
220 0 342 64 62 56
220 1 352 183 52 41
221 0 333 80 71 44
221 1 368 187 42 37
222 0 326 86 76 39
222 1 368 188 44 52
223 0 320 96 80 33
223 1 388 192 30 40
224 0 320 96 80 33
224 1 403 194 18 41
225 0 352 86 51 38
225 1 416 197 16 43
226 0 368 80 42 38
226 1 410 192 12 20
227 0 374 70 42 47
228 0 368 70 48 47
228 1 333 182 70 36
229 0 352 84 52 38
229 1 320 180 80 36
230 0 336 80 66 44
230 1 317 173 79 29
231 0 336 92 66 33
231 1 316 176 78 26
232 0 342 86 60 39
232 1 304 174 84 34
233 0 368 80 42 38
233 1 315 174 74 34
234 0 390 70 30 42
234 1 320 176 76 32
235 0 336 183 68 44
236 0 352 66 60 50
236 1 349 185 56 42
237 0 340 64 69 54
237 1 352 182 51 32
238 0 326 74 83 54
238 1 362 152 18 16
238 2 331 176 65 26
239 0 320 74 86 54
239 1 358 152 23 16
239 2 316 173 73 19
240 0 326 70 84 57
240 1 304 168 85 24
241 0 326 70 84 58
241 1 304 160 84 32
242 0 336 56 74 62
242 1 288 160 99 32
243 0 342 48 70 69
243 1 304 164 80 28
244 0 356 40 60 76
244 1 365 152 15 8
244 2 304 155 79 21
245 0 360 36 56 80
245 1 306 152 78 21
246 0 352 32 64 84
246 1 304 152 79 24
247 0 368 38 48 78
247 1 310 155 71 21
248 0 378 32 44 80
248 1 318 160 64 15
249 0 390 32 34 77
249 1 336 166 52 18
250 0 400 32 27 76
250 1 344 166 42 17
251 0 400 26 26 86
251 1 336 168 52 15
252 0 400 22 28 86
252 1 320 144 67 38
253 0 374 32 48 80
253 1 304 164 80 19
254 0 352 48 64 70
254 1 309 160 77 32
255 0 326 68 82 56
255 1 304 173 90 29
256 0 324 72 82 56
256 1 320 180 80 34
257 0 320 80 83 45
257 1 332 182 72 49
258 0 320 90 82 35
258 1 336 186 71 54
259 0 352 188 60 68
260 0 320 96 80 33
260 1 345 187 65 69
261 0 352 188 60 71
262 0 320 96 79 33
262 1 336 185 74 71
263 0 314 106 87 28
263 1 336 185 74 71
264 0 310 96 86 35
264 1 346 187 64 69
265 0 310 104 93 31
265 1 371 190 45 80
266 0 314 96 86 33
266 1 400 196 26 76
267 0 400 195 32 61
268 0 342 54 68 64
268 1 363 192 53 48
269 0 352 52 58 66
270 0 320 183 84 25
271 0 342 54 68 64
271 1 316 182 87 20
272 0 342 54 68 64
272 1 312 176 86 19
273 0 336 54 74 64
273 1 304 144 85 48
274 0 304 166 84 26
275 0 304 164 84 28
276 0 342 52 68 66
276 1 304 160 83 18
277 0 352 48 60 69
277 1 304 160 80 16
278 0 364 152 12 8
278 1 305 160 78 16
279 0 352 48 60 69
279 1 307 160 75 16
280 0 348 48 64 69
280 1 320 162 64 18
281 0 342 54 68 64
281 1 334 166 53 18
282 0 351 48 59 70
282 1 352 172 36 12
283 0 352 48 60 69
283 1 352 170 36 16
284 0 342 54 68 64
284 1 344 163 42 16
285 0 336 52 74 66
285 1 341 167 46 14
286 0 342 48 68 70
286 1 344 169 44 14
287 0 360 38 56 78
287 1 368 176 29 11
288 0 358 38 58 78
288 1 380 179 20 10
289 0 352 50 60 67
289 1 364 176 28 11
290 0 357 170 36 16
291 0 326 68 79 54
291 1 347 176 45 16
292 0 354 56 56 62
292 1 368 183 35 25
293 0 368 56 45 60
294 0 388 64 29 49
294 1 378 188 34 28
295 0 384 70 32 45
295 1 368 190 45 36
296 0 368 84 42 34
296 1 372 188 40 43
297 0 347 95 55 30
297 1 400 194 22 43
298 0 336 96 61 32
298 1 413 197 19 46
299 0 336 96 64 33
299 1 412 196 20 56
300 0 336 100 64 29
300 1 400 196 32 70
301 0 364 96 36 32
301 1 384 195 38 77
302 0 404 96 15 17
302 1 358 190 57 66
303 0 365 154 19 18
303 1 348 187 62 57
304 0 432 80 16 24
304 1 357 187 53 50
305 0 432 90 16 14
305 1 364 152 21 22
306 0 364 151 22 22
306 1 336 182 67 42
307 0 384 80 32 36
307 1 320 176 78 32
308 0 378 80 38 37
308 1 363 136 17 13
308 2 364 152 23 22
308 3 318 176 80 32
309 0 384 84 32 32
309 1 363 136 17 13
309 2 364 152 22 21
309 3 320 176 77 32
310 0 368 90 37 32
310 1 363 136 16 13
310 2 364 152 22 21
310 3 333 178 63 36
311 0 358 96 46 28
311 1 364 136 22 37
311 2 329 180 71 44
312 0 356 97 45 29
312 1 363 136 23 37
312 2 320 179 80 45
313 0 364 136 22 37
313 1 320 178 80 46
314 0 336 112 59 24
314 1 363 133 22 41
314 2 304 179 95 45
315 0 336 112 59 61
315 1 304 178 95 46
316 0 342 112 52 19
316 1 363 136 23 37
316 2 321 179 78 45
317 0 352 112 42 61
317 1 320 180 80 48
318 0 363 136 23 37
318 1 336 182 71 64
319 0 408 96 13 16
319 1 325 182 78 50
320 0 400 80 20 32
320 1 364 137 22 36
320 2 320 180 80 45
321 0 416 80 12 28
321 1 364 136 22 37
321 2 315 176 83 40
322 0 422 64 22 42
322 1 364 136 22 37
322 2 304 176 92 48
323 0 432 64 24 40
323 1 364 135 22 38
323 2 320 175 74 31
324 0 363 136 23 36
324 1 320 174 69 26
325 0 384 54 35 58
325 1 332 175 60 27
326 0 352 64 60 52
326 1 364 132 22 40
326 2 320 172 76 28
327 0 336 70 68 50
327 1 364 126 28 22
327 2 365 150 21 22
327 3 348 179 52 31
328 0 336 80 68 50
328 1 364 130 24 17
328 2 365 150 21 22
328 3 376 186 34 30
329 0 326 100 74 48
329 1 365 150 21 22
329 2 368 188 44 36
330 0 326 102 74 46
330 1 365 150 21 22
330 2 368 188 45 41
331 0 320 96 76 52
331 1 365 150 21 22
331 2 347 185 59 45
332 0 320 112 75 36
332 1 365 150 21 22
332 2 336 183 68 41
333 0 320 112 71 35
333 1 365 150 21 22
333 2 330 182 74 49
334 0 320 114 72 59
334 1 326 181 77 53
335 0 304 112 84 60
335 1 320 181 82 53
336 0 304 116 85 33
336 1 365 150 21 22
336 2 320 180 80 44
337 0 310 128 78 21
337 1 365 151 19 21
337 2 320 181 83 59
338 0 320 130 68 18
338 1 365 150 21 23
338 2 336 185 70 65
339 0 310 128 76 22
339 1 365 151 20 22
339 2 336 185 72 71
340 0 304 128 80 22
340 1 364 152 20 20
340 2 332 185 74 61
341 0 304 128 83 10
341 1 364 152 20 19
342 0 304 122 84 22
342 1 320 179 82 49
343 0 304 121 88 17
343 1 312 182 92 58
344 0 304 116 87 22
344 1 347 187 63 85
345 0 304 112 91 20
345 1 352 188 61 68
346 0 336 185 72 71
347 0 326 68 79 57
347 1 320 181 83 59
348 0 336 64 70 58
348 1 320 181 82 43
349 0 336 64 69 58
349 1 304 173 91 35
350 0 365 152 16 14
350 1 304 174 91 34
351 0 320 64 84 60
351 1 304 174 85 24
352 0 326 64 78 60
352 1 304 174 85 18
353 0 340 56 65 65
353 1 304 166 84 26
354 0 356 48 56 69
354 1 304 160 81 32
355 0 368 38 48 78
355 1 304 160 80 16
356 0 304 160 80 16
357 0 358 48 58 68
357 1 306 161 75 15
358 0 352 52 60 65
358 1 304 160 80 16
359 0 352 54 61 63
359 1 318 176 76 32
360 0 368 64 45 52
360 1 325 177 71 31
361 0 416 80 12 32
362 0 416 80 16 27
362 1 360 187 48 41
363 0 432 80 12 24
363 1 346 185 60 55
364 0 432 80 14 24
364 1 336 184 68 40
365 0 384 80 32 36
365 1 328 182 75 44
366 0 368 86 43 31
366 1 320 181 82 43
367 0 352 86 53 36
367 1 320 181 82 46
368 0 352 88 51 36
368 1 326 181 76 53
369 0 352 187 58 53
370 0 360 188 52 64
371 0 320 96 78 33
371 1 368 190 48 72
372 0 320 112 75 19
372 1 368 190 48 74
373 0 320 122 66 16
373 1 368 192 50 80
374 0 320 116 67 28
374 1 368 192 50 80
375 0 320 112 68 26
375 1 368 192 50 80
376 0 317 114 71 20
376 1 368 191 48 81
377 0 310 112 85 20
377 1 352 188 60 68
378 0 304 96 96 38
378 1 342 186 66 54
379 0 310 98 90 36
379 1 347 186 60 54
380 0 320 78 72 50
380 1 332 175 76 52
381 0 352 52 58 66
381 1 336 180 64 44
382 0 352 48 61 70
382 1 357 182 46 31
383 0 342 54 67 64
383 1 348 176 49 22
384 0 336 64 69 58
384 1 339 175 57 22
385 0 320 173 68 20
386 0 326 68 79 54
386 1 317 173 71 29
387 0 336 64 69 58
387 1 312 173 77 19
388 0 352 38 60 79
388 1 312 166 74 26
389 0 315 160 70 26
390 0 336 60 69 59
390 1 315 164 70 20
391 0 320 64 84 60
391 1 313 160 73 26
392 0 326 68 78 55
392 1 316 170 71 14
393 0 326 64 78 59
393 1 316 160 71 32
394 0 338 54 67 66
394 1 320 166 66 20
395 0 342 52 68 66
395 1 315 160 65 16
396 0 352 48 60 69
396 1 307 160 73 16
397 0 342 52 68 66
397 1 288 160 93 13
398 0 342 48 68 70
398 1 288 160 93 12
399 0 307 160 73 13
399 1 390 176 14 16
400 0 356 48 60 69
400 1 311 166 75 26
401 0 352 48 61 69
401 1 288 172 108 36
402 0 368 54 50 62
402 1 340 180 60 35
403 0 352 70 58 48
403 1 347 182 55 30
404 0 349 182 54 37
405 0 342 80 62 42
405 1 353 182 50 32
406 0 336 80 64 48
406 1 362 182 43 42
407 0 326 96 74 32
407 1 381 188 31 36
408 0 388 190 28 50
409 0 336 100 59 32
409 1 400 194 32 52
410 0 418 197 14 56
411 0 351 112 49 16
411 1 400 197 32 75
412 0 336 112 59 19
412 1 376 192 42 80
413 0 333 116 61 16
413 1 368 192 50 68
414 0 304 112 89 20
414 1 368 190 48 82
415 0 304 112 84 21
416 0 304 114 84 20
416 1 368 190 47 82
417 0 304 128 80 13
417 1 393 194 28 86
418 0 304 128 80 12
418 1 393 194 28 86
419 0 304 128 79 16
419 1 392 194 30 84
420 0 304 128 80 16
420 1 394 195 36 85
421 0 304 128 78 32
421 1 406 197 26 84
422 0 304 128 77 26
422 1 410 197 22 84
423 0 304 128 76 28
424 0 288 128 92 38
424 1 400 196 24 82
425 0 288 138 92 28
425 1 393 194 29 86
426 0 307 140 73 24
426 1 390 193 32 85
427 0 304 128 82 16
427 1 397 195 35 85
428 0 304 130 80 14
428 1 384 194 38 82
429 0 304 130 80 14
429 1 381 192 38 85
430 0 304 128 80 16
430 1 352 190 63 74
431 0 304 128 80 16
431 1 368 190 48 82
432 0 304 128 80 16
432 1 352 188 64 84
433 0 368 190 48 82
434 0 304 134 80 26
434 1 368 192 50 80
435 0 304 134 80 26
435 1 400 197 28 83
436 0 304 128 80 32
436 1 400 198 32 83
437 0 304 130 80 30
437 1 416 199 14 82
438 0 304 134 78 26
439 0 304 128 77 32
439 1 418 199 14 84
440 0 312 128 70 32
440 1 418 200 14 83
441 0 326 128 56 16
441 1 416 200 16 81
442 0 323 128 59 20
442 1 418 200 14 81
443 0 320 140 56 20
443 1 416 201 22 83
444 0 320 134 60 23
444 1 434 201 13 73
445 0 320 128 61 32
445 1 432 202 23 70
446 0 352 122 34 22
446 1 440 201 24 71
448 0 384 116 16 9
448 1 384 192 39 80
449 0 352 96 50 29
449 1 352 190 63 66
450 0 352 100 52 23
450 1 352 188 60 68
451 0 400 80 18 33
451 1 382 191 34 57
452 0 395 193 25 55
453 0 426 80 13 24
453 1 416 198 16 42
454 0 426 76 18 29
454 1 408 197 24 39
455 0 384 48 39 64
455 1 362 188 49 44
456 0 384 48 36 64
456 1 352 186 56 45
457 0 362 183 43 41
458 0 448 64 16 42
458 1 401 190 15 28
459 0 448 64 22 42
459 1 408 194 13 20
460 0 427 39 26 65
461 0 426 32 22 73
462 0 404 32 25 75
462 1 345 181 55 21
463 0 384 32 42 77
464 0 368 38 56 74
464 1 320 176 76 32
465 0 384 34 40 75
465 1 331 176 65 32
466 0 406 32 26 75
466 1 336 174 54 16
467 0 336 166 51 21
468 0 434 32 14 72
468 1 320 160 61 16
469 0 436 32 12 72
469 1 328 160 53 16
470 0 408 22 22 85
470 1 320 160 60 13
471 0 386 32 38 77
471 1 332 170 56 16
472 0 361 42 54 70
472 1 370 177 30 41
473 0 342 54 70 66
473 1 420 198 12 20
474 0 366 47 45 65
475 0 409 32 23 75
475 1 368 179 35 29
476 0 345 173 44 19
477 0 432 32 32 73
477 1 320 160 66 21
478 0 432 32 26 72
478 1 307 160 73 13
479 0 312 160 68 13
480 0 320 160 59 16
481 0 389 35 30 69
481 1 320 160 58 16
482 0 333 168 53 13
483 0 336 64 68 56
484 0 326 70 83 58
485 0 320 82 84 43
485 1 363 186 45 39
486 0 320 96 82 35
487 0 326 104 71 28
487 1 320 181 82 49
488 0 333 112 62 19
488 1 320 180 80 42
489 0 320 179 80 45
490 0 320 96 82 36
490 1 320 179 82 45
491 0 320 96 81 38
491 1 336 185 74 71
492 0 310 100 91 34
492 1 336 185 74 71
493 0 304 96 93 34
493 1 352 188 60 74
494 0 310 96 90 38
494 1 351 187 59 69
495 0 320 182 83 50
496 0 304 179 96 45
497 0 336 58 69 63
497 1 304 174 85 26
498 0 304 176 90 26
499 0 336 64 72 61
499 1 315 175 81 33
500 0 326 64 82 58
500 1 320 173 69 29
501 0 320 175 74 25
502 0 336 60 70 62
502 1 320 160 67 24
503 0 320 160 67 23
504 0 341 52 66 71
504 1 304 161 80 15
505 0 304 160 78 16
506 0 304 164 82 28
507 0 326 68 79 54
507 1 304 160 83 16
508 0 326 64 77 61
508 1 304 144 83 30
508 2 390 176 14 15
509 0 394 107 11 14
509 1 304 144 83 30
510 0 352 48 61 69
510 1 304 160 83 16
511 0 304 176 92 26
512 0 368 36 48 79
512 1 332 173 57 17
513 0 360 36 56 80
513 1 333 166 55 11
514 0 320 160 64 16
515 0 384 32 38 80
515 1 376 175 18 9
516 0 384 25 40 86
517 0 384 32 40 80
517 1 383 176 13 10
518 0 352 163 31 10
519 0 354 43 57 69
519 1 336 150 36 14
520 0 320 144 59 24
521 0 336 64 69 58
521 1 320 150 61 19
522 0 330 64 76 64
522 1 320 160 69 32
523 0 352 56 59 61
523 1 352 183 51 25
524 0 368 56 45 60
525 0 390 64 32 48
525 1 392 192 26 33
526 0 352 70 58 48
526 1 387 191 29 36
527 0 342 80 62 41
527 1 405 194 19 31
528 0 342 80 62 43
529 0 368 86 40 35
529 1 426 200 20 40
530 0 390 86 26 30
530 1 388 195 35 69
531 0 406 86 17 25
531 1 385 195 38 77
532 0 404 80 20 31
532 1 368 195 54 69
533 0 368 80 44 37
533 1 346 192 70 50
534 0 374 88 36 30
534 1 339 188 73 52
535 0 368 96 36 27
535 1 341 186 69 64
536 0 336 186 72 70
537 0 326 112 69 19
537 1 333 186 74 59
538 0 310 112 85 24
538 1 332 186 75 58
539 0 310 112 85 24
540 0 304 105 92 30
540 1 320 180 80 44
541 0 310 104 86 27
541 1 304 180 96 44
542 0 336 86 66 39
542 1 304 180 94 44
543 0 319 179 81 45
544 0 368 70 44 47
544 1 321 180 79 46
545 0 320 180 80 48
546 0 356 188 60 73
547 0 352 189 60 74
548 0 326 96 74 32
548 1 345 187 65 68
549 0 310 104 87 31
549 1 304 182 99 48
550 0 310 104 87 27
550 1 320 180 80 44
551 0 320 102 77 28
551 1 320 181 82 59
552 0 326 112 68 19
552 1 336 186 72 70
553 0 320 112 70 26
553 1 347 186 63 70
554 0 320 122 67 16
554 1 352 188 61 72
555 0 310 120 78 40
555 1 336 186 74 70
556 0 310 112 85 24
556 1 336 184 72 72
557 0 304 112 92 24
557 1 336 185 70 61
558 0 310 100 87 30
559 0 320 80 86 48
559 1 336 185 71 65
560 0 336 70 71 53
560 1 336 184 71 72
561 0 352 54 61 63
561 1 332 182 73 63
562 0 360 48 56 68
562 1 333 182 73 63
563 0 365 48 51 68
563 1 328 182 75 58
564 0 358 48 58 68
565 0 336 186 72 70
566 0 352 188 60 68
567 0 336 58 74 63
567 1 368 188 44 52
568 0 336 58 74 60
568 1 360 188 51 52
569 0 336 57 74 61
569 1 336 181 66 43
570 0 320 175 76 36
571 0 368 48 48 66
571 1 382 189 30 35
572 0 402 48 22 62
572 1 410 194 13 26
573 0 416 40 26 66
573 1 393 191 23 31
574 0 432 45 23 59
574 1 378 188 34 36
575 0 441 44 19 64
575 1 376 186 34 38
576 0 380 187 30 37
577 0 420 32 28 74
577 1 396 182 23 34
578 0 416 48 50 64
578 1 388 124 12 6
579 0 384 64 64 66
579 1 412 195 12 27
580 0 370 48 72 68
580 1 376 176 40 51
581 0 400 80 22 32
584 0 416 195 11 27
585 0 384 63 32 52
585 1 378 174 31 37
586 0 368 176 35 44
587 0 336 176 62 48
588 0 448 80 40 40
589 0 396 180 28 28
590 0 392 181 24 27
591 0 392 180 20 28
592 0 448 80 32 35
593 0 340 112 55 19
593 1 324 144 56 39
594 0 341 100 64 20
595 0 336 96 76 21
596 0 314 102 96 59
596 1 320 160 80 40
597 0 336 96 80 22
597 1 352 159 48 44
598 0 336 96 82 20
598 1 353 164 47 39
599 0 335 100 83 14
600 0 336 96 82 18
601 0 336 80 84 32
601 1 390 176 12 12
602 0 326 80 90 37
602 1 390 176 12 13
603 0 320 80 94 38
603 1 352 118 39 32
603 2 352 166 36 13
604 0 355 160 33 20
605 0 320 96 92 25
605 1 355 164 33 20
606 0 342 64 74 50
606 1 372 136 11 19
607 0 352 48 69 64
608 0 332 72 84 46
608 1 352 120 39 15
608 2 310 136 92 54
609 0 320 80 92 37
609 1 352 120 39 28
609 2 304 138 98 53
610 0 320 91 85 31
610 1 352 120 38 14
610 2 304 136 99 72
611 0 304 122 98 86
612 0 320 86 87 38
612 1 310 122 106 126
613 0 320 80 88 44
613 1 310 122 106 126
614 0 320 90 88 32
615 0 320 90 88 29
616 0 320 90 88 32
617 0 320 90 87 34
618 0 320 96 86 32
619 0 320 96 84 29
620 0 320 96 86 32
621 0 320 96 86 32
621 1 336 176 82 64
622 0 318 96 84 29
623 0 320 86 84 44
624 0 356 123 27 15
624 1 323 168 73 29
625 0 412 101 12 8
626 0 406 48 26 62
627 0 372 44 41 67
627 1 323 172 77 33
628 0 345 64 63 46
628 1 317 177 83 27
629 0 320 80 90 38
629 1 412 202 20 8
630 0 320 80 88 39
631 0 320 86 84 38
632 0 304 96 97 31
633 0 336 178 74 66
634 0 352 178 63 78
635 0 352 178 66 83
636 0 344 178 72 75
637 0 325 177 85 58
638 0 320 186 83 28
639 0 308 108 76 26
639 1 321 175 71 36
640 0 309 103 69 32
641 0 306 97 73 36
642 0 307 97 86 31
643 0 309 96 80 33
643 1 321 180 67 24
644 0 306 102 81 29
644 1 328 172 66 31
645 0 308 91 84 38
645 1 321 172 74 22
646 0 307 86 80 40
647 0 320 80 80 48
647 1 336 181 86 46
648 0 336 68 68 55
648 1 325 179 87 55
649 0 336 64 69 56
650 0 352 64 58 54
650 1 327 182 83 52
651 0 320 184 90 54
652 0 320 182 90 53
653 0 320 96 83 33
654 0 312 96 88 32
655 0 310 96 90 34
655 1 314 183 90 42
656 0 310 96 90 34
656 1 336 182 72 43
657 0 314 96 86 34
657 1 378 182 32 42
658 0 317 90 83 38
658 1 365 182 43 42
659 0 320 80 82 45
659 1 324 181 77 35
660 0 320 86 80 42
661 0 310 96 90 34
662 0 310 96 90 33
663 0 304 104 96 26
664 0 308 104 79 30
665 0 306 110 70 30
665 1 328 170 67 33
666 0 328 184 84 40
667 0 297 110 80 23
667 1 364 166 16 7
667 2 328 184 84 27
668 0 364 167 16 6
669 0 302 105 88 34
670 0 320 182 75 17
671 0 307 116 80 26
672 0 308 107 69 31
672 1 320 172 82 27
673 0 316 108 68 29
673 1 327 175 65 21
674 0 333 99 54 30
674 1 317 175 84 27
675 0 364 167 15 6
676 0 315 95 75 33
676 1 314 175 80 27
677 0 310 96 79 36
677 1 314 178 80 26
678 0 311 103 69 28
678 1 317 173 79 36
679 0 306 102 81 33
679 1 316 176 71 34
681 0 296 109 74 31
681 1 312 163 70 22
682 0 313 110 70 31
682 1 294 142 85 20
682 2 305 167 76 15
683 0 304 112 90 64
683 1 316 176 84 30
684 0 304 112 90 64
684 1 313 184 91 21
685 0 304 112 90 64
685 1 315 176 85 27
686 0 304 112 91 63
686 1 304 182 98 26
687 0 304 112 90 65
687 1 313 180 87 28
688 0 304 112 93 64
688 1 314 180 86 28
689 0 304 102 93 74
689 1 314 180 86 27
690 0 304 102 93 28
690 1 309 130 91 74
691 0 311 134 66 31
691 1 307 177 87 18
692 0 314 96 86 32
692 1 362 126 24 19
692 2 308 141 99 65
693 0 314 99 86 29
693 1 362 131 24 15
693 2 304 141 103 59
694 0 310 96 90 34
694 1 304 130 106 76
695 0 308 108 92 20
695 1 361 131 25 13
695 2 312 141 87 44
696 0 304 112 93 18
696 1 360 131 26 10
696 2 311 172 89 12
697 0 308 112 87 28
697 1 365 167 13 6
697 2 304 180 95 22
698 0 304 112 92 28
698 1 313 141 63 30
698 2 304 176 94 24
699 0 310 104 87 40
699 1 309 172 100 28
700 0 318 96 82 33
700 1 361 131 25 13
700 2 305 142 84 37
701 0 320 86 80 42
701 1 304 128 101 66
702 0 320 92 80 36
702 1 360 131 26 13
702 2 304 141 89 39
703 0 310 96 90 32
703 1 358 131 28 13
703 2 304 141 103 51
704 0 310 96 90 34
704 1 304 127 106 66
705 0 304 122 104 71
706 0 310 104 90 26
706 1 308 130 101 64
707 0 304 131 89 50
708 0 310 96 90 33
708 1 363 130 24 12
708 2 304 134 88 47
709 0 310 96 90 33
709 1 304 130 84 49
710 0 310 96 90 33
710 1 364 130 22 14
710 2 304 138 85 41
711 0 320 88 80 40
711 1 306 130 83 49
712 0 320 80 83 45
712 1 308 131 81 48
713 0 364 131 22 11
713 1 304 134 85 45
714 0 325 80 79 44
714 1 363 131 23 11
714 2 304 141 77 35
715 0 314 96 86 34
715 1 365 131 21 13
715 2 304 142 84 36
716 0 320 96 80 33
716 1 365 131 21 13
716 2 304 165 88 14
717 0 317 106 83 23
717 1 320 131 66 42
717 2 312 172 84 18
718 0 310 106 87 23
718 1 365 131 21 13
718 2 320 140 66 38
718 3 312 176 88 16
719 0 310 112 90 18
719 1 365 131 21 13
719 2 320 141 66 35
719 3 314 180 86 12
720 0 310 102 90 26
720 1 359 131 27 15
720 2 320 140 66 36
720 3 314 180 86 19
721 0 310 112 90 16
721 1 361 131 25 14
721 2 320 146 57 27
721 3 314 180 86 28
722 0 309 116 86 28
722 1 365 167 11 6
722 2 315 180 85 28
723 0 304 114 96 31
723 1 304 180 96 44
724 0 304 118 90 27
724 1 320 182 83 37
725 0 304 118 90 27
725 1 320 182 83 42
726 0 304 121 90 25
726 1 346 157 30 16
726 2 312 181 88 27
727 0 304 122 90 24
727 1 317 145 69 31
727 2 312 176 87 32
728 0 304 122 85 25
728 1 355 142 18 6
728 2 318 145 69 31
728 3 304 180 93 28
729 0 304 122 85 26
729 1 318 146 69 30
729 2 312 176 85 26
730 0 304 122 85 42
730 1 316 180 84 32
731 0 304 124 84 22
731 1 318 142 55 21
731 2 315 180 85 28
732 0 304 128 82 19
732 1 355 142 18 6
733 0 304 131 82 21
733 1 336 186 72 61
734 0 304 131 82 33
735 0 301 123 71 20
735 1 315 144 63 26
735 2 317 180 83 34
736 0 304 128 93 72
737 0 291 172 104 36
738 0 310 102 85 61
738 1 291 172 105 30
739 0 330 85 63 46
739 1 316 131 69 33
739 2 320 172 77 36
740 0 361 133 24 8
740 1 357 141 19 7
740 2 344 179 56 29
741 0 357 131 28 17
741 1 320 172 76 36
742 0 361 131 24 10
742 1 357 141 19 7
742 2 304 176 90 24
743 0 325 80 80 44
743 1 304 171 88 21
744 0 320 80 80 48
744 1 304 160 77 32
745 0 320 80 80 48
745 1 358 132 27 15
745 2 304 146 73 38
746 0 310 96 90 34
746 1 360 132 25 14
746 2 304 146 73 46
747 0 320 88 80 40
747 1 361 132 24 9
747 2 359 141 17 5
747 3 304 146 73 35
748 0 357 132 29 15
748 1 304 157 76 19
749 0 320 90 80 39
749 1 362 132 24 8
749 2 318 136 59 28
749 3 304 164 73 12
750 0 320 80 83 49
750 1 363 132 22 8
750 2 304 145 69 31
751 0 320 88 80 41
751 1 363 131 22 10
751 2 304 141 73 35
752 0 310 96 89 34
752 1 366 131 19 13
752 2 304 146 74 31
753 0 366 131 20 13
753 1 304 146 75 38
754 0 315 89 78 36
754 1 360 131 26 13
754 2 317 138 60 23
754 3 302 167 74 14
755 0 304 96 96 33
755 1 360 131 26 13
755 2 306 146 73 38
756 0 304 96 95 33
756 1 361 130 25 16
756 2 304 144 75 35
757 0 312 96 87 33
757 1 360 130 26 22
757 2 321 146 50 14
757 3 304 168 85 15
758 0 312 96 87 33
758 1 360 130 26 22
758 2 306 146 84 38
759 0 317 97 82 32
759 1 356 130 30 22
759 2 304 147 75 37
760 0 320 86 80 39
760 1 358 130 28 17
760 2 304 147 74 30
761 0 320 86 80 39
761 1 360 132 26 16
761 2 348 156 20 7
762 0 320 86 80 42
762 1 359 132 27 14
762 2 304 146 69 28
763 0 320 80 82 45
763 1 360 132 26 14
763 2 304 147 68 25
764 0 320 80 82 45
764 1 360 132 26 14
764 2 307 147 66 27
765 0 320 80 82 45
765 1 358 132 28 16
765 2 307 147 65 25
766 0 358 132 28 16
766 1 307 147 65 25
766 2 390 176 12 13
767 0 316 88 84 37
767 1 358 130 28 18
767 2 304 146 72 30
768 0 320 80 75 44
768 1 314 136 67 22
768 2 305 155 61 29
769 0 336 64 69 57
769 1 305 132 81 40
770 0 320 80 84 44
770 1 358 132 27 12
770 2 304 143 70 30
771 0 320 82 80 46
771 1 358 131 28 13
771 2 304 144 70 29
772 0 320 80 80 48
773 0 320 80 80 45
773 1 306 131 80 41
774 0 305 132 80 39
775 0 368 40 48 76
775 1 306 135 81 41
776 0 342 48 70 69
776 1 358 132 21 14
776 2 316 143 61 27
777 0 375 131 11 13
777 1 316 144 56 24
778 0 326 70 79 52
778 1 375 131 11 13
779 0 320 80 82 45
779 1 358 132 21 14
779 2 308 146 70 27
780 0 326 70 78 54
780 1 360 132 18 14
780 2 365 165 13 8
781 0 336 64 69 57
782 0 341 52 63 59
782 1 295 129 84 48
783 0 349 66 53 50
783 1 307 134 77 41
784 0 334 73 63 44
784 1 317 137 55 20
784 2 319 158 49 14
785 0 304 96 96 29
785 1 357 176 43 22
786 0 310 112 88 18
787 0 304 112 96 17
787 1 319 138 58 21
787 2 352 187 58 53
788 0 308 102 92 26
788 1 312 136 70 30
788 2 344 192 72 48
789 0 363 134 22 11
789 1 313 140 68 19
789 2 361 164 18 9
789 3 330 186 79 40
790 0 336 190 79 40
791 0 339 190 77 46
792 0 337 42 65 73
792 1 364 132 19 14
792 2 317 138 51 24
792 3 320 184 86 24
793 0 352 38 61 79
793 1 366 132 15 13
793 2 357 144 11 10
794 0 336 68 74 50
794 1 311 125 74 43
794 2 316 184 88 26
795 0 320 80 87 39
795 1 359 141 13 14
795 2 344 156 24 9
795 3 314 181 86 11
796 0 319 104 84 21
796 1 314 136 75 33
796 2 320 186 87 38
797 0 310 116 87 12
797 1 318 138 68 19
797 2 344 156 40 18
797 3 304 180 96 16
798 0 310 102 90 23
798 1 363 137 20 9
798 2 357 156 29 20
799 0 304 122 91 25
799 1 354 158 30 17
799 2 317 183 86 29
800 0 304 121 91 27
800 1 358 158 26 17
800 2 314 182 88 24
801 0 332 187 78 48
802 0 310 115 90 13
802 1 364 134 22 14
802 2 314 142 63 21
802 3 320 185 86 39
803 0 304 122 92 22
803 1 358 137 25 12
803 2 318 182 86 26
804 0 304 116 93 19
804 1 308 140 69 30
804 2 316 182 86 22
805 0 310 118 85 20
805 1 357 137 26 11
805 2 312 180 88 28
806 0 304 118 92 20
806 1 372 137 11 11
806 2 313 180 87 24
807 0 304 124 90 24
807 1 372 137 12 11
807 2 315 180 85 28
808 0 310 114 90 15
808 1 364 132 21 15
808 2 304 182 98 42
809 0 309 128 85 16
809 1 357 137 26 11
809 2 304 182 99 42
810 0 304 122 90 26
811 0 304 122 90 26
811 1 331 185 75 54
812 0 304 128 88 22
813 0 360 137 22 11
813 1 310 147 62 19
813 2 330 188 83 33
814 0 312 134 72 34
814 1 352 193 67 63
815 0 364 132 20 13
815 1 352 195 70 67
816 0 400 26 24 85
816 1 312 142 61 22
816 2 352 195 70 69
817 0 400 16 26 93
817 1 315 132 69 33
818 0 384 33 37 77
818 1 316 132 67 36
818 2 320 185 86 33
819 0 348 71 59 42
819 1 312 134 74 33
819 2 316 182 86 28
820 0 326 80 84 38
820 1 309 134 71 33
820 2 320 180 84 44
821 0 320 98 84 26
821 1 356 137 27 11
821 2 316 156 54 7
821 3 318 182 85 34
822 0 317 102 86 23
822 1 360 137 23 11
822 2 304 183 100 41
823 0 312 114 88 12
823 1 316 134 68 30
823 2 304 181 96 43
824 0 310 116 90 14
824 1 363 134 21 5
824 2 316 181 84 28
825 0 304 118 91 26
825 1 316 132 69 36
825 2 313 180 86 24
826 0 309 122 85 43
826 1 313 181 87 27
827 0 304 128 88 18
827 1 312 180 88 24
828 0 304 128 86 20
828 1 304 180 96 44
829 0 306 128 84 16
829 1 332 158 38 4
829 2 317 183 86 30
830 0 304 128 83 16
830 1 316 180 84 26
831 0 304 128 83 16
831 1 360 137 23 11
831 2 354 158 30 17
831 3 322 183 82 41
832 0 309 128 80 16
832 1 360 137 22 11
832 2 349 160 37 18
832 3 320 183 84 44
833 0 309 128 80 20
833 1 359 163 27 13
833 2 321 183 83 41
834 0 304 128 85 20
834 1 359 163 27 13
834 2 316 182 86 26
835 0 304 128 85 16
835 1 357 158 27 17
835 2 313 180 87 24
836 0 304 128 85 36
836 1 313 180 87 19
837 0 304 130 84 45
837 1 313 176 87 26
838 0 314 180 86 33
839 0 304 128 82 18
839 1 320 148 50 18
839 2 313 180 86 24
840 0 304 128 82 18
840 1 320 146 63 30
840 2 315 180 85 26
841 0 316 180 84 30
842 0 306 129 61 16
842 1 314 149 64 21
842 2 320 182 84 58
843 0 304 128 75 38
843 1 358 160 26 16
843 2 317 181 95 57
844 0 320 181 83 38
845 0 302 126 65 47
845 1 332 186 76 54
846 0 352 189 60 67
847 0 308 130 70 16
847 1 314 149 63 16
847 2 344 188 67 54
848 0 316 128 70 38
848 1 357 160 19 15
848 2 323 184 81 44
849 0 323 184 82 40
850 0 362 188 48 36
851 0 304 129 81 19
851 1 294 145 79 29
851 2 368 190 45 34
852 0 329 184 75 43
853 0 331 182 71 42
854 0 307 131 69 16
854 1 301 153 80 15
854 2 329 185 76 42
855 0 314 129 65 18
855 1 304 150 65 18
855 2 320 182 82 36
856 0 297 132 85 47
856 1 346 184 57 73
857 0 368 191 48 75
858 0 336 187 74 56
859 0 336 187 74 55
860 0 344 187 66 60
861 0 352 188 61 68
862 0 384 192 34 56
863 0 342 128 27 20
863 1 299 147 65 23
863 2 370 188 42 62
864 0 352 102 48 26
864 1 362 132 23 9
864 2 320 181 80 35
865 0 368 96 37 26
865 1 363 132 22 8
865 2 315 176 83 26
866 0 352 80 56 38
866 1 365 134 19 5
866 2 304 176 90 16
867 0 368 132 16 14
867 1 312 174 77 18
868 0 365 132 20 8
869 0 304 128 85 16
869 1 313 180 87 13
870 0 304 122 90 22
870 1 315 136 68 28
870 2 317 182 85 21
871 0 304 128 80 20
871 1 322 182 84 42
872 0 370 132 15 14
872 1 352 188 60 68
873 0 305 118 72 53
873 1 341 188 71 64
874 0 365 133 19 13
874 1 357 166 19 9
875 0 309 134 75 32
875 1 320 181 83 39
876 0 308 133 76 33
876 1 320 181 83 43
877 0 345 188 67 68
878 0 367 192 51 70
879 0 305 135 77 34
879 1 333 188 78 60
880 0 328 187 82 41
881 0 320 182 86 37
882 0 300 135 84 30
882 1 317 182 85 26
883 0 320 184 84 34
884 0 308 134 60 16
884 1 320 184 84 24
885 0 312 132 73 32
885 1 320 186 87 22
886 0 309 129 74 23
886 1 321 149 63 27
886 2 323 185 83 17
887 0 304 130 83 16
887 1 322 149 66 29
887 2 320 182 84 12
888 0 376 174 12 4
888 1 320 184 86 24
889 0 304 128 85 16
889 1 317 142 71 36
889 2 318 184 86 16
890 0 304 128 84 16
890 1 317 142 63 22
890 2 317 184 86 24
891 0 304 128 82 16
891 1 316 142 64 32
891 2 316 182 86 29
892 0 314 180 86 28
893 0 298 129 88 41
893 1 323 184 80 43
894 0 368 134 16 3
895 0 312 141 64 35
896 0 310 140 78 38
896 1 336 188 75 52
897 0 298 128 90 45
897 1 346 189 66 53
898 0 297 132 85 43
898 1 390 195 33 55
899 0 388 196 37 58
900 0 336 128 49 16
900 1 312 137 70 38
900 2 332 186 76 38
901 0 352 116 36 24
901 1 312 140 69 36
901 2 328 185 77 34
902 0 384 112 18 12
902 1 312 134 72 42
902 2 368 188 44 36
903 0 368 106 34 18
903 1 380 190 36 31
904 0 336 106 64 22
905 0 310 112 90 17
905 1 302 141 78 27
905 2 309 175 86 20
906 0 363 131 22 9
906 1 310 142 88 60
907 0 363 132 22 8
907 1 310 142 80 42
908 0 363 132 22 8
908 1 308 142 72 34
909 0 368 132 14 6
909 1 305 145 91 46
910 0 360 64 56 51
910 1 368 132 14 5
910 2 370 137 12 11
910 3 304 142 96 60
911 0 351 84 52 32
911 1 369 137 13 12
911 2 312 148 76 30
911 3 331 182 77 40
912 0 320 88 83 40
912 1 316 142 61 34
912 2 408 195 15 34
913 0 364 132 21 14
914 0 365 132 20 14
914 1 314 141 81 51
915 0 400 48 28 61
915 1 316 132 73 46
916 0 383 39 40 71
916 1 310 132 75 40
917 0 382 58 38 60
917 1 364 132 21 9
917 2 303 147 79 33
918 0 346 56 70 61
918 1 309 152 64 23
919 0 365 134 19 12
920 0 406 24 39 73
920 1 312 147 60 25
921 0 366 134 18 5
921 1 312 147 59 25
922 0 312 132 60 30
923 0 326 122 48 29
923 1 358 157 19 14
924 0 374 36 47 70
924 1 296 129 85 48
925 0 385 175 19 15
926 0 326 70 90 55
926 1 304 128 83 34
926 2 304 159 89 33
927 0 320 64 96 58
927 1 304 128 83 34
927 2 288 160 86 16
928 0 330 64 85 58
928 1 288 132 89 34
929 0 336 64 73 57
929 1 294 132 83 34
930 0 336 58 74 60
930 1 294 128 83 36
931 0 352 48 64 70
931 1 294 134 82 32
932 0 336 54 76 64
932 1 294 128 87 32
933 0 288 128 89 37
934 0 326 72 85 56
935 0 320 80 86 45
935 1 288 129 99 41
936 0 320 80 88 45
936 1 296 129 91 43
937 0 335 61 65 51
937 1 288 128 99 32
937 2 304 166 86 14
938 0 326 72 85 50
938 1 272 128 115 30
938 2 308 160 74 16
939 0 272 128 115 38
940 0 272 128 115 38
941 0 320 80 86 44
941 1 278 129 109 37
942 0 320 97 84 27
942 1 278 129 109 37
943 0 320 96 82 29
943 1 288 141 79 16
943 2 309 164 83 17
944 0 314 96 86 32
944 1 295 138 83 24
944 2 309 164 84 16
945 0 320 90 84 34
945 1 309 164 87 14
946 0 318 96 82 32
946 1 312 132 69 30
946 2 309 165 87 13
947 0 310 96 90 32
947 1 320 142 47 13
947 2 304 166 88 16
948 0 310 96 90 32
948 1 320 142 47 12
948 2 308 168 84 13
949 0 310 96 90 32
949 1 318 141 50 15
949 2 304 166 88 17
950 0 310 108 90 21
950 1 316 140 52 17
950 2 304 167 88 14
951 0 304 96 96 34
951 1 306 170 89 16
952 0 304 96 96 33
952 1 357 158 11 4
952 2 309 176 87 11
953 0 310 104 90 25
953 1 316 134 51 22
953 2 294 173 102 19
954 0 373 130 13 6
954 1 309 171 87 15
955 0 310 112 86 24
955 1 309 178 87 14
956 0 304 112 92 24
956 1 304 132 68 30
956 2 304 176 94 16
957 0 304 118 90 41
957 1 365 166 12 6
957 2 320 176 76 32
958 0 304 118 90 43
958 1 366 158 13 4
958 2 320 176 76 26
959 0 304 138 72 24
959 1 334 176 62 28
960 0 304 138 75 25
960 1 336 176 60 24
961 0 322 166 54 11
962 0 367 48 48 67
962 1 294 142 74 18
962 2 313 163 63 13
963 0 342 54 71 63
963 1 354 158 14 5
963 2 306 159 63 13
964 0 326 70 83 50
964 1 288 129 98 41
965 0 326 70 88 50
965 1 304 128 82 38
966 0 304 129 82 37
967 0 320 70 90 54
967 1 307 129 79 42
968 0 336 48 80 69
968 1 308 128 78 39
969 0 358 38 59 77
969 1 308 129 78 38
970 0 308 129 78 38
971 0 336 58 77 59
971 1 304 129 82 38
972 0 326 72 87 48
972 1 304 129 82 38
973 0 320 86 88 38
973 1 373 129 13 7
974 0 326 80 83 42
974 1 310 129 76 37
975 0 320 80 89 40
975 1 310 129 76 41
976 0 320 86 88 38
976 1 358 129 28 12
977 0 320 96 84 28
977 1 304 124 83 48
978 0 320 86 85 36
978 1 307 128 77 42
979 0 320 80 88 44
979 1 304 128 83 42
980 0 320 84 88 40
980 1 304 128 83 42
981 0 320 90 85 32
982 0 320 80 84 48
982 1 272 126 116 50
983 0 336 64 69 58
983 1 272 129 115 45
984 0 352 64 60 53
984 1 278 129 109 41
985 0 336 64 76 54
985 1 358 129 29 12
986 0 336 68 74 50
986 1 276 129 111 42
987 0 320 80 86 45
987 1 272 129 115 39
988 0 320 89 83 36
988 1 284 128 105 38
989 0 326 64 84 60
989 1 361 129 26 12
989 2 288 138 82 24
990 0 320 64 88 58
990 1 362 129 25 8
991 0 352 48 61 69
992 0 368 36 50 78
993 0 367 48 45 67
993 1 290 129 90 43
994 0 349 155 19 7
995 0 320 84 88 40
996 0 336 58 76 58
997 0 347 49 58 60
997 1 294 138 82 51
998 0 368 32 49 84
998 1 358 129 29 15
998 2 304 140 66 22
999 0 368 32 50 83
999 1 308 130 72 32
999 2 368 167 11 6
1000 0 314 118 55 36
1000 1 373 129 14 15
1000 2 347 156 18 11
1001 0 336 64 74 56
1001 1 373 129 14 15
1001 2 368 166 11 6
1002 0 320 80 88 45
1002 1 305 129 82 37
1003 0 320 84 82 41
1004 0 320 88 81 37
1004 1 304 127 92 55
1005 0 310 96 90 33
1005 1 298 125 89 41
1005 2 308 166 88 15
1006 0 310 96 90 33
1006 1 288 127 100 31
1006 2 308 175 87 15
1007 0 320 86 80 44
1007 1 288 124 99 38
1007 2 304 176 91 32
1008 0 326 80 78 45
1008 1 288 124 101 41
1008 2 328 182 74 48
1009 0 310 96 90 34
1009 1 296 128 91 28
1009 2 330 184 76 51
1010 0 310 100 90 29
1010 1 298 128 89 28
1010 2 352 152 23 19
1010 3 325 184 79 44
1011 0 304 112 95 32
1011 1 332 154 36 8
1011 2 365 166 14 7
1011 3 314 180 86 26
1012 0 304 112 94 50
1012 1 365 166 14 7
1012 2 304 176 92 26
1013 0 304 116 90 46
1013 1 304 176 92 26
1014 0 304 112 95 44
1014 1 304 176 92 24
1015 0 320 80 83 48
1015 1 304 129 82 33
1015 2 364 166 12 6
1015 3 312 180 88 32
