0 0 1
0 1 4
1 0 1
1 1 5
2 0 1
2 1 5
3 0 1
4 0 1
4 1 5
5 0 1
5 1 5
6 0 1
6 1 5
7 0 5
8 0 5
9 0 1
9 1 5
10 0 1
10 1 5
11 0 1
12 0 1
12 1 5
13 0 1
13 1 5
14 0 5
15 0 5
16 0 1
16 1 5
17 0 5
18 0 1
19 0 1
19 1 5
20 0 1
20 1 5
21 0 1
21 1 5
22 0 1
22 1 5
23 0 5
24 0 1
24 1 5
25 0 1
25 1 5
26 0 1
26 1 2
26 2 5
27 0 2
27 1 5
28 0 1
28 1 2
28 2 5
29 0 1
29 1 2
29 2 5
30 0 5
31 0 1
31 1 5
32 0 1
32 1 5
33 0 5
34 0 1
34 1 5
35 0 1
35 1 5
36 0 1
36 1 5
37 0 5
38 0 1
38 1 5
39 0 1
39 1 5
40 0 5
41 0 1
41 1 5
42 0 5
43 0 1
43 1 5
44 0 1
44 1 5
45 0 1
45 1 5
46 0 1
46 1 5
47 0 1
48 0 1
48 1 5
49 0 1
49 1 5
50 0 1
50 1 5
51 0 5
52 0 1
52 1 5
53 0 1
54 0 1
54 1 5
55 0 1
55 1 5
56 0 1
56 1 5
57 0 1
57 1 5
58 0 1
59 0 1
59 1 5
60 0 1
60 1 5
61 0 1
61 1 5
62 0 1
62 1 5
63 0 1
63 1 5
64 0 1
64 1 5
65 0 1
65 1 5
66 0 1
66 1 5
67 0 1
67 1 5
68 0 1
68 1 5
69 0 1
69 1 5
70 0 1
70 1 5
71 0 1
71 1 5
72 0 5
73 0 5
74 0 1
74 1 5
75 0 1
75 1 5
76 0 1
76 1 5
77 0 1
77 1 5
78 0 1
78 1 5
79 0 1
79 1 5
80 0 1
80 1 5
81 0 1
81 1 5
82 0 1
82 1 5
83 0 1
83 1 5
84 0 1
84 1 5
85 0 1
85 1 5
86 0 1
86 1 5
87 0 1
87 1 5
88 0 1
88 1 5
89 0 1
89 1 5
90 0 1
90 1 5
91 0 1
91 1 5
92 0 1
92 1 5
93 0 1
93 1 5
94 0 5
95 0 1
95 1 5
96 0 5
97 0 1
97 1 5
98 0 5
99 0 5
100 0 1
100 1 5
101 0 1
101 1 5
102 0 1
102 1 5
103 0 1
103 1 5
104 0 1
104 1 5
105 0 5
106 0 5
107 0 1
107 1 5
108 0 1
108 1 5
109 0 1
109 1 5
110 0 1
110 1 5
111 0 1
111 1 5
112 0 5
113 0 1
113 1 5
114 0 1
114 1 5
115 0 1
115 1 5
116 0 1
116 1 5
117 0 1
117 1 5
118 0 1
118 1 5
119 0 1
119 1 5
120 0 1
120 1 5
121 0 1
121 1 5
122 0 1
122 1 5
123 0 1
124 0 1
124 1 5
125 0 1
125 1 5
126 0 1
126 1 5
127 0 1
127 1 5
128 0 1
128 1 5
129 0 1
129 1 5
130 0 1
130 1 5
131 0 1
131 1 5
132 0 1
132 1 5
133 0 5
134 0 1
134 1 5
135 0 1
135 1 5
136 0 1
136 1 5
137 0 1
137 1 5
138 0 1
138 1 5
139 0 1
139 1 5
140 0 1
140 1 5
141 0 1
141 1 5
142 0 1
142 1 5
143 0 1
143 1 5
144 0 5
145 0 5
146 0 5
147 0 1
147 1 5
148 0 1
148 1 5
149 0 1
149 1 5
150 0 1
150 1 5
151 0 1
152 0 1
152 1 5
153 0 1
153 1 5
154 0 1
154 1 5
155 0 1
155 1 5
156 0 1
156 1 5
157 0 5
158 0 5
159 0 1
159 1 5
160 0 1
160 1 5
161 0 1
161 1 5
162 0 1
162 1 5
163 0 1
164 0 1
164 1 5
165 0 1
165 1 5
166 0 1
166 1 5
167 0 1
167 1 5
168 0 1
168 1 5
169 0 1
169 1 5
170 0 1
170 1 5
171 0 1
171 1 5
172 0 1
172 1 5
173 0 1
173 1 5
174 0 1
174 1 5
175 0 1
175 1 5
176 0 1
177 0 5
178 0 1
178 1 5
179 0 1
179 1 5
180 0 5
181 0 5
182 0 5
183 0 1
183 1 5
184 0 1
184 1 5
185 0 1
185 1 5
186 0 1
186 1 5
187 0 1
187 1 5
188 0 1
188 1 5
189 0 1
189 1 5
190 0 1
190 1 5
191 0 1
191 1 5
192 0 1
192 1 5
193 0 1
193 1 5
194 0 1
195 0 1
195 1 5
196 0 5
197 0 1
197 1 5
198 0 1
198 1 5
199 0 1
199 1 5
200 0 1
200 1 5
201 0 1
201 1 5
202 0 1
202 1 5
203 0 1
204 0 1
204 1 5
205 0 1
205 1 5
206 0 1
206 1 5
207 0 1
207 1 5
208 0 1
209 0 5
210 0 1
210 1 5
211 0 5
212 0 1
212 1 5
213 0 1
213 1 5
214 0 1
214 1 5
215 0 1
215 1 5
216 0 1
216 1 5
217 0 1
217 1 5
218 0 1
218 1 5
219 0 5
220 0 1
220 1 5
221 0 1
221 1 5
222 0 1
222 1 5
223 0 1
223 1 5
224 0 1
224 1 5
225 0 1
225 1 5
226 0 1
226 1 5
227 0 1
228 0 1
228 1 5
229 0 1
229 1 5
230 0 1
230 1 5
231 0 1
231 1 5
232 0 1
232 1 5
233 0 1
233 1 5
234 0 1
234 1 5
235 0 5
236 0 1
236 1 5
237 0 1
237 1 5
238 0 1
238 1 2
238 2 5
239 0 1
239 1 2
239 2 5
240 0 1
240 1 5
241 0 1
241 1 5
242 0 1
242 1 5
243 0 1
243 1 5
244 0 1
244 1 2
244 2 5
245 0 1
245 1 5
246 0 1
246 1 5
247 0 1
247 1 5
248 0 1
248 1 5
249 0 1
249 1 5
250 0 1
250 1 5
251 0 1
251 1 5
252 0 1
252 1 5
253 0 1
253 1 5
254 0 1
254 1 5
255 0 1
255 1 5
256 0 1
256 1 5
257 0 1
257 1 5
258 0 1
258 1 5
259 0 5
260 0 1
260 1 5
261 0 5
262 0 1
262 1 5
263 0 1
263 1 5
264 0 1
264 1 5
265 0 1
265 1 5
266 0 1
266 1 5
267 0 5
268 0 1
268 1 5
269 0 1
270 0 5
271 0 1
271 1 5
272 0 1
272 1 5
273 0 1
273 1 5
274 0 5
275 0 5
276 0 1
276 1 5
277 0 1
277 1 5
278 0 1
278 1 5
279 0 1
279 1 5
280 0 1
280 1 5
281 0 1
281 1 5
282 0 1
282 1 5
283 0 1
283 1 5
284 0 1
284 1 5
285 0 1
285 1 5
286 0 1
286 1 5
287 0 1
287 1 5
288 0 1
288 1 5
289 0 1
289 1 5
290 0 5
291 0 1
291 1 5
292 0 1
292 1 5
293 0 1
294 0 1
294 1 5
295 0 1
295 1 5
296 0 1
296 1 5
297 0 1
297 1 5
298 0 1
298 1 5
299 0 1
299 1 5
300 0 1
300 1 5
301 0 1
301 1 5
302 0 1
302 1 5
303 0 1
303 1 5
304 0 1
304 1 5
305 0 1
305 1 5
306 0 1
306 1 5
307 0 1
307 1 5
308 0 1
308 1 2
308 2 4
308 3 5
309 0 1
309 1 2
309 2 4
309 3 5
310 0 1
310 1 2
310 2 4
310 3 5
311 0 1
311 1 4
311 2 5
312 0 1
312 1 4
312 2 5
313 0 2
313 1 5
314 0 1
314 1 2
314 2 5
315 0 1
315 1 5
316 0 1
316 1 2
316 2 5
317 0 1
317 1 5
318 0 1
318 1 5
319 0 1
319 1 5
320 0 1
320 1 2
320 2 5
321 0 1
321 1 2
321 2 5
322 0 1
322 1 2
322 2 5
323 0 1
323 1 2
323 2 5
324 0 1
324 1 5
325 0 1
325 1 5
326 0 1
326 1 2
326 2 5
327 0 1
327 1 3
327 2 3
327 3 5
328 0 1
328 1 3
328 2 3
328 3 5
329 0 1
329 1 3
329 2 5
330 0 1
330 1 3
330 2 5
331 0 1
331 1 3
331 2 5
332 0 1
332 1 3
332 2 5
333 0 1
333 1 3
333 2 5
334 0 1
334 1 5
335 0 1
335 1 5
336 0 1
336 1 2
336 2 5
337 0 1
337 1 2
337 2 5
338 0 1
338 1 2
338 2 5
339 0 1
339 1 2
339 2 5
340 0 1
340 1 2
340 2 5
341 0 1
341 1 5
342 0 1
342 1 5
343 0 1
343 1 5
344 0 1
344 1 5
345 0 1
345 1 5
346 0 5
347 0 1
347 1 5
348 0 1
348 1 5
349 0 1
349 1 5
350 0 1
350 1 5
351 0 1
351 1 5
352 0 1
352 1 5
353 0 1
353 1 5
354 0 1
354 1 5
355 0 1
355 1 5
356 0 5
357 0 1
357 1 5
358 0 1
358 1 5
359 0 1
359 1 5
360 0 1
360 1 5
361 0 1
362 0 1
362 1 5
363 0 1
363 1 5
364 0 1
364 1 5
365 0 1
365 1 5
366 0 1
366 1 5
367 0 1
367 1 5
368 0 1
368 1 5
369 0 5
370 0 5
371 0 1
371 1 5
372 0 1
372 1 5
373 0 1
373 1 5
374 0 1
374 1 5
375 0 1
375 1 5
376 0 1
376 1 5
377 0 1
377 1 5
378 0 1
378 1 5
379 0 1
379 1 5
380 0 1
380 1 5
381 0 1
381 1 5
382 0 1
382 1 5
383 0 1
383 1 5
384 0 1
384 1 5
385 0 5
386 0 1
386 1 5
387 0 1
387 1 5
388 0 1
388 1 5
389 0 5
390 0 1
390 1 5
391 0 1
391 1 5
392 0 1
392 1 5
393 0 1
393 1 5
394 0 1
394 1 5
395 0 1
395 1 5
396 0 1
396 1 5
397 0 1
397 1 5
398 0 1
398 1 5
399 0 1
399 1 5
400 0 1
400 1 5
401 0 1
401 1 5
402 0 1
402 1 5
403 0 1
403 1 5
404 0 5
405 0 1
405 1 5
406 0 1
406 1 5
407 0 1
407 1 5
408 0 5
409 0 1
409 1 5
410 0 5
411 0 1
411 1 5
412 0 1
412 1 5
413 0 1
413 1 5
414 0 1
414 1 5
415 0 1
416 0 1
416 1 5
417 0 1
417 1 5
418 0 1
418 1 5
419 0 1
419 1 5
420 0 1
420 1 5
421 0 1
421 1 5
422 0 1
422 1 5
423 0 1
424 0 1
424 1 5
425 0 1
425 1 5
426 0 1
426 1 5
427 0 1
427 1 5
428 0 1
428 1 5
429 0 1
429 1 5
430 0 1
430 1 5
431 0 1
431 1 5
432 0 1
432 1 5
433 0 5
434 0 1
434 1 5
435 0 1
435 1 5
436 0 1
436 1 5
437 0 1
437 1 5
438 0 1
439 0 1
439 1 5
440 0 1
440 1 5
441 0 1
441 1 5
442 0 1
442 1 5
443 0 1
443 1 5
444 0 1
444 1 5
445 0 1
445 1 5
446 0 1
446 1 5
448 0 1
448 1 5
449 0 1
449 1 5
450 0 1
450 1 5
451 0 1
451 1 5
452 0 5
453 0 1
453 1 5
454 0 1
454 1 5
455 0 1
455 1 5
456 0 1
456 1 5
457 0 5
458 0 1
458 1 5
459 0 1
459 1 5
460 0 1
461 0 1
462 0 1
462 1 5
463 0 1
464 0 1
464 1 5
465 0 1
465 1 5
466 0 1
466 1 5
467 0 5
468 0 1
468 1 5
469 0 1
469 1 5
470 0 1
470 1 5
471 0 1
471 1 5
472 0 1
472 1 5
473 0 1
473 1 5
474 0 1
475 0 1
475 1 5
476 0 5
477 0 1
477 1 5
478 0 1
478 1 5
479 0 5
480 0 5
481 0 1
481 1 5
482 0 5
483 0 1
484 0 1
485 0 1
485 1 5
486 0 1
487 0 1
487 1 5
488 0 1
488 1 5
489 0 5
490 0 1
490 1 5
491 0 1
491 1 5
492 0 1
492 1 5
493 0 1
493 1 5
494 0 1
494 1 5
495 0 5
496 0 5
497 0 1
497 1 5
498 0 5
499 0 1
499 1 5
500 0 1
500 1 5
501 0 5
502 0 1
502 1 5
503 0 5
504 0 1
504 1 5
505 0 5
506 0 5
507 0 1
507 1 5
508 0 1
508 1 3
508 2 5
509 0 1
509 1 3
510 0 1
510 1 5
511 0 5
512 0 1
512 1 5
513 0 1
513 1 5
514 0 5
515 0 1
515 1 5
516 0 1
517 0 1
517 1 5
518 0 5
519 0 1
519 1 5
520 0 5
521 0 1
521 1 5
522 0 1
522 1 5
523 0 1
523 1 5
524 0 1
525 0 1
525 1 5
526 0 1
526 1 5
527 0 1
527 1 5
528 0 1
529 0 1
529 1 5
530 0 1
530 1 5
531 0 1
531 1 5
532 0 1
532 1 5
533 0 1
533 1 5
534 0 1
534 1 5
535 0 1
535 1 5
536 0 5
537 0 1
537 1 5
538 0 1
538 1 5
539 0 1
540 0 1
540 1 5
541 0 1
541 1 5
542 0 1
542 1 5
543 0 5
544 0 1
544 1 5
545 0 5
546 0 5
547 0 5
548 0 1
548 1 5
549 0 1
549 1 5
550 0 1
550 1 5
551 0 1
551 1 5
552 0 1
552 1 5
553 0 1
553 1 5
554 0 1
554 1 5
555 0 1
555 1 5
556 0 1
556 1 5
557 0 1
557 1 5
558 0 1
559 0 1
559 1 5
560 0 1
560 1 5
561 0 1
561 1 5
562 0 1
562 1 5
563 0 1
563 1 5
564 0 1
565 0 5
566 0 5
567 0 1
567 1 5
568 0 1
568 1 5
569 0 1
569 1 5
570 0 5
571 0 1
571 1 5
572 0 1
572 1 5
573 0 1
573 1 5
574 0 1
574 1 5
575 0 1
575 1 5
576 0 5
577 0 1
577 1 5
578 0 1
578 1 5
579 0 1
579 1 5
580 0 1
580 1 5
581 0 1
584 0 5
585 0 1
585 1 5
586 0 5
587 0 5
588 0 1
589 0 5
590 0 5
591 0 5
592 0 1
593 0 1
593 1 5
594 0 1
595 0 1
596 0 1
596 1 5
597 0 1
597 1 5
598 0 1
598 1 5
599 0 1
600 0 1
601 0 1
601 1 5
602 0 1
602 1 5
603 0 1
603 1 2
603 2 5
604 0 5
605 0 1
605 1 5
606 0 1
606 1 5
607 0 1
608 0 1
608 1 2
608 2 3
609 0 1
609 1 2
609 2 3
610 0 1
610 1 2
610 2 3
611 0 5
612 0 1
612 1 5
613 0 1
613 1 5
614 0 1
615 0 1
616 0 1
617 0 1
618 0 1
619 0 1
620 0 1
621 0 1
621 1 5
622 0 1
623 0 1
624 0 2
624 1 5
625 0 1
626 0 1
627 0 1
627 1 5
628 0 1
628 1 5
629 0 1
629 1 5
630 0 1
631 0 1
632 0 1
633 0 5
634 0 5
635 0 5
636 0 5
637 0 5
638 0 5
639 0 1
639 1 5
640 0 1
641 0 1
642 0 1
643 0 1
643 1 5
644 0 1
644 1 5
645 0 1
645 1 5
646 0 1
647 0 1
647 1 5
648 0 1
648 1 5
649 0 1
650 0 1
650 1 5
651 0 5
652 0 5
653 0 1
654 0 1
655 0 1
655 1 5
656 0 1
656 1 5
657 0 1
657 1 5
658 0 1
658 1 5
659 0 1
659 1 5
660 0 1
661 0 1
662 0 1
663 0 1
664 0 1
665 0 1
665 1 5
666 0 5
667 0 1
667 1 4
667 2 5
668 0 4
669 0 1
670 0 5
671 0 1
672 0 1
672 1 5
673 0 1
673 1 5
674 0 1
674 1 5
675 0 1
676 0 1
676 1 5
677 0 1
677 1 5
678 0 1
678 1 5
679 0 1
679 1 5
681 0 1
681 1 5
682 0 1
682 1 3
682 2 5
683 0 1
683 1 5
684 0 1
684 1 5
685 0 1
685 1 5
686 0 1
686 1 5
687 0 1
687 1 5
688 0 1
688 1 5
689 0 1
689 1 5
690 0 1
690 1 5
691 0 1
691 1 5
692 0 1
692 1 2
692 2 5
693 0 1
693 1 2
693 2 5
694 0 1
694 1 5
695 0 1
695 1 2
695 2 5
696 0 1
696 1 2
696 2 5
697 0 1
697 1 4
697 2 5
698 0 1
698 1 3
698 2 5
699 0 1
699 1 5
700 0 1
700 1 2
700 2 5
701 0 1
701 1 5
702 0 1
702 1 2
702 2 5
703 0 1
703 1 2
703 2 5
704 0 1
704 1 5
705 0 5
706 0 1
706 1 5
707 0 1
708 0 1
708 1 2
708 2 5
709 0 1
709 1 5
710 0 1
710 1 2
710 2 5
711 0 1
711 1 5
712 0 1
712 1 5
713 0 1
713 1 5
714 0 1
714 1 3
714 2 5
715 0 1
715 1 3
715 2 5
716 0 1
716 1 3
716 2 5
717 0 1
717 1 3
717 2 5
718 0 1
718 1 3
718 2 3
718 3 5
719 0 1
719 1 3
719 2 3
719 3 5
720 0 1
720 1 3
720 2 3
720 3 5
721 0 1
721 1 3
721 2 3
721 3 5
722 0 1
722 1 3
722 2 5
723 0 1
723 1 5
724 0 1
724 1 5
725 0 1
725 1 5
726 0 1
726 1 3
726 2 5
727 0 1
727 1 3
727 2 5
728 0 1
728 1 2
728 2 3
728 3 5
729 0 1
729 1 3
729 2 5
730 0 1
730 1 5
731 0 1
731 1 3
731 2 5
732 0 1
732 1 3
733 0 1
733 1 5
734 0 1
735 0 1
735 1 3
735 2 5
736 0 5
737 0 5
738 0 1
738 1 5
739 0 1
739 1 3
739 2 5
740 0 1
740 1 3
740 2 5
741 0 1
741 1 5
742 0 1
742 1 2
742 2 5
743 0 1
743 1 5
744 0 1
744 1 5
745 0 1
745 1 2
745 2 5
746 0 1
746 1 2
746 2 5
747 0 1
747 1 2
747 2 4
747 3 5
748 0 2
748 1 5
749 0 1
749 1 2
749 2 3
749 3 5
750 0 1
750 1 2
750 2 5
751 0 1
751 1 2
751 2 5
752 0 1
752 1 2
752 2 5
753 0 2
753 1 5
754 0 1
754 1 2
754 2 3
754 3 5
755 0 1
755 1 2
755 2 5
756 0 1
756 1 2
756 2 5
757 0 1
757 1 2
757 2 4
757 3 5
758 0 1
758 1 2
758 2 5
759 0 1
759 1 2
759 2 5
760 0 1
760 1 2
760 2 5
761 0 1
761 1 2
761 2 5
762 0 1
762 1 2
762 2 5
763 0 1
763 1 2
763 2 5
764 0 1
764 1 2
764 2 5
765 0 1
765 1 2
765 2 5
766 0 1
766 1 3
766 2 5
767 0 1
767 1 2
767 2 5
768 0 1
768 1 2
768 2 5
769 0 1
769 1 5
770 0 1
770 1 2
770 2 5
771 0 1
771 1 2
771 2 5
772 0 1
773 0 1
773 1 5
774 0 5
775 0 1
775 1 5
776 0 1
776 1 2
776 2 5
777 0 2
777 1 5
778 0 1
778 1 2
779 0 1
779 1 2
779 2 3
780 0 1
780 1 2
780 2 4
781 0 1
782 0 1
782 1 5
783 0 1
783 1 5
784 0 1
784 1 3
784 2 5
785 0 1
785 1 5
786 0 1
787 0 1
787 1 3
787 2 5
788 0 1
788 1 3
788 2 5
789 0 3
789 1 5
789 2 3
789 3 5
790 0 5
791 0 5
792 0 1
792 1 2
792 2 3
792 3 5
793 0 1
793 1 2
793 2 5
794 0 1
794 1 3
794 2 5
795 0 1
795 1 2
795 2 3
795 3 5
796 0 1
796 1 3
796 2 5
797 0 1
797 1 3
797 2 4
797 3 5
798 0 1
798 1 2
798 2 4
799 0 1
799 1 2
799 2 4
800 0 1
800 1 2
800 2 4
801 0 5
802 0 1
802 1 2
802 2 3
802 3 5
803 0 1
803 1 2
803 2 5
804 0 1
804 1 2
804 2 5
805 0 1
805 1 2
805 2 5
806 0 1
806 1 2
806 2 5
807 0 1
807 1 2
807 2 5
808 0 1
808 1 2
808 2 5
809 0 1
809 1 2
809 2 5
810 0 1
811 0 1
811 1 5
812 0 1
813 0 2
813 1 3
813 2 5
814 0 3
814 1 5
815 0 3
815 1 5
816 0 1
816 1 3
816 2 5
817 0 1
817 1 3
818 0 1
818 1 3
818 2 5
819 0 1
819 1 3
819 2 5
820 0 1
820 1 3
820 2 5
821 0 1
821 1 2
821 2 3
821 3 5
822 0 1
822 1 3
822 2 5
823 0 1
823 1 3
823 2 5
824 0 1
824 1 2
824 2 5
825 0 1
825 1 3
825 2 5
826 0 1
826 1 5
827 0 1
827 1 5
828 0 1
828 1 5
829 0 1
829 1 2
829 2 5
830 0 1
830 1 5
831 0 1
831 1 2
831 2 4
831 3 5
832 0 1
832 1 2
832 2 4
832 3 5
833 0 1
833 1 2
833 2 5
834 0 1
834 1 2
834 2 5
835 0 1
835 1 2
835 2 5
836 0 1
836 1 5
837 0 1
837 1 5
838 0 5
839 0 1
839 1 3
839 2 5
840 0 1
840 1 3
840 2 5
841 0 5
842 0 1
842 1 3
842 2 5
843 0 1
843 1 3
843 2 5
844 0 5
845 0 1
845 1 5
846 0 5
847 0 1
847 1 3
847 2 5
848 0 1
848 1 3
848 2 5
849 0 5
850 0 5
851 0 1
851 1 3
851 2 5
852 0 5
853 0 5
854 0 1
854 1 2
854 2 5
855 0 1
855 1 2
855 2 5
856 0 1
856 1 5
857 0 5
858 0 5
859 0 5
860 0 5
861 0 5
862 0 5
863 0 1
863 1 3
863 2 5
864 0 1
864 1 2
864 2 5
865 0 1
865 1 2
865 2 5
866 0 1
866 1 2
866 2 5
867 0 2
867 1 5
868 0 5
869 0 1
869 1 5
870 0 1
870 1 3
870 2 5
871 0 1
871 1 5
872 0 1
872 1 5
873 0 1
873 1 5
874 0 1
874 1 4
875 0 1
875 1 5
876 0 1
876 1 5
877 0 5
878 0 5
879 0 1
879 1 5
880 0 5
881 0 5
882 0 1
882 1 5
883 0 5
884 0 1
884 1 5
885 0 1
885 1 5
886 0 1
886 1 3
886 2 5
887 0 1
887 1 3
887 2 5
888 0 1
888 1 5
889 0 1
889 1 3
889 2 5
890 0 1
890 1 3
890 2 5
891 0 1
891 1 3
891 2 5
892 0 5
893 0 1
893 1 5
894 0 5
895 0 1
896 0 1
896 1 5
897 0 1
897 1 5
898 0 1
898 1 5
899 0 5
900 0 1
900 1 3
900 2 5
901 0 1
901 1 3
901 2 5
902 0 1
902 1 3
902 2 5
903 0 1
903 1 5
904 0 1
905 0 1
905 1 3
905 2 5
906 0 1
906 1 5
907 0 1
907 1 5
908 0 1
908 1 5
909 0 1
909 1 5
910 0 0
910 1 1
910 2 2
910 3 5
911 0 1
911 1 3
911 2 3
911 3 5
912 0 1
912 1 3
912 2 5
913 0 3
914 0 1
914 1 5
915 0 1
915 1 5
916 0 1
916 1 5
917 0 1
917 1 2
917 2 5
918 0 1
918 1 5
919 0 1
920 0 1
920 1 5
921 0 1
921 1 5
922 0 5
923 0 1
923 1 4
924 0 1
924 1 5
925 0 5
926 0 1
926 1 3
926 2 5
927 0 1
927 1 3
927 2 5
928 0 1
928 1 5
929 0 1
929 1 5
930 0 1
930 1 5
931 0 1
931 1 5
932 0 1
932 1 5
933 0 5
934 0 1
935 0 1
935 1 5
936 0 1
936 1 5
937 0 1
937 1 3
937 2 5
938 0 1
938 1 3
938 2 5
939 0 3
940 0 5
941 0 1
941 1 5
942 0 1
942 1 5
943 0 1
943 1 2
943 2 5
944 0 1
944 1 2
944 2 5
945 0 1
945 1 5
946 0 1
946 1 3
946 2 5
947 0 1
947 1 3
947 2 5
948 0 1
948 1 3
948 2 5
949 0 1
949 1 3
949 2 5
950 0 1
950 1 3
950 2 5
951 0 1
951 1 5
952 0 1
952 1 2
952 2 5
953 0 1
953 1 3
953 2 5
954 0 1
954 1 5
955 0 1
955 1 5
956 0 1
956 1 3
956 2 5
957 0 1
957 1 3
957 2 5
958 0 1
958 1 3
958 2 5
959 0 1
959 1 5
960 0 1
960 1 5
961 0 1
962 0 1
962 1 3
962 2 5
963 0 1
963 1 2
963 2 5
964 0 1
964 1 5
965 0 1
965 1 5
966 0 5
967 0 1
967 1 5
968 0 1
968 1 5
969 0 1
969 1 5
970 0 5
971 0 1
971 1 3
972 0 1
972 1 3
973 0 1
973 1 2
974 0 1
974 1 5
975 0 1
975 1 5
976 0 1
976 1 5
977 0 1
977 1 5
978 0 1
978 1 5
979 0 1
979 1 5
980 0 1
980 1 5
981 0 1
982 0 1
982 1 5
983 0 1
983 1 5
984 0 1
984 1 5
985 0 1
985 1 2
986 0 1
986 1 5
987 0 1
987 1 5
988 0 1
988 1 5
989 0 1
989 1 2
989 2 5
990 0 1
990 1 2
991 0 1
992 0 1
993 0 1
993 1 5
994 0 5
995 0 1
996 0 1
997 0 1
997 1 3
998 0 1
998 1 2
998 2 3
999 0 1
999 1 3
999 2 4
1000 0 1
1000 1 2
1000 2 4
1001 0 1
1001 1 2
1001 2 4
1002 0 1
1002 1 4
1003 0 1
1004 0 1
1004 1 5
1005 0 1
1005 1 3
1005 2 5
1006 0 1
1006 1 3
1006 2 5
1007 0 1
1007 1 3
1007 2 5
1008 0 1
1008 1 3
1008 2 5
1009 0 1
1009 1 3
1009 2 5
1010 0 1
1010 1 3
1010 2 4
1010 3 5
1011 0 1
1011 1 3
1011 2 4
1011 3 5
1012 0 1
1012 1 2
1012 2 5
1013 0 1
1013 1 5
1014 0 1
1014 1 5
1015 0 0
1015 1 1
1015 2 2
1015 3 5
