1 0 71 -30 2072 -7 3 1 4 3 44 14 1285
1 1 18 0 353 -1 -1 0 2 1 10 2 102
1 2 60 -1 1139 -8 -5 0 13 10 13 3 906
2 0 67 -29 1423 -6 3 0 4 5 57 9 933
2 1 59 -23 943 0 0 0 11 8 36 2 720
3 0 37 19 38 -1 -1 0 0 0 1 0 6
3 1 17 -2 343 -2 -1 1 4 2 16 0 122
3 2 44 -51 695 0 0 0 3 7 49 3 400
4 0 16 2 133 0 0 0 1 2 5 1 33
4 1 42 -54 482 0 -3 0 1 2 49 2 219
5 0 35 -40 492 -4 3 0 2 1 45 10 608
5 1 14 0 172 -1 0 1 0 2 14 1 46
5 2 44 -54 619 1 -2 0 4 6 52 3 271
6 0 35 -43 462 -9 4 0 1 2 46 7 286
6 1 17 2 38 -1 -2 0 0 0 4 1 5
7 0 26 -55 423 -11 2 0 1 1 49 2 187
7 1 43 -49 830 4 3 0 12 11 42 3 629
8 0 22 -51 471 0 -1 0 2 0 60 6 265
8 1 16 1 70 0 -1 0 2 0 4 0 12
8 2 55 -41 849 0 0 0 13 16 36 3 892
9 0 33 -56 447 -1 -4 0 1 1 56 5 367
9 1 58 -33 787 2 1 0 16 19 32 4 780
10 0 57 25 114 -3 -1 0 2 0 1 2 23
11 0 59 -43 747 -3 -3 0 12 14 36 1 675
12 0 20 -56 494 0 0 1 2 1 61 2 200
12 1 54 -46 891 1 2 0 11 10 43 2 877
13 0 18 -54 428 2 1 0 1 0 61 1 189
13 1 63 -34 1008 0 0 0 19 6 25 7 1143
14 0 15 -54 527 3 11 1 2 2 68 1 301
14 1 65 -26 804 2 5 0 21 11 22 3 1131
15 0 11 -62 490 0 -1 1 2 3 59 2 294
15 1 64 -21 812 1 2 0 38 6 16 2 1093
16 0 19 -62 571 1 -6 1 4 2 59 2 373
16 1 18 -2 316 -1 0 0 6 0 16 2 106
16 2 65 -30 857 0 0 0 28 13 29 2 1144
17 0 19 -57 566 -1 -2 1 1 3 53 2 237
17 1 62 -29 791 0 -6 0 22 12 33 1 968
18 0 18 -14 288 -2 0 1 1 0 7 1 81
18 1 63 -29 820 -1 1 0 26 11 21 2 976
20 0 20 -56 625 6 4 1 7 1 61 1 374
21 0 18 6 60 0 0 0 0 0 6 0 12
21 1 72 2 854 5 5 0 41 17 7 4 971
22 0 18 -58 486 -4 1 1 1 2 43 1 175
22 1 20 1 21 0 0 0 0 0 6 0 6
22 2 78 15 741 5 6 0 41 17 7 4 711
23 0 19 -52 499 2 0 1 3 0 40 0 167
23 1 20 1 19 -1 0 0 0 0 4 0 8
23 2 84 34 735 9 10 0 59 14 7 5 531
24 0 22 0 175 1 0 0 0 0 9 1 46
24 1 76 18 820 -4 -3 0 64 19 10 4 827
25 0 10 -46 383 5 4 1 1 3 46 1 173
25 1 74 2 870 -7 -10 0 47 5 7 0 929
26 0 16 -44 521 -1 4 0 4 6 43 1 216
26 1 60 -18 1322 0 0 0 28 8 13 8 1337
27 0 16 -45 576 1 0 0 3 8 40 3 276
27 1 63 -21 1102 -3 -3 0 23 9 8 3 1217
28 0 17 -33 340 0 0 1 0 1 24 3 122
28 1 66 -24 784 -2 -4 0 20 9 15 2 1074
29 0 37 2 138 0 0 0 1 0 13 3 79
29 1 64 -24 791 -2 -3 0 25 19 19 3 1054
30 0 47 17 118 0 0 0 1 1 10 0 84
30 1 66 -18 742 1 3 0 26 13 16 1 1033
31 0 39 -6 251 -11 2 0 1 0 19 6 247
31 1 68 2 645 8 7 0 38 6 11 2 663
32 0 46 -14 334 2 -9 0 1 0 28 7 496
33 0 47 -30 379 10 10 0 2 0 38 10 454
33 1 64 -30 684 -7 -7 0 20 8 21 0 913
34 0 42 -38 443 -6 0 0 2 1 43 13 663
34 1 64 -21 760 -3 -1 0 22 10 28 1 925
35 0 41 15 110 0 2 0 0 0 8 0 42
35 1 64 -14 647 13 -3 0 25 4 11 0 917
36 0 41 -23 325 12 2 0 0 0 29 8 413
37 0 55 18 195 0 0 0 3 1 11 3 190
37 1 25 0 153 -1 -1 0 0 0 3 1 50
37 2 81 47 174 0 0 0 20 1 1 1 79
38 0 52 13 198 -2 0 0 1 0 8 6 209
38 1 21 -1 162 -1 0 0 3 0 8 1 51
39 0 41 -10 253 0 0 0 2 1 25 8 324
40 0 64 -17 561 0 0 0 15 8 18 1 516
41 0 39 -27 327 -1 1 0 0 0 33 8 424
41 1 27 -4 322 -1 0 0 3 0 14 2 111
41 2 58 -24 573 -5 -4 0 14 9 31 3 519
42 0 32 -46 430 -14 0 0 1 0 41 12 464
42 1 28 -4 307 0 0 0 1 0 12 2 111
42 2 54 -35 667 -5 -2 0 14 13 33 6 654
43 0 37 -46 425 -5 2 0 1 0 48 8 423
43 1 27 -4 323 0 0 0 3 0 13 2 122
43 2 58 -30 664 5 1 0 9 10 27 0 619
44 0 32 -48 489 -6 -3 0 1 1 51 7 486
44 1 23 -4 221 -1 -1 0 1 1 11 1 74
44 2 65 15 410 8 11 0 18 6 8 1 222
45 0 32 -46 439 3 -3 0 2 1 48 16 579
45 1 23 -4 218 -1 -1 0 2 1 7 1 77
45 2 69 21 382 1 3 0 17 5 3 3 182
46 0 72 32 175 4 3 0 8 1 3 0 108
47 0 67 -23 1070 7 -5 0 8 1 25 10 1531
47 1 66 1 409 -14 -6 0 8 9 13 3 297
48 0 66 -24 1137 4 -3 0 11 2 18 8 1806
48 1 54 -14 460 2 -16 0 7 6 24 0 263
49 0 60 -11 911 4 -5 0 20 0 12 11 1462
49 1 54 -29 520 -8 -1 0 14 5 27 1 349
50 0 55 -13 506 0 2 0 9 1 4 9 1129
50 1 44 -38 709 -10 -6 0 9 5 42 2 410
51 0 51 -17 506 0 3 0 5 0 6 8 1069
51 1 21 -1 150 -1 0 0 1 0 10 1 44
51 2 41 -49 579 -9 -2 0 2 5 49 3 385
52 0 68 -11 628 4 -4 0 19 1 5 11 1370
52 1 35 -54 659 -7 -9 0 1 0 63 1 286
53 0 70 -12 669 -1 1 0 19 1 9 6 1408
53 1 22 1 25 0 -1 0 1 0 3 1 3
53 2 30 -62 768 -3 -2 0 3 3 64 1 488
54 0 56 -8 486 1 -4 0 21 0 2 19 1002
54 1 25 -62 606 -3 -5 0 4 0 39 1 236
54 2 60 30 154 -6 -3 0 3 0 5 1 40
55 0 61 2 949 2 -2 0 29 2 9 11 1312
55 1 23 -56 639 0 -1 0 2 2 57 3 269
55 2 60 29 181 0 0 0 5 0 3 1 47
56 0 82 18 1866 8 -6 0 47 1 20 10 1650
56 1 21 3 27 0 0 0 1 0 5 0 6
56 2 23 -52 646 0 1 0 3 1 47 0 264
57 0 74 18 1528 0 0 0 53 0 17 5 1437
57 1 21 -53 582 -2 -2 0 2 3 60 4 237
57 2 60 28 182 -1 -1 0 5 1 2 1 39
58 0 82 2 1732 -4 1 0 41 2 20 6 1891
58 1 22 -53 524 -1 -1 0 3 0 53 3 172
58 2 60 30 179 0 -1 0 2 0 5 1 40
59 0 95 2 1409 -2 1 0 27 5 22 14 1772
59 1 25 -52 712 4 6 0 5 1 60 1 493
60 0 55 -13 479 0 0 0 6 0 7 6 909
60 1 29 -62 496 1 0 0 2 2 48 1 347
61 0 49 -29 414 0 0 0 1 0 21 10 782
61 1 38 -36 487 11 9 0 1 5 42 1 261
62 0 50 -14 356 5 1 0 3 0 15 8 583
62 1 43 -32 521 5 4 0 4 8 38 4 306
63 0 42 -26 322 0 0 0 3 0 28 5 444
63 1 54 -29 547 0 0 0 7 5 30 3 549
64 0 39 -23 356 0 2 0 1 0 30 7 442
64 1 57 -30 607 -1 3 0 10 7 34 1 628
65 0 28 -46 380 0 0 0 2 0 41 6 347
65 1 62 -24 663 -1 3 0 14 10 31 0 727
66 0 25 -45 441 -5 3 0 1 0 54 6 324
66 1 62 -27 787 -2 1 0 17 9 30 3 877
67 0 18 -53 422 0 0 1 1 2 30 1 176
68 0 18 -40 354 12 0 1 1 2 31 4 136
68 1 21 0 155 0 -1 0 1 0 8 0 39
68 2 79 17 639 0 0 0 42 15 7 4 652
69 0 18 -40 364 2 1 1 2 1 42 1 157
69 1 21 0 152 0 0 0 0 0 8 1 39
69 2 79 24 576 2 4 0 59 7 12 0 551
70 0 19 0 129 -1 0 0 1 0 9 2 37
70 1 74 6 636 0 0 0 43 15 10 2 842
71 0 17 -46 457 -3 0 1 3 1 51 0 245
72 0 66 -24 811 0 0 0 21 16 22 1 984
73 0 18 -57 521 -1 -2 1 3 3 60 0 304
73 1 17 -1 99 0 0 0 0 0 7 2 33
73 2 65 -24 812 -1 -1 0 19 12 14 2 1033
74 0 20 -53 568 1 2 1 2 4 49 1 224
74 1 18 -1 111 -1 0 0 0 1 7 0 34
75 0 10 -45 382 5 8 1 1 6 44 0 201
75 1 23 0 222 -1 0 0 1 0 10 3 67
75 2 74 5 699 9 10 0 58 13 12 1 900
76 0 5 -46 331 -2 2 1 2 2 41 1 154
76 1 17 -1 99 0 0 0 0 1 7 1 33
77 0 11 -46 379 -1 2 1 3 2 34 1 184
77 1 69 -5 802 -5 -8 0 37 9 18 0 1056
78 0 19 0 122 0 -1 0 0 0 8 2 39
79 0 9 -60 395 -1 -2 1 1 3 38 0 230
79 1 66 -19 808 -4 -4 0 28 13 26 2 1086
80 0 9 -60 379 -1 0 1 2 1 38 0 231
80 1 64 -29 905 -1 -8 0 31 8 26 3 1376
81 0 29 -39 391 0 0 0 1 2 46 3 254
81 1 25 0 141 0 -1 0 0 0 2 1 45
81 2 64 -29 905 -2 -2 0 25 12 31 3 1069
82 0 25 -13 203 0 0 0 3 2 16 4 70
82 1 67 -16 850 9 8 0 29 16 15 3 1059
83 0 23 -30 626 -5 3 1 3 1 38 3 380
83 1 18 1 108 -1 -1 0 0 0 7 0 23
83 2 65 -27 791 0 0 0 24 9 23 1 1090
84 0 22 0 77 0 -1 0 0 0 1 1 22
84 1 68 -24 848 2 1 0 20 14 33 3 1151
85 0 16 -38 516 0 0 0 3 6 37 1 213
85 1 22 0 77 0 -1 0 0 0 1 1 22
85 2 62 -33 884 0 0 0 16 11 45 0 1008
86 0 15 -54 552 0 -10 1 2 4 54 0 280
86 1 64 -27 929 5 5 0 30 8 24 1 1084
87 0 9 -56 500 -3 6 1 4 3 41 1 303
87 1 66 -16 881 3 5 0 28 14 13 1 1032
88 0 10 -62 521 0 0 1 4 4 42 1 345
89 0 9 -56 463 0 -1 0 3 3 28 1 221
89 1 65 -16 782 -2 -5 0 31 12 8 1 1002
90 0 14 -62 493 -3 -3 1 3 4 42 0 383
90 1 62 -29 846 0 0 0 26 8 31 1 1044
91 0 8 -56 344 4 1 1 4 4 29 1 218
91 1 62 -34 772 0 -6 0 11 10 34 1 958
92 0 9 -51 445 4 1 0 5 4 34 1 333
92 1 59 -38 830 4 -9 0 11 10 40 0 953
93 0 11 -50 535 -2 2 1 2 7 40 3 338
93 1 63 -33 867 2 3 0 15 10 37 3 975
94 0 16 -52 644 2 0 1 5 7 43 2 385
94 1 64 -27 821 4 6 0 24 10 32 2 1042
95 0 65 -30 837 0 -1 0 25 8 28 0 1155
96 0 9 -60 514 -3 -4 1 0 5 55 1 483
96 1 59 -40 760 0 0 0 11 13 36 2 1004
97 0 11 -62 588 -3 -2 1 0 5 55 3 549
98 0 22 -62 722 0 -10 1 6 4 64 3 456
98 1 49 -46 876 -3 -3 0 13 9 55 5 1230
99 0 22 -56 581 2 -4 1 1 2 64 1 283
99 1 54 -45 760 0 -2 0 12 10 48 2 666
100 0 30 -56 434 0 0 0 0 0 58 5 357
100 1 59 -29 651 0 0 0 18 18 23 1 710
101 0 43 -29 385 0 0 0 1 0 32 12 725
102 0 48 -30 406 4 -6 0 4 0 23 11 887
102 1 63 -9 547 -1 -1 0 15 8 11 1 511
103 0 57 -8 369 0 0 0 18 0 3 6 901
103 1 59 -25 611 5 -14 0 10 8 19 0 623
104 0 71 8 433 7 -4 0 29 1 6 8 942
104 1 57 -30 660 -3 -2 0 15 8 33 2 642
105 0 59 -7 363 0 0 0 3 0 12 8 757
105 1 47 -49 828 0 0 0 15 8 56 4 631
106 0 59 -12 430 -3 -1 0 0 0 23 8 769
106 1 47 -51 782 -4 -3 0 12 8 60 2 520
107 0 57 -30 520 0 0 0 5 0 56 7 711
107 1 44 -57 662 0 0 0 5 7 61 0 271
108 0 56 -29 526 -1 -2 0 4 0 49 14 753
108 1 45 -62 672 0 0 0 10 1 64 2 299
109 0 58 -30 903 1 -3 0 3 3 33 12 1282
109 1 41 -57 528 1 -4 0 0 5 57 3 263
110 0 36 -54 548 -3 -2 0 4 1 62 1 312
111 0 33 -54 584 1 -2 0 1 1 63 3 265
112 0 72 18 394 6 -4 0 33 0 5 15 859
112 1 48 -44 845 0 0 0 16 9 44 2 514
113 0 66 17 363 2 13 0 30 1 2 6 612
113 1 57 -19 569 0 0 0 8 7 31 0 524
114 0 57 -14 305 0 0 0 1 0 16 8 743
115 0 51 9 192 0 0 0 0 0 22 4 136
115 1 66 -4 554 -2 5 0 11 6 14 2 711
116 0 48 -40 436 0 0 0 1 0 59 3 525
116 1 65 -13 632 -2 -1 0 21 7 14 2 676
117 0 36 -46 501 -10 6 0 3 0 61 4 372
117 1 69 0 693 5 8 0 32 3 21 2 667
118 0 70 -2 675 0 1 0 39 12 11 2 716
119 0 31 -56 497 0 8 0 1 2 66 4 314
119 1 66 -28 737 0 0 0 21 17 16 2 1198
120 0 22 -54 488 -2 4 1 1 1 64 3 235
120 1 64 -28 713 -1 0 0 23 14 22 2 1012
121 0 18 -56 486 -1 5 1 1 1 50 1 206
121 1 66 -18 704 0 4 0 22 7 14 1 980
122 0 18 -56 583 -2 6 1 3 3 62 2 420
123 0 18 -57 584 -1 0 1 3 9 54 3 421
123 1 72 -2 718 2 3 0 32 8 8 1 1004
124 0 13 -55 533 0 1 1 2 6 51 1 246
124 1 75 2 635 6 7 0 46 10 11 3 918
125 0 16 -62 552 1 -3 1 5 2 66 0 345
125 1 74 2 649 0 -2 0 44 16 6 2 920
126 0 18 -54 532 0 0 1 2 1 61 1 397
126 1 81 31 536 0 0 0 48 7 9 3 437
127 0 20 -53 507 5 -4 1 3 2 53 1 229
128 0 20 -45 417 0 0 1 0 2 50 1 211
128 1 69 -12 711 -6 -4 0 20 17 14 1 847
129 0 41 -12 237 0 0 0 1 1 15 11 372
129 1 58 -33 794 0 0 0 11 20 30 2 751
131 0 55 8 289 6 -8 0 6 0 3 11 421
131 1 50 -38 693 0 0 0 12 6 53 0 433
132 0 55 -13 412 -2 0 0 8 0 11 12 1025
132 1 47 -20 546 -1 0 0 14 10 34 2 372
133 0 51 -30 547 0 0 0 3 0 34 11 1083
133 1 47 -16 492 3 0 0 11 11 25 0 303
134 0 48 -40 514 -4 2 0 3 0 38 14 911
135 0 49 -30 525 0 0 0 2 1 20 17 1176
136 0 72 40 103 0 0 0 7 2 0 0 39
137 0 86 2 779 11 -5 0 23 1 15 15 1506
137 1 11 0 104 -1 0 1 0 2 5 0 33
137 2 63 10 343 0 0 0 9 3 9 0 183
138 0 66 18 468 6 -6 0 44 1 2 13 822
138 1 73 94 179 0 0 0 0 0 14 0 70
138 2 54 -14 434 0 0 0 9 6 22 1 262
139 0 47 -30 618 -8 -3 0 15 5 42 0 418
140 0 44 -31 479 -6 -4 0 6 4 37 1 222
141 0 18 2 19 -1 -1 0 1 0 3 0 1
141 1 47 -17 518 4 4 0 8 3 28 2 271
142 0 46 -29 491 -10 6 0 2 1 40 16 755
142 1 23 -1 212 0 1 1 2 2 1 0 105
142 2 62 18 272 0 0 0 11 3 6 2 108
143 0 41 -30 369 11 5 0 1 0 25 10 591
143 1 23 -1 206 -1 0 1 1 1 2 0 106
143 2 61 -5 437 -9 -1 0 6 4 16 0 273
144 0 41 -13 331 8 4 0 2 1 26 9 378
144 1 23 1 235 0 1 0 2 2 3 0 103
144 2 59 -13 560 -2 1 0 8 5 26 0 493
145 0 37 -13 322 -2 2 0 1 2 34 6 365
145 1 24 1 250 -1 0 0 4 1 3 0 102
145 2 45 -38 617 0 0 0 13 6 42 1 358
146 0 38 -30 361 -6 -1 0 1 0 28 13 470
146 1 24 1 252 -1 0 0 3 0 3 0 104
146 2 41 -49 645 -5 -5 0 7 5 38 2 348
147 0 37 -46 402 0 4 0 1 1 50 8 580
147 1 25 1 252 -1 0 0 3 0 3 0 114
147 2 41 -52 742 -1 0 0 12 5 54 3 459
148 0 35 -56 506 0 0 0 1 1 65 5 648
148 1 23 1 230 0 0 0 3 1 3 0 103
148 2 54 -32 704 0 0 0 7 17 27 2 627
149 0 30 -62 473 -1 3 0 0 0 61 5 384
149 1 22 1 209 -1 0 0 3 1 2 0 93
149 2 58 -22 621 2 5 0 15 7 24 3 540
150 0 30 -61 432 1 3 0 2 1 50 7 300
150 1 21 0 242 -1 -2 0 0 3 2 0 94
150 2 63 -17 648 3 4 0 13 6 20 2 709
151 0 29 -61 432 -4 0 0 1 1 58 2 422
151 1 21 1 215 -1 -1 0 1 2 1 0 86
151 2 65 -14 674 7 6 0 23 11 17 1 758
152 0 28 -61 456 -2 2 0 1 1 56 6 376
152 1 21 1 214 -1 -1 0 1 2 1 0 86
152 2 62 -13 723 -3 -2 0 30 8 20 4 806
153 0 26 -62 421 -3 2 0 3 0 39 0 130
153 1 21 0 244 -1 -1 0 1 0 3 0 86
153 2 62 -29 831 -2 -3 0 24 8 20 3 1018
154 0 27 -62 748 -1 2 1 3 3 71 3 592
154 1 58 -39 860 0 0 0 13 11 37 4 1042
155 0 27 -62 754 0 0 1 3 3 70 2 594
155 1 54 -50 735 0 0 0 18 13 45 5 779
156 0 25 -62 769 0 0 1 3 2 74 0 509
156 1 54 -47 780 -3 0 0 15 8 57 4 756
157 0 23 -62 475 0 -3 0 1 0 69 3 179
157 1 16 0 145 0 -1 1 2 2 1 0 51
157 2 54 -47 791 1 0 0 10 13 48 1 684
158 0 23 -62 506 -1 -1 0 0 2 67 6 219
158 1 17 0 186 -1 0 1 3 2 0 0 67
158 2 51 -48 817 -2 -2 0 15 16 46 2 845
159 0 30 -56 467 0 0 0 0 1 52 7 360
159 1 13 0 136 -2 0 1 2 1 4 0 47
159 2 45 -54 758 0 0 0 17 4 65 2 514
160 0 37 -56 456 3 -4 0 1 0 58 9 562
160 1 44 -62 680 -6 -4 0 5 6 57 3 297
161 0 32 -56 475 -1 -2 0 2 0 55 11 620
161 1 35 -60 643 -3 -4 0 0 4 66 1 391
161 2 67 29 157 -1 0 0 6 0 4 2 48
162 0 37 -48 481 -1 -4 0 1 1 51 14 630
162 1 35 -58 548 -2 -4 0 0 1 68 0 251
163 0 37 -48 480 -2 -2 0 2 0 56 12 627
163 1 36 -57 585 -2 -1 0 1 2 65 1 331
164 0 38 -46 499 2 -4 0 2 0 50 11 798
164 1 25 -61 694 -2 -2 0 3 3 68 1 405
164 2 64 29 102 -1 -1 0 5 0 3 2 22
165 0 40 -41 429 -1 -3 0 0 0 40 15 881
165 1 28 -62 636 -1 0 0 3 1 76 1 479
166 0 38 -46 476 0 -1 0 2 1 45 12 900
166 1 27 -57 585 -1 -2 0 3 2 61 1 266
166 2 64 29 103 0 -1 0 3 0 1 0 28
167 0 38 -46 473 -1 -1 0 1 0 49 10 900
167 1 24 -62 609 -1 -5 0 4 2 55 6 253
167 2 56 26 303 -2 -1 0 2 0 2 1 67
168 0 43 -46 524 1 -1 0 2 0 43 11 1019
168 1 22 -62 572 -2 0 0 2 2 60 1 239
168 2 55 26 269 -1 -1 0 3 1 2 1 57
169 0 50 -31 455 0 0 0 3 3 31 8 1086
169 1 11 0 74 -1 0 1 1 1 1 0 27
169 2 22 -58 592 1 2 0 1 1 50 5 239
169 3 55 26 255 -1 0 0 6 0 2 1 55
170 0 69 -24 703 9 -7 0 10 2 18 16 1484
170 1 17 0 227 -1 -1 1 3 1 4 0 72
170 2 20 -62 765 0 0 0 4 0 48 9 419
170 3 55 26 254 -1 0 0 4 0 2 0 58
171 0 54 -30 447 0 0 0 3 1 9 12 1175
171 1 13 1 50 0 0 0 0 0 2 0 28
171 2 38 -54 757 0 0 0 2 0 69 5 302
172 0 54 -29 530 -2 2 0 3 0 30 9 1118
172 1 13 1 50 0 0 0 0 0 2 0 28
172 2 16 0 80 0 -1 0 0 0 2 0 16
172 3 43 -46 847 0 0 0 16 5 61 5 673
173 0 47 -40 497 0 0 0 3 1 36 11 957
173 1 13 0 133 -1 0 1 2 0 1 0 51
173 2 44 -36 799 3 3 0 14 6 45 3 597
174 0 43 -46 522 -1 1 0 1 0 43 15 1016
174 1 13 0 91 -1 0 1 2 0 2 0 38
174 2 43 -33 756 -1 -2 0 16 9 44 2 556
175 0 36 -46 500 0 0 0 5 0 53 12 770
175 1 13 0 94 -1 0 1 2 1 1 0 38
175 2 40 -45 644 -8 -6 0 6 7 37 1 367
176 0 38 -46 487 -1 -2 0 1 1 45 16 817
176 1 13 0 94 -1 0 1 2 1 1 0 38
176 2 44 -49 625 -6 -1 0 8 6 55 1 359
177 0 46 -14 327 0 0 0 2 0 18 6 590
177 1 35 -54 585 -7 -7 0 3 2 61 0 314
178 0 50 -7 306 2 -5 0 2 1 9 6 528
178 1 33 -50 676 6 5 0 1 6 37 2 448
179 0 50 -7 354 -4 -4 0 1 0 5 9 531
179 1 54 -18 578 0 0 0 7 9 22 1 420
180 0 48 -29 324 0 0 0 0 1 29 8 776
181 0 40 -36 408 1 8 0 3 0 36 13 524
181 1 58 -16 540 -4 -7 0 9 4 27 0 511
182 0 37 -46 505 8 10 0 1 1 50 13 714
182 1 60 -30 634 -3 1 0 16 10 29 4 769
183 0 32 -45 472 9 10 0 2 0 61 5 388
183 1 63 -10 686 0 0 0 24 5 7 2 691
184 0 28 -46 401 8 7 0 1 1 49 4 305
184 1 63 -14 643 -2 0 0 18 12 15 1 737
185 0 28 -46 370 1 1 0 0 1 40 2 353
185 1 64 -13 673 0 3 0 25 13 14 1 817
186 0 23 -45 353 -1 4 0 0 0 40 2 128
186 1 66 -14 691 1 4 0 24 14 12 2 908
187 0 23 -45 337 -2 1 0 1 0 33 1 135
188 0 33 -40 332 0 0 0 1 0 40 4 235
188 1 70 1 625 2 0 0 31 17 5 2 689
189 0 72 11 547 1 2 0 28 5 4 0 583
190 0 55 8 280 0 0 0 12 0 3 9 501
191 0 54 -26 693 0 0 0 9 8 35 0 413
192 0 43 -37 788 -8 -6 0 9 3 49 4 511
193 0 100 2 869 -4 -1 0 21 3 18 10 1546
193 1 43 -46 754 -6 -5 0 11 7 56 3 483
194 0 84 -23 1005 0 0 0 7 2 31 2 1707
194 1 17 1 58 0 -1 0 1 0 0 0 11
194 2 40 -52 685 -7 -4 0 6 5 63 1 376
195 0 41 -54 562 -4 -2 0 2 4 60 0 246
195 1 68 39 80 -3 -1 0 3 0 3 1 28
196 0 84 -30 1036 -4 2 0 3 1 39 11 1626
196 1 41 -62 544 -2 0 0 1 2 61 1 279
197 0 31 -62 735 -2 -3 0 3 2 67 4 526
198 0 84 -24 1049 1 -1 0 9 2 26 10 1808
198 1 33 -57 602 -1 -3 0 2 2 71 3 282
198 2 67 30 59 -6 -3 0 1 0 0 1 14
199 0 84 -24 1017 -1 0 0 3 1 24 14 1813
199 1 16 2 148 -1 0 0 0 1 0 0 35
199 2 27 -56 614 -1 -1 0 0 0 65 3 302
199 3 66 30 61 -1 0 0 2 0 1 0 13
200 0 68 -30 766 -2 1 0 5 1 20 9 1453
200 1 25 -62 648 -2 -1 0 0 2 62 4 372
200 2 64 29 98 0 0 0 3 0 5 0 24
201 0 69 -25 717 0 0 0 8 3 23 11 1335
201 1 18 1 28 0 -1 0 0 0 3 0 3
201 2 24 -57 629 -1 -2 0 1 0 53 2 248
201 3 62 29 114 -1 -1 0 0 0 2 1 29
202 0 69 -30 644 2 -2 0 5 1 15 12 1359
202 1 17 1 31 0 0 0 0 0 5 0 5
202 2 26 -58 545 -1 -1 0 5 1 52 4 166
203 0 58 -30 553 -2 4 0 6 3 33 14 1204
203 1 25 -61 626 -1 0 0 0 1 50 2 220
204 0 53 -33 600 -4 4 0 4 0 28 13 1005
204 1 27 -61 567 -1 -1 0 2 0 45 5 182
204 2 58 26 259 -1 0 0 0 1 1 0 61
205 0 50 -30 482 0 -2 0 2 1 46 8 969
205 1 24 -62 649 0 -1 0 3 0 53 3 261
205 2 57 26 276 -1 -1 0 1 0 2 0 60
206 0 51 -39 498 -3 0 0 2 2 34 9 1114
206 1 30 -60 657 1 4 0 2 0 66 4 338
206 2 62 30 97 3 2 0 1 0 3 0 24
207 0 52 -31 450 1 -1 0 3 1 28 13 995
207 1 28 -58 756 0 2 0 5 5 63 6 441
207 2 64 30 91 0 -1 0 4 0 3 0 17
208 0 52 -30 531 0 -1 0 4 1 33 14 1118
208 1 36 -62 604 0 1 0 2 1 71 0 270
209 0 52 -30 501 0 3 0 1 1 33 12 1006
209 1 40 -62 748 2 3 0 4 1 72 3 426
209 2 64 30 95 1 0 0 3 1 0 0 28
210 0 46 -30 475 2 1 0 2 0 36 10 924
210 1 45 -62 699 1 3 0 8 1 71 2 286
211 0 40 -39 396 0 0 0 1 1 36 12 808
211 1 54 -49 733 0 0 0 12 14 49 1 569
212 0 38 -46 498 -7 3 0 3 0 47 14 674
212 1 54 -46 842 0 5 0 13 7 49 1 750
213 0 30 -56 451 0 0 0 2 0 57 5 356
213 1 65 -27 892 0 0 0 27 7 30 2 1155
214 0 28 -62 486 4 6 0 1 2 71 2 496
214 1 63 -27 822 -1 -4 0 26 12 26 2 1122
215 0 24 -62 447 -3 3 0 1 1 42 2 248
215 1 66 -17 810 2 8 0 27 18 21 2 955
216 0 22 -57 465 -1 2 0 0 2 62 1 169
216 1 67 -14 853 3 5 0 31 15 16 0 1023
217 0 19 -62 526 0 6 1 1 3 61 4 291
217 1 73 2 788 8 11 0 50 11 3 0 911
218 0 16 -62 544 -1 6 1 5 2 54 3 440
218 1 79 18 708 9 8 0 48 14 11 1 746
219 0 11 -55 476 0 -1 1 4 1 50 1 264
219 1 79 18 717 0 1 0 57 15 11 3 734
220 0 79 18 714 0 -1 0 52 19 8 4 737
221 0 32 -26 318 0 0 0 2 1 25 9 271
221 1 84 34 649 6 7 0 61 10 1 5 469
222 0 42 -8 283 0 0 0 3 0 25 6 334
222 1 83 17 637 -1 -4 0 64 5 10 3 716
224 0 47 -13 310 -6 -1 0 1 1 14 10 534
224 1 64 -18 836 -5 -11 0 33 9 14 1 999
225 0 40 -13 331 -8 1 0 1 2 35 6 331
225 1 61 -33 878 0 0 0 11 11 39 0 851
226 0 38 -14 329 0 0 0 1 1 15 5 386
226 1 57 -40 835 -4 -7 0 7 16 42 1 774
227 0 47 -49 760 4 -14 0 20 9 59 1 583
228 0 50 1 281 0 0 0 1 1 6 6 427
228 1 45 -53 746 -2 -5 0 12 5 59 0 470
229 0 62 17 270 0 0 0 25 0 1 8 460
229 1 41 -62 578 1 -8 0 2 5 65 1 271
230 0 64 33 256 4 -2 0 27 0 0 3 282
230 1 41 -56 609 1 0 0 2 6 57 0 255
231 0 66 18 404 -4 2 0 34 1 1 9 648
231 1 40 -54 537 0 -3 0 4 3 57 0 248
232 0 65 14 416 -3 -2 0 28 0 3 7 655
232 1 36 -55 574 -3 -2 0 3 0 63 2 244
233 0 66 18 404 2 -4 0 36 2 2 10 769
233 1 73 93 169 -1 0 0 0 1 12 0 65
233 2 34 -52 516 2 -1 0 3 3 59 0 223
234 0 66 18 433 4 -3 0 45 1 3 11 822
234 1 35 -49 547 2 2 0 1 6 51 3 335
235 0 66 24 457 1 -4 0 49 2 1 11 693
235 1 29 -45 420 2 -9 0 0 2 38 2 86
236 0 66 18 474 -1 1 0 50 1 0 10 821
236 1 21 -51 481 -2 -3 0 0 3 48 5 168
237 0 20 -60 543 -3 -1 0 2 0 59 3 224
237 1 54 26 239 -10 -6 0 2 1 2 1 58
238 0 20 -62 517 1 -1 0 1 2 46 0 173
238 1 53 26 221 -1 0 0 3 1 3 1 48
239 0 72 82 397 6 -2 0 63 2 6 1 308
239 1 13 -58 704 0 1 1 6 3 59 4 504
239 2 54 26 240 0 0 0 4 1 2 0 57
240 0 30 -54 529 5 6 0 2 0 63 0 259
240 1 66 34 84 0 0 0 2 0 4 1 28
241 0 73 34 391 0 0 0 54 0 2 5 579
241 1 30 -50 507 2 0 0 1 4 51 3 247
242 0 11 0 103 -1 -1 1 2 1 1 0 31
242 1 18 -50 821 0 -4 1 6 2 56 0 480
243 0 66 2 366 0 0 0 16 0 4 8 900
243 1 13 -52 641 -1 -1 1 5 2 54 1 450
244 0 51 -30 631 0 0 0 12 10 33 0 617
245 0 54 -19 537 3 6 0 11 8 20 5 516
246 0 36 -46 420 -3 2 0 2 1 47 8 662
246 1 54 -30 590 -5 0 0 10 8 31 4 607
247 0 32 -46 400 0 0 0 0 0 49 4 327
247 1 63 -30 685 2 7 0 17 12 25 1 870
248 0 28 -46 399 -3 3 0 0 0 45 7 344
248 1 65 -18 717 5 10 0 20 11 22 1 814
249 0 24 -46 404 -3 2 0 1 1 46 4 288
250 0 22 -45 319 0 4 0 1 0 34 1 129
250 1 79 13 663 9 11 0 48 7 8 2 691
251 0 20 -46 490 -2 3 1 0 2 56 1 293
251 1 79 17 629 4 3 0 55 7 4 1 673
252 0 21 -45 554 -1 0 1 3 1 48 2 349
253 0 23 -40 332 0 0 0 1 1 42 1 234
253 1 64 -24 723 0 0 0 24 12 12 2 1072
254 0 28 -46 386 -2 -5 0 1 0 44 7 308
254 1 60 -34 758 0 0 0 12 14 24 1 937
255 0 25 -46 399 -4 1 0 1 0 50 3 331
255 1 58 -42 813 2 -9 0 8 14 26 1 1017
256 0 21 -54 399 0 0 0 1 0 38 1 145
256 1 56 -40 795 -1 -1 0 4 15 26 2 1006
257 0 20 -54 450 0 1 0 1 0 59 2 160
257 1 57 -39 761 -1 1 0 12 11 32 2 879
258 0 20 -62 457 -1 0 1 1 1 69 0 216
258 1 59 -36 876 2 2 0 22 8 47 2 974
259 0 23 -62 651 -1 4 1 4 2 65 2 551
259 1 55 -45 799 1 -8 0 15 11 41 3 1022
260 0 18 -55 507 -1 -1 1 0 5 53 2 192
260 1 58 -41 721 -1 3 0 10 7 34 2 987
261 0 19 -57 520 -1 0 1 3 4 56 2 231
261 1 55 -42 775 -1 -3 0 15 15 40 1 929
262 0 19 -59 518 -1 0 1 1 3 62 0 352
262 1 62 -27 899 0 0 0 20 11 18 0 1103
263 0 20 -57 549 -2 1 1 1 3 60 1 231
263 1 64 -18 774 6 9 0 24 11 13 3 1037
264 0 19 -57 555 -1 1 1 1 5 57 1 195
264 1 64 -17 766 0 0 0 34 7 17 3 993
265 0 19 -57 555 0 0 1 2 3 61 1 266
266 0 69 -5 869 2 3 0 43 13 12 1 1051
267 0 67 -13 778 -5 -7 0 36 8 13 1 962
268 0 18 -57 524 0 -1 1 0 5 63 0 228
269 0 17 -62 601 0 2 1 4 2 67 0 421
269 1 74 2 700 0 0 0 50 18 4 3 1017
270 0 19 -62 579 -1 2 1 2 6 59 2 486
270 1 78 18 673 3 3 0 54 15 7 4 699
271 0 12 -62 510 -1 2 1 2 7 55 3 293
271 1 76 13 845 -2 0 0 49 13 8 4 766
272 0 12 -62 532 0 -1 1 2 4 52 1 301
272 1 74 2 682 -3 -4 0 41 19 4 1 885
273 0 16 -62 577 2 -4 1 4 4 60 3 385
273 1 74 1 704 -2 -1 0 50 16 7 0 1019
274 0 20 -46 470 7 -2 1 2 3 49 1 201
274 1 68 -16 799 0 0 0 25 15 15 2 1065
275 0 63 -29 772 0 0 0 15 13 17 1 990
276 0 13 -46 435 -1 1 1 5 1 45 1 284
276 1 63 -31 768 0 0 0 17 10 21 1 977
277 0 16 -49 466 -3 0 1 5 4 42 2 353
277 1 63 -29 811 0 1 0 21 13 27 0 1012
278 0 11 -50 490 -1 -1 1 4 5 46 2 213
278 1 62 -32 843 -1 -3 0 14 13 30 5 1040
279 0 25 -13 209 0 0 0 0 0 24 4 124
279 1 64 -22 783 7 7 0 27 8 14 4 1036
280 0 31 1 116 14 -1 0 1 0 10 0 54
280 1 63 -22 763 0 -1 0 33 8 12 3 1033
281 0 25 2 106 1 4 0 1 1 7 2 44
281 1 64 -24 811 -1 -3 0 28 13 20 0 1094
282 0 59 -33 782 0 0 0 13 7 32 1 909
283 0 10 -30 302 -4 4 1 2 1 22 1 154
283 1 58 -37 806 -2 -4 0 18 6 31 1 997
284 0 16 -37 473 -1 -2 1 2 5 34 1 270
284 1 56 -41 842 0 -3 0 16 15 37 1 971
285 0 23 -46 565 -4 -4 1 3 3 57 0 243
285 1 56 -39 752 -2 -1 0 6 14 37 0 879
286 0 24 -55 605 -2 -1 1 1 10 53 1 286
286 1 59 -37 842 2 3 0 12 14 31 0 903
287 0 34 -50 978 0 1 1 6 11 57 0 526
287 1 55 -46 798 -1 -7 0 20 8 47 1 1016
288 0 30 -54 517 7 -6 1 0 4 45 1 244
288 1 57 -39 835 1 3 0 13 17 36 2 932
289 0 32 -54 516 0 0 0 2 3 71 2 216
289 1 54 -50 772 5 -13 0 14 16 54 2 774
290 0 31 -54 623 -1 0 1 3 2 71 2 342
290 1 51 -54 736 0 -2 0 13 11 49 3 1200
291 0 32 -56 472 0 0 0 0 0 69 2 359
291 1 54 -46 817 1 6 0 15 15 34 5 1079
292 0 49 -38 429 0 0 0 0 1 38 10 853
292 1 54 -46 707 3 0 0 14 10 43 3 1078
293 0 59 -30 654 12 3 0 18 6 19 1 866
294 0 54 -14 472 2 -7 0 11 0 7 9 1089
294 1 61 -29 604 -2 -4 0 9 10 26 2 673
295 0 54 -14 427 0 -1 0 15 0 10 8 990
295 1 57 -32 603 -3 -5 0 8 10 27 0 585
296 0 50 -29 391 0 0 0 2 0 36 7 791
296 1 47 -50 774 0 0 0 12 11 53 2 552
297 0 49 -31 457 -5 2 0 3 0 45 10 778
297 1 47 -51 775 -1 -2 0 14 3 70 0 601
298 0 42 -46 481 0 0 0 1 0 55 10 665
298 1 47 -54 720 -3 -3 0 7 6 55 4 432
299 0 37 -49 460 0 0 0 0 1 50 8 474
299 1 54 -45 817 0 0 0 7 13 42 2 756
300 0 33 -52 464 -3 3 0 1 1 59 2 347
300 1 61 -29 829 0 0 0 22 11 30 2 1008
301 0 27 -56 476 11 7 0 2 0 63 3 383
301 1 63 -29 726 3 3 0 25 8 19 2 1167
302 0 24 -56 434 -1 1 0 0 2 60 2 287
302 1 63 -29 732 0 0 0 25 16 22 0 1084
303 0 20 -55 458 -1 6 1 2 0 60 1 196
303 1 66 -14 755 6 9 0 33 11 10 2 904
304 0 19 -53 525 -2 2 1 3 3 58 2 186
304 1 69 -4 789 3 5 0 35 8 9 2 1026
305 0 19 -55 555 -3 0 1 1 3 55 0 193
305 1 79 17 611 0 0 0 48 10 7 2 673
307 0 19 -57 557 1 -5 1 2 2 55 2 346
307 1 67 -14 860 0 0 0 36 11 11 1 964
308 0 28 -54 405 0 0 0 2 0 50 3 305
308 1 56 -37 735 0 0 0 14 16 30 4 848
309 0 32 -46 413 5 -6 0 0 1 52 8 471
309 1 55 -46 726 1 -11 0 10 12 44 2 1039
310 0 47 -49 733 -3 -6 0 10 8 52 1 601
311 0 58 17 293 0 0 0 16 4 0 16 440
311 1 42 -51 622 -1 -6 0 4 5 59 1 555
312 0 60 8 339 0 -4 0 23 1 1 8 680
312 1 45 -45 620 6 -3 0 11 2 49 2 430
313 0 60 2 477 -4 -1 0 25 1 3 10 871
313 1 45 -35 612 2 0 0 8 12 32 1 343
314 0 61 -4 412 1 2 0 13 0 1 9 963
314 1 38 -46 451 -2 -10 0 2 1 52 1 259
315 0 82 -8 1690 2 -2 0 19 5 18 8 1975
315 1 29 -47 451 0 0 0 1 1 24 0 102
316 0 32 -61 478 -5 4 0 1 2 59 1 217
317 0 68 -14 620 -5 1 0 8 0 15 13 1251
317 1 13 1 38 -1 -1 0 0 1 1 0 18
317 2 34 -52 565 2 2 0 3 4 55 1 225
318 0 45 -33 650 0 0 0 11 11 36 1 453
319 0 60 -30 651 -2 1 0 4 1 30 13 1360
319 1 13 0 90 -1 0 1 2 0 2 0 38
319 2 49 -18 506 5 4 0 9 8 18 2 327
320 0 47 -30 490 -2 1 0 5 1 23 16 1102
320 1 13 1 102 0 -1 0 1 1 1 0 39
320 2 66 26 194 0 0 0 13 3 3 1 60
321 0 22 0 133 0 0 1 0 1 3 0 76
321 1 55 4 307 -14 -5 0 6 3 7 0 154
322 0 23 0 256 0 1 1 2 3 3 0 113
322 1 45 -13 394 -14 -6 0 11 6 21 1 191
323 0 23 0 256 0 0 1 2 3 3 0 113
323 1 43 -16 356 -6 -4 0 4 5 26 1 148
324 0 23 0 249 0 0 1 3 1 3 0 114
324 1 35 -46 457 -14 -4 0 2 3 48 1 320
325 0 62 -8 483 -5 0 0 29 0 5 10 1044
325 1 23 0 290 0 0 1 3 2 2 0 125
325 2 18 -45 790 -3 -6 1 3 5 49 0 470
326 0 52 -24 461 0 0 0 9 0 8 10 1233
326 1 23 2 250 -1 0 0 1 3 0 0 95
326 2 24 -45 434 -3 -4 0 3 0 45 5 121
327 0 49 -30 476 0 0 0 3 1 18 15 1141
327 1 23 0 254 0 -1 1 2 0 2 0 117
327 2 38 -28 411 0 0 0 1 3 33 0 171
328 0 23 0 255 0 -1 1 1 1 2 0 117
328 1 55 7 247 0 0 0 5 4 6 0 83
329 0 23 1 223 0 0 0 3 2 2 0 103
329 1 57 10 264 1 0 0 4 2 5 0 87
330 0 23 1 245 0 -1 0 4 0 3 0 103
330 1 39 -8 378 0 0 0 4 5 19 1 161
331 0 23 2 264 0 0 0 4 0 4 0 112
331 1 36 -32 425 -12 -4 0 0 6 35 1 238
332 0 54 -13 395 0 0 0 5 0 14 5 844
332 1 24 1 243 -1 -1 0 1 6 0 0 93
332 2 30 -49 649 -2 0 0 0 5 55 0 444
333 0 23 2 260 0 0 0 3 1 4 0 112
333 1 34 -52 569 -1 0 0 1 5 53 3 345
334 0 41 -46 468 -14 4 0 1 0 51 12 756
334 1 23 1 204 0 1 0 2 3 0 0 105
334 2 45 -46 628 5 7 0 9 4 49 2 316
335 0 32 -48 469 0 0 0 0 0 55 4 448
335 1 23 2 227 1 0 0 4 2 2 0 112
335 2 54 -21 556 0 0 0 13 6 20 1 511
336 0 27 -56 628 -4 5 1 5 1 59 5 827
336 1 63 1 469 6 9 0 21 5 14 2 357
337 0 27 -52 653 -3 3 1 3 1 59 3 526
337 1 69 16 482 5 6 0 21 7 9 1 319
338 0 25 -62 657 -5 5 1 1 3 72 0 539
338 1 75 23 458 7 7 0 33 3 7 1 324
339 0 25 -62 641 -1 -1 1 3 4 71 2 535
339 1 79 37 255 0 0 0 25 7 1 3 194
340 0 27 -62 683 0 0 1 1 2 74 1 594
340 1 91 58 159 0 0 0 19 0 1 0 80
341 0 25 -62 673 0 -1 1 5 3 77 0 503
341 1 94 59 164 1 -1 0 17 0 1 1 128
342 0 26 -60 662 1 -3 1 6 1 72 1 494
342 1 75 14 695 0 0 0 44 9 7 0 560
343 0 27 -62 699 -1 -2 1 3 0 73 1 553
343 1 63 -29 822 0 0 0 26 12 21 1 976
344 0 33 -55 482 0 0 0 1 1 58 7 578
344 1 25 2 242 3 -5 0 3 6 2 0 109
344 2 54 -35 731 0 0 0 11 13 36 2 658
345 0 24 1 202 0 0 0 2 6 0 0 112
345 1 45 -50 626 0 0 0 7 7 49 3 262
346 0 55 -27 505 8 -9 0 7 0 17 8 1138
346 1 24 1 198 0 0 0 1 6 0 1 112
346 2 33 -62 590 0 0 0 3 1 66 1 257
347 0 50 -30 460 0 0 0 2 1 24 11 1102
347 1 26 2 274 0 -1 0 3 4 1 0 124
347 2 30 -55 555 -1 -3 0 0 0 63 0 344
347 3 64 30 106 -1 0 0 3 1 2 0 34
348 0 54 -27 490 1 -4 0 3 1 19 6 1102
348 1 26 1 242 0 0 0 2 5 0 0 125
348 2 27 -62 573 -2 -3 0 2 1 44 1 192
349 0 59 -30 491 1 -3 0 7 0 14 12 1395
349 1 26 1 252 0 -1 0 3 2 0 0 116
349 2 27 -62 561 0 0 0 1 1 41 2 195
349 3 62 28 159 0 -1 0 5 0 5 0 35
350 0 54 -30 503 -1 0 0 6 1 16 9 1168
350 1 19 3 50 0 -1 0 1 0 1 0 12
350 2 27 -62 564 0 0 0 1 0 42 3 194
350 3 62 28 165 0 -1 0 2 0 5 0 38
351 0 24 3 225 0 -2 0 0 3 1 0 95
351 1 23 -58 539 -1 -1 0 1 1 30 3 181
351 2 56 25 295 0 0 0 6 0 3 1 71
352 0 61 -14 621 1 -2 0 11 3 7 17 1222
352 1 23 1 254 0 -1 0 1 1 3 0 105
352 2 27 -57 554 0 2 0 1 4 61 1 229
352 3 62 27 168 1 1 0 5 1 4 1 43
353 0 50 -24 500 0 2 0 8 0 10 6 1201
353 1 23 1 281 0 -1 0 0 2 2 0 106
353 2 27 -60 533 -1 -1 0 1 1 34 5 193
353 3 62 28 110 0 -1 0 4 0 4 1 23
354 0 54 -14 421 7 -1 0 16 0 8 7 992
354 1 14 0 148 -1 0 0 1 1 2 0 50
354 2 24 -57 562 0 1 0 3 1 28 2 270
354 3 64 28 131 0 -1 0 4 0 4 0 28
355 0 59 8 419 0 0 0 29 1 2 13 783
355 1 19 1 189 -1 -1 0 0 0 3 0 69
355 2 24 -57 625 -1 0 0 2 4 27 1 262
355 3 63 28 117 -1 -1 0 5 0 2 1 24
356 0 64 18 413 3 -3 0 39 0 2 11 788
356 1 73 98 202 0 0 0 0 1 10 1 116
356 2 19 1 189 -1 -1 0 0 1 2 0 69
356 3 25 -54 634 2 2 0 4 1 63 1 363
356 4 65 32 72 2 2 0 3 0 0 0 25
357 0 64 8 418 0 -1 0 37 0 1 11 926
357 1 73 94 178 0 0 0 0 1 13 0 98
357 2 14 0 140 0 -1 1 1 0 2 0 53
357 3 24 -52 514 -4 -5 0 2 2 51 0 143
357 4 65 32 79 -1 0 0 4 0 1 0 23
358 0 13 0 125 -1 -1 1 3 0 3 0 42
358 1 24 -52 457 -1 -2 0 2 2 49 1 138
358 2 63 31 88 0 0 0 4 0 4 1 26
359 0 11 -61 499 -1 -4 0 5 1 50 3 291
359 1 55 26 240 1 1 0 4 0 1 0 51
360 0 56 -14 525 0 -2 0 21 1 5 11 1183
360 1 55 26 224 0 -1 0 4 0 2 0 50
361 0 64 1 491 0 0 0 42 0 4 13 1117
361 1 11 -61 507 1 -1 0 2 1 51 2 294
361 2 56 26 284 0 -1 0 5 1 1 0 65
362 0 63 6 371 2 2 0 44 0 1 12 943
362 1 10 -56 480 2 -2 0 3 1 46 3 363
362 2 56 26 282 0 -1 0 5 1 1 1 64
363 0 62 2 479 -3 1 0 40 1 2 12 998
363 1 10 -62 451 2 0 0 4 1 44 2 404
364 0 9 -40 414 -1 2 0 3 5 35 1 244
365 0 66 2 428 2 -1 0 24 0 3 15 1060
365 1 8 -40 369 2 -3 0 3 1 32 4 259
366 0 7 -46 296 -1 -6 1 3 0 25 4 176
367 0 59 -22 476 -6 4 0 9 0 19 5 1069
368 0 54 -29 509 0 0 0 6 1 34 14 1105
368 1 8 -61 464 -4 2 0 3 0 49 1 287
369 0 41 -46 465 0 0 0 1 1 48 13 675
369 1 5 -54 389 7 0 1 2 0 38 3 247
370 0 38 -46 482 -4 0 0 1 0 53 7 739
371 0 49 -39 455 0 0 0 1 2 26 15 1090
371 1 5 -46 340 2 0 1 3 2 34 1 185
372 0 54 -25 459 0 0 0 6 1 15 9 1071
372 1 17 -52 579 -1 -4 1 2 1 36 6 261
373 0 53 -30 507 -1 0 0 6 0 16 13 1165
374 0 52 -27 496 -1 -1 0 7 1 14 13 1105
374 1 9 -60 503 -2 3 0 1 1 50 6 418
375 0 50 -27 502 0 -3 0 3 0 18 15 1074
375 1 8 -62 501 1 -1 1 3 0 52 7 393
376 0 51 -14 448 0 0 0 12 0 5 13 1080
376 1 8 -62 504 0 -1 1 3 0 54 9 459
377 0 63 9 460 0 0 0 43 0 2 12 909
377 1 15 -60 712 -4 4 0 3 3 57 7 485
378 0 64 11 444 1 0 0 48 0 2 12 904
378 1 23 -59 994 -2 2 0 5 1 55 9 586
378 2 55 26 256 0 1 0 1 0 1 1 61
379 0 35 -55 1051 2 6 0 5 2 57 7 531
379 1 65 27 111 1 2 0 0 0 2 0 25
380 0 59 -46 848 0 0 0 8 7 53 0 706
381 0 44 -46 478 -11 9 0 3 0 45 15 949
381 1 62 -33 720 5 9 0 12 8 37 0 893
382 0 35 -56 502 0 0 0 1 0 71 4 419
382 1 62 -37 760 -1 -4 0 15 6 46 2 833
383 0 29 -62 416 0 0 0 1 0 51 5 207
383 1 66 -27 823 4 8 0 17 18 21 0 980
384 0 24 -57 464 -4 2 0 0 1 65 2 292
384 1 72 2 748 0 0 0 46 13 9 2 905
385 0 25 -62 462 0 1 0 2 1 56 2 154
385 1 74 2 728 3 2 0 36 16 6 0 930
386 0 20 -62 453 2 4 0 3 0 67 0 217
386 1 79 17 661 9 10 0 57 11 5 5 702
387 0 19 -59 550 -1 4 1 2 4 58 0 278
387 1 81 34 637 4 3 0 45 15 8 5 499
388 0 14 -55 446 -1 3 1 3 1 43 0 123
388 1 78 17 734 -5 -5 0 53 15 4 3 685
389 0 14 -54 432 -1 0 1 1 1 48 1 246
389 1 74 2 746 -5 -7 0 46 13 12 2 967
390 0 18 -54 439 4 -4 1 3 1 45 1 238
390 1 78 10 724 2 0 0 46 11 12 3 864
391 0 9 -43 381 7 7 1 3 1 38 2 164
392 0 8 -38 386 1 2 1 5 3 35 1 324
392 1 71 -3 757 -2 -2 0 36 12 12 2 1058
393 0 7 -37 332 -1 0 1 3 1 33 2 137
393 1 71 2 704 -1 1 0 32 14 4 0 886
394 0 7 -46 344 -3 2 1 3 1 31 3 170
394 1 77 15 736 11 9 0 56 17 11 6 771
395 0 4 -40 301 4 -4 1 2 1 37 1 135
395 1 78 17 704 0 1 0 53 17 13 2 735
396 0 20 -13 204 0 0 1 0 0 19 3 114
396 1 79 18 668 2 3 0 56 15 13 2 734
397 0 32 7 111 0 0 0 1 2 6 3 65
397 1 79 18 653 0 1 0 58 13 10 2 737
398 0 41 25 12 0 0 0 0 1 1 0 23
398 1 79 28 698 2 1 0 70 14 7 2 582
399 0 33 18 49 -12 3 0 1 0 1 1 27
399 1 79 28 691 0 -2 0 65 9 8 1 592
400 0 7 -18 192 0 0 1 2 2 12 1 79
400 1 79 17 716 -4 -7 0 59 13 6 4 718
401 0 16 -30 393 -8 4 1 2 0 26 2 177
401 1 74 9 783 -3 -6 0 50 13 10 2 765
402 0 30 -30 435 0 0 1 0 3 36 0 141
403 0 22 -5 231 -1 -6 1 2 4 11 1 78
403 1 27 -4 271 0 3 0 2 3 10 2 87
403 2 66 -34 832 0 0 0 24 17 48 2 647
404 0 52 -46 484 6 -8 0 1 1 65 5 586
404 1 26 -8 505 0 -5 1 9 3 21 0 223
404 2 34 -13 504 -3 2 0 5 1 15 2 208
404 3 55 -48 1006 0 0 0 11 3 64 4 490
405 0 56 -30 454 -2 -9 0 1 2 51 6 580
405 1 26 -14 450 -1 -1 1 3 2 22 2 223
405 2 35 -7 602 -2 1 0 5 1 15 1 212
405 3 64 -37 776 3 11 0 24 10 34 2 530
406 0 58 -29 2146 -1 -1 1 11 5 53 2 1434
406 1 66 -33 1011 2 5 0 20 12 45 6 717
408 0 53 -38 433 0 0 0 0 1 67 3 230
408 1 47 -42 3492 -2 0 1 11 11 141 10 1547
409 0 53 -30 239 0 0 0 1 1 42 2 266
409 1 47 -46 3597 0 1 1 26 15 145 5 1789
410 0 57 -46 854 -3 -5 0 5 5 60 1 457
411 0 53 -30 413 0 0 0 1 3 54 5 405
411 1 31 -46 1357 0 -1 1 3 1 70 4 678
411 2 31 -9 433 -1 0 0 1 3 23 1 164
411 3 59 -41 1243 2 3 0 26 15 52 3 702
412 0 42 -46 2145 -2 -1 1 4 4 94 4 796
412 1 51 -36 2315 1 0 0 28 3 108 8 1370
413 0 49 -46 2407 1 -1 1 7 5 136 1 1083
413 1 48 -37 2152 -1 -1 0 18 14 97 7 1053
414 0 50 -38 441 1 -7 0 3 2 62 3 308
414 1 28 -42 1190 -1 0 1 3 5 57 2 573
414 2 46 -46 1877 -1 0 0 9 4 98 4 897
415 0 51 -39 417 0 -1 0 1 4 63 0 276
415 1 28 -42 1162 0 -1 1 1 5 49 4 568
415 2 44 -46 1708 -1 -2 0 12 3 98 2 788
416 0 55 -40 446 -2 -3 0 1 0 70 4 285
416 1 25 -10 318 0 0 1 1 3 28 1 154
416 2 17 -46 837 -2 0 1 1 2 39 3 327
416 3 41 -49 1553 -2 -3 0 10 3 107 4 736
417 0 40 -46 843 1 -2 1 6 1 65 1 744
417 1 17 -46 848 -1 -1 1 1 3 34 1 364
417 2 42 -49 1689 1 -1 0 12 4 108 3 841
418 0 48 -46 2381 -1 0 1 7 9 98 6 892
418 1 48 -38 1961 0 -1 0 20 9 92 7 897
419 0 42 -44 1170 0 -2 1 2 4 96 6 623
419 1 17 -46 802 -1 -1 1 2 2 30 2 336
419 2 48 -41 1783 -2 -2 0 9 9 93 6 807
420 0 42 -46 1182 0 2 1 4 8 74 8 566
420 1 17 -46 851 -1 0 1 3 3 38 4 386
420 2 48 -38 1788 0 1 0 9 6 78 5 763
421 0 46 -46 2433 0 0 1 7 7 108 4 949
421 1 46 -45 1754 -3 -6 0 10 5 102 2 741
422 0 55 -49 4921 0 0 1 47 7 206 8 2832
423 0 38 -55 2028 -1 0 1 4 14 83 4 819
423 1 53 -46 2579 0 -1 0 24 3 114 16 1859
424 0 35 -54 965 -1 -1 1 3 6 57 5 413
424 1 17 -45 845 -1 0 0 1 3 49 1 349
424 2 31 -7 449 0 0 0 1 0 30 1 160
424 3 61 -36 1028 0 0 0 15 7 44 4 490
425 0 45 -53 3813 -1 1 1 18 29 153 8 1766
426 0 33 -50 1887 0 1 1 6 7 100 1 766
426 1 46 -42 1865 -2 0 0 9 6 89 5 773
427 0 35 -54 871 -3 -2 1 1 4 69 2 408
427 1 17 -45 841 -1 -1 0 2 4 41 2 354
427 2 46 -45 1710 0 1 0 8 4 103 5 804
428 0 32 -56 893 0 0 1 3 6 65 1 398
428 1 19 -45 793 -1 1 0 1 2 37 1 300
428 2 50 -46 2346 -1 -2 0 29 5 113 11 1590
429 0 41 -54 3481 0 -1 1 12 12 176 6 1588
430 0 61 -41 1063 1 5 0 17 1 61 4 577
431 0 35 -62 1305 -2 0 1 1 8 79 3 645
431 1 24 -43 1261 0 -2 0 4 7 57 3 575
431 2 58 -40 1164 1 2 0 15 6 59 3 589
432 0 31 -62 1220 1 0 1 1 7 79 0 588
432 1 44 -43 3008 -1 0 0 12 13 118 5 1228
433 0 60 -38 1201 0 0 0 34 11 49 5 867
434 0 66 -20 1033 14 4 0 28 13 30 3 862
435 0 64 -38 1214 -4 -4 0 28 9 48 2 1101
436 0 26 -62 1599 -1 0 1 2 7 111 4 758
436 1 32 -13 490 -1 0 0 3 0 33 1 153
436 2 58 -46 845 0 0 0 5 2 63 3 347
437 0 26 -62 1621 -1 0 1 3 6 113 3 757
437 1 54 -48 2029 -3 -4 0 13 7 99 7 952
438 0 55 -46 847 0 0 0 10 8 43 0 401
439 0 28 -62 1941 0 1 1 6 6 124 6 933
439 1 63 -38 931 6 8 0 16 8 58 4 611
440 0 24 -9 274 0 0 1 1 2 19 2 104
440 1 24 -45 1337 -1 0 0 10 6 54 3 471
440 2 72 -30 877 0 0 0 22 9 36 6 870
441 0 79 -13 921 6 8 0 18 8 27 5 878
442 0 31 -62 2076 -2 -1 1 3 2 61 4 1055
442 1 84 10 878 0 0 0 43 10 12 4 815
443 0 31 -53 2048 -1 0 1 3 4 58 4 956
443 1 86 17 858 3 4 0 69 8 16 4 708
444 0 31 -51 1944 1 1 1 6 7 55 2 930
444 1 79 -2 973 0 0 0 45 12 17 4 912
445 0 25 -60 1724 -3 -2 1 3 7 58 2 955
445 1 68 -32 1071 0 0 0 23 10 40 3 884
446 0 31 -56 2014 -1 0 1 2 6 63 3 976
446 1 63 -46 918 -2 -10 0 33 7 50 5 670
447 0 31 -60 2133 -2 -1 1 2 3 61 5 1029
447 1 63 -40 987 -1 -1 0 30 8 47 3 626
448 0 31 -62 2173 -2 -1 1 3 4 71 6 996
448 1 65 -38 849 -1 1 0 20 9 48 5 574
449 0 31 -78 2113 0 0 1 4 0 80 3 1185
449 1 66 -37 993 2 4 0 20 10 37 7 808
450 0 31 -78 2198 -2 -1 1 3 7 74 3 1238
450 1 63 -42 856 0 0 0 12 3 59 3 396
451 0 31 -72 2156 -1 0 1 4 5 74 7 1160
451 1 61 -44 901 -1 -2 0 8 3 61 2 399
452 0 31 -72 2082 0 0 1 3 8 68 4 1167
452 1 62 -40 1037 0 6 0 24 10 44 3 675
453 0 31 -78 2088 -1 0 1 3 10 63 4 1245
453 1 61 -40 908 -1 -1 0 21 12 40 3 554
454 0 31 -62 2035 -1 0 1 3 7 58 6 1051
454 1 62 -40 914 -1 -1 0 24 9 46 2 591
455 0 31 -62 2020 -1 0 1 3 6 54 5 1057
455 1 62 -41 912 -1 0 0 22 13 47 6 542
456 0 31 -62 2064 -2 -2 1 2 3 65 3 1007
456 1 57 -46 767 0 0 0 5 3 63 3 304
457 0 41 -53 3487 -1 -2 1 13 5 134 5 1441
458 0 25 -61 1841 -2 -2 1 7 3 103 3 934
458 1 57 -46 767 0 -1 0 5 2 61 1 318
459 0 27 -62 1896 0 -1 1 8 10 95 6 913
459 1 59 -41 782 0 3 0 4 1 58 1 346
460 0 57 -44 831 0 -3 0 3 2 58 1 323
461 0 35 -53 1002 0 0 1 4 4 82 4 508
461 1 10 -46 670 -2 -2 0 1 4 32 0 206
461 2 45 -45 1590 -1 -3 0 9 5 98 4 744
462 0 31 -56 881 0 0 1 1 2 57 1 369
462 1 23 -46 1228 -1 -1 0 4 4 51 1 484
462 2 61 -45 883 0 5 0 5 2 55 1 333
463 0 64 -38 837 -1 2 0 6 5 52 2 304
464 0 28 -54 749 0 4 1 3 6 63 1 327
464 1 33 -43 1503 0 -1 0 1 4 32 2 531
464 2 62 -40 844 0 -2 0 7 4 58 3 348
465 0 27 -54 708 -1 0 1 1 4 65 3 287
465 1 25 -43 1095 0 0 0 2 3 34 3 420
465 2 64 -40 732 0 -2 0 8 2 54 1 236
466 0 64 -41 792 -1 -1 0 8 1 53 2 323
467 0 62 -42 768 0 -3 0 6 1 60 1 310
468 0 27 -55 771 -1 1 1 6 6 57 1 290
468 1 23 -42 1206 -1 -1 0 5 3 43 3 458
468 2 63 -37 828 0 4 0 11 5 58 3 374
469 0 62 -36 903 1 -1 0 10 3 61 3 403
470 0 64 -34 822 0 2 0 18 6 56 1 439
471 0 27 -54 1917 0 0 1 9 3 98 3 823
471 1 62 -45 781 10 -9 0 7 2 58 1 337
472 0 27 -61 1583 -1 0 1 8 9 78 3 633
472 1 29 -5 341 -1 -1 0 3 0 17 1 83
472 2 58 -39 754 1 -5 0 3 2 49 3 303
473 0 28 -61 1595 -3 -1 1 4 5 91 4 627
473 1 28 -14 301 0 -1 0 2 1 25 0 100
473 2 62 -46 755 -2 3 0 7 3 54 2 294
474 0 25 -62 1886 -1 1 1 5 7 92 4 900
474 1 62 -40 801 -2 0 0 9 2 58 2 339
475 0 27 -55 2004 -1 -2 1 9 6 92 3 850
475 1 63 -38 784 0 2 0 5 5 57 2 300
476 0 59 -40 753 -2 -1 0 6 6 36 0 321
477 0 25 -54 1094 -1 -3 1 5 6 65 0 418
477 1 17 -42 912 -1 0 0 3 3 41 1 372
477 2 62 -40 768 -1 -2 0 4 2 56 0 266
478 0 24 -61 1522 0 1 1 5 5 80 3 621
478 1 46 -46 1580 -2 -3 0 7 3 104 7 696
479 0 61 -45 778 -4 4 0 7 5 57 0 318
480 0 63 -41 970 0 0 0 21 11 35 4 727
481 0 64 -30 866 4 8 0 32 13 38 7 835
482 0 61 -40 1010 0 0 0 26 8 33 3 686
483 0 23 -54 650 -1 -2 1 5 2 55 1 241
483 1 17 -46 975 -2 0 0 4 4 35 3 404
483 2 57 -47 791 0 0 0 6 7 53 2 352
484 0 23 -56 666 0 -1 1 1 4 58 2 247
484 1 17 -46 1026 0 -1 0 4 5 43 4 409
484 2 57 -45 777 0 -1 0 7 7 60 1 345
485 0 28 -56 958 -1 -2 1 3 2 70 2 483
485 1 36 -59 2608 -3 -4 0 16 6 125 4 1212
486 0 57 -45 1051 0 0 0 11 3 53 1 520
487 0 22 -87 2036 -3 5 1 5 7 119 2 1001
487 1 65 -37 965 2 10 0 28 11 46 5 730
488 0 24 -85 2160 1 0 1 7 7 80 3 1091
488 1 65 -37 978 0 -3 0 23 7 50 5 530
489 0 22 -78 2023 -1 0 1 5 5 73 1 994
489 1 66 -36 1102 0 3 0 24 10 50 2 734
490 0 22 -78 1908 0 0 1 6 3 69 2 998
492 0 22 -72 1772 -1 0 1 3 5 66 2 936
492 1 66 -41 1054 0 0 0 25 15 39 6 971
493 0 22 -64 1752 1 -1 1 3 1 55 2 799
493 1 57 -48 917 0 0 0 16 4 58 0 395
494 0 57 -45 857 0 4 0 13 8 51 3 484
495 0 18 -62 1530 0 0 1 6 6 80 4 624
495 1 64 -41 1113 0 0 0 25 16 38 5 924
496 0 19 -51 1368 -1 -1 1 7 2 49 2 675
496 1 74 1 876 0 0 0 35 15 12 5 843
497 0 20 -54 1221 0 1 0 2 7 43 2 486
497 1 74 -22 1032 0 0 0 19 14 19 6 1052
498 0 24 -51 1572 -2 -2 1 3 8 46 2 718
498 1 69 -32 1055 0 0 0 26 10 44 3 778
499 0 20 -53 1357 -1 -1 1 3 4 35 1 641
500 0 19 -54 1362 -1 0 1 5 5 45 1 664
500 1 81 16 871 0 0 0 68 12 12 6 658
501 0 19 -54 1417 0 0 1 1 6 45 3 665
501 1 69 -29 1146 0 0 0 25 12 32 5 1174
502 0 59 -45 1099 0 0 0 16 7 52 3 610
503 0 62 -42 921 -1 -4 0 12 8 48 2 434
504 0 14 -78 1665 2 2 1 5 4 103 2 760
504 1 57 -45 975 -4 3 0 14 10 34 3 636
505 0 21 -78 1726 0 -2 1 2 9 62 1 955
505 1 62 -41 1145 5 -1 0 19 11 41 4 639
506 0 22 -78 1599 1 -1 1 3 3 71 3 949
506 1 62 -46 894 0 -3 0 16 1 62 2 491
507 0 22 -78 1572 0 -1 1 3 6 63 5 1001
507 1 63 -46 992 1 5 0 24 9 53 5 674
509 0 19 -78 1227 -1 0 1 1 8 42 3 666
509 1 25 -5 248 -1 0 0 2 0 8 1 59
510 0 20 -78 1298 0 0 1 4 3 55 1 801
510 1 25 -5 203 -1 -1 0 2 0 6 0 42
510 2 56 -48 759 0 -6 0 6 7 58 0 273
511 0 22 -62 1491 0 -1 1 4 6 51 2 757
511 1 57 -45 897 0 4 0 11 3 59 1 388
512 0 21 -52 1163 0 0 1 2 3 36 0 519
512 1 24 -16 280 -1 -1 0 0 0 14 0 91
512 2 56 -45 765 0 0 0 6 1 59 2 362
513 0 22 -52 1257 -1 -1 1 2 9 41 1 523
513 1 25 -14 306 -1 -1 0 2 1 15 1 86
513 2 61 -45 737 1 2 0 3 2 60 0 243
514 0 19 -54 1218 -4 -1 1 1 3 34 1 486
514 1 26 -5 290 -1 0 0 2 1 13 3 69
514 2 56 -44 801 0 -1 0 7 0 59 2 362
515 0 19 -58 1343 -2 0 1 3 3 47 2 537
515 1 23 -5 225 0 1 0 2 2 8 2 58
515 2 57 -45 761 0 -1 0 6 4 63 1 313
516 0 21 -53 1405 -1 -1 1 6 6 40 1 523
516 1 24 -14 229 0 -1 0 1 1 18 1 83
516 2 57 -45 725 -2 -1 0 7 1 61 4 263
517 0 22 -60 1464 -1 -2 1 9 5 68 0 558
517 1 57 -45 805 -1 1 0 5 1 64 1 265
518 0 22 -60 1461 0 -1 1 4 5 64 3 564
518 1 59 -45 903 1 7 0 14 11 49 2 612
519 0 22 -54 1472 0 0 1 7 6 54 2 523
519 1 62 -46 865 1 -3 0 19 9 57 1 486
520 0 57 -46 862 -1 -4 0 12 9 57 2 479
521 0 65 -34 872 0 0 0 26 11 40 5 620
522 0 66 -21 838 2 5 0 19 9 16 2 600
523 0 69 -17 884 5 8 0 28 10 20 0 792
524 0 62 -46 958 0 0 0 22 8 44 7 667
525 0 57 -45 738 8 -12 0 12 4 51 1 352
526 0 18 -54 1640 -1 -1 1 7 3 53 4 617
526 1 59 -42 866 0 0 0 25 12 43 3 797
527 0 59 -37 918 1 -5 0 22 8 41 6 937
528 0 16 -53 1614 -1 0 1 5 4 56 2 613
528 1 65 -17 828 0 0 0 19 10 22 6 656
529 0 16 -56 1615 0 1 1 5 6 42 0 667
530 0 17 -58 1691 -1 0 1 7 9 65 4 692
530 1 62 -46 1084 0 0 0 28 11 60 4 1067
531 0 62 -45 962 2 -7 0 10 6 55 3 586
532 0 56 -49 616 6 -9 0 4 5 40 0 252
533 0 57 -49 725 0 -2 0 7 4 63 1 321
534 0 60 -41 1139 0 0 0 15 12 46 1 598
535 0 42 -94 4124 -2 0 1 11 18 197 2 2050
536 0 59 -46 1096 0 1 0 14 1 68 3 442
537 0 63 -38 971 3 7 0 19 8 46 6 618
538 0 54 -46 744 0 -12 0 13 8 54 2 456
539 0 58 -46 839 1 2 0 17 9 42 1 519
541 0 74 2 833 2 4 0 53 17 12 3 865
542 0 17 -5 178 0 0 1 0 1 5 0 64
542 1 12 -62 969 7 2 0 5 2 47 2 504
542 2 66 -35 884 0 0 0 15 6 55 4 550
543 0 18 -5 176 -1 0 1 1 1 5 1 69
543 1 11 -50 918 0 -2 0 5 4 37 0 360
544 0 20 -6 190 -2 0 1 2 2 6 0 68
544 1 13 -49 981 0 0 0 4 7 34 3 402
545 0 82 -36 2018 -9 -9 0 52 11 52 6 1959
546 0 20 -6 176 0 -1 1 1 1 8 0 55
546 1 12 -50 1085 -5 -1 0 2 4 30 2 442
546 2 62 -40 739 0 0 0 7 6 38 0 336
547 0 22 -19 432 -3 0 1 0 4 12 0 174
547 1 65 -37 898 -1 5 0 16 5 52 5 496
548 0 66 -36 727 0 0 0 7 3 49 1 268
549 0 66 -32 895 1 2 0 10 9 43 6 492
550 0 68 -33 901 -2 2 0 17 8 49 5 521
551 0 66 -38 921 -1 -6 0 10 4 53 2 393
552 0 65 -33 954 2 6 0 26 6 52 2 594
553 0 64 -41 869 -3 -7 0 13 6 47 2 448
554 0 22 -54 1391 0 -3 1 2 4 29 1 556
554 1 26 -24 310 -1 -1 0 0 2 23 2 113
554 2 62 -43 700 -1 -3 0 4 4 35 0 293
555 0 22 -54 1440 0 -2 1 1 7 33 4 547
555 1 25 -22 225 -1 -1 0 0 1 21 0 68
555 2 60 -41 575 0 0 0 2 0 25 3 180
556 0 22 -53 1458 -1 -3 1 3 9 60 3 501
556 1 21 -22 84 -3 -2 0 0 0 0 0 14
556 2 26 -5 229 -1 -1 0 2 2 9 1 56
556 3 55 -43 883 -1 -3 0 5 4 66 7 296
557 0 22 -54 832 -2 -1 1 1 5 68 0 333
557 1 21 -22 84 -2 -1 0 0 0 0 0 14
557 2 26 -5 225 -1 -1 0 1 2 14 1 52
557 3 59 -46 824 -2 2 0 4 2 59 2 320
558 0 22 -54 1669 -1 0 1 6 8 91 3 632
558 1 64 -38 921 0 0 0 31 10 55 2 599
559 0 22 -53 1650 0 0 1 6 9 67 2 600
559 1 63 -38 754 0 0 0 6 3 57 5 257
560 0 66 -34 724 3 -1 0 6 2 54 5 261
562 0 62 -38 785 0 -1 0 7 3 53 3 303
563 0 56 -38 994 0 0 0 12 4 61 2 454
564 0 57 -40 950 -1 -2 0 5 0 51 5 401
566 0 21 9 108 0 -1 0 0 0 0 0 24
567 0 32 -54 939 0 0 1 2 2 58 0 368
568 0 30 -54 840 -1 0 1 2 3 62 3 381
569 0 27 -5 282 1 1 0 3 1 12 0 68
569 1 85 -11 919 -1 2 0 10 6 36 6 474
570 0 25 -4 135 0 0 0 0 2 9 0 34
570 1 77 -12 1104 -3 -8 0 23 3 41 4 541
571 0 26 -5 249 0 0 0 2 3 7 1 64
571 1 79 -12 1017 2 3 0 14 0 43 4 494
572 0 77 -13 861 -3 -4 0 9 2 48 3 345
573 0 82 -13 616 -1 1 0 5 3 48 1 209
574 0 34 -56 666 7 -6 1 0 8 69 1 282
574 1 80 -15 630 -1 -4 0 3 1 46 2 138
575 0 31 -56 629 -2 0 1 1 4 74 3 348
575 1 80 -19 576 -2 2 0 4 2 25 2 167
576 0 34 -54 694 1 -2 1 2 4 74 2 314
576 1 18 -4 155 -3 -1 1 1 3 1 0 55
576 2 75 -21 842 -2 -2 0 7 2 51 6 363
577 0 32 -52 698 1 -2 1 6 3 73 1 421
577 1 17 -10 257 0 0 1 2 1 7 0 107
578 0 34 -54 682 -2 2 1 1 6 74 1 402
578 1 16 -3 112 -1 0 1 1 2 3 0 48
578 2 73 -24 1040 0 0 0 12 6 43 4 427
579 0 34 -55 860 -2 1 1 1 7 70 0 362
579 1 73 -25 988 0 -1 0 9 2 58 5 388
580 0 71 -29 1325 -1 1 0 26 7 56 10 1287
581 0 30 -24 371 -1 -2 0 0 0 17 0 144
581 1 75 -30 890 0 2 0 17 6 48 2 515
582 0 30 -24 363 -1 -1 0 0 0 12 1 148
582 1 69 -30 1044 -1 -3 0 19 7 53 4 614
583 0 31 -54 518 0 -3 0 1 4 69 3 217
583 1 16 -29 557 0 0 1 2 2 16 0 244
583 2 27 -6 401 -1 0 0 0 0 4 2 111
584 0 34 -55 583 1 -2 0 2 1 73 3 326
584 1 31 -5 297 -1 0 0 0 0 8 3 87
585 0 32 -56 531 1 -2 0 1 1 75 1 318
585 1 28 -5 252 0 0 0 1 0 7 0 76
586 0 32 -55 563 0 0 0 0 4 72 0 320
586 1 18 -27 607 0 0 1 4 1 17 1 263
586 2 25 -5 179 0 0 0 2 0 2 1 49
587 0 32 -54 666 -1 2 1 1 6 73 0 393
587 1 25 -5 168 0 -1 0 0 0 4 1 49
589 0 30 -6 284 -1 -1 0 1 0 4 3 70
590 0 23 -6 126 0 1 0 2 0 1 1 31
591 0 31 -56 667 -2 2 1 2 5 68 2 353
591 1 17 -12 244 0 -1 1 1 4 6 0 101
592 0 35 -53 529 0 0 0 2 1 72 1 320
592 1 19 -10 322 0 -1 1 0 2 10 0 118
593 0 31 -54 651 -2 2 1 1 1 80 1 337
593 1 20 -11 322 0 -1 1 2 0 14 0 119
593 2 64 -37 1279 0 0 0 28 11 47 6 790
594 0 35 -61 540 0 -2 0 3 1 76 1 399
594 1 21 -13 322 0 0 1 1 2 12 0 129
594 2 25 -5 170 -1 0 0 2 0 3 1 42
595 0 37 -46 442 0 0 0 1 0 63 2 214
595 1 22 -4 343 -1 -1 1 0 3 10 1 94
596 0 35 -52 466 -1 0 0 1 0 73 1 398
596 1 20 -6 180 0 0 1 1 2 7 0 68
596 2 28 -6 250 0 -2 0 1 0 6 1 64
597 0 37 -56 444 -2 -2 0 1 0 65 5 334
597 1 25 -5 164 -1 0 0 1 0 4 1 42
597 2 57 -51 847 -8 7 0 8 6 57 1 378
598 0 45 -46 535 0 0 0 3 1 41 14 1021
598 1 17 -5 142 0 0 1 1 4 3 0 58
598 2 8 -11 51 0 0 0 1 0 3 0 12
599 0 45 -46 523 0 0 0 2 0 61 8 649
599 1 25 -7 177 -1 -2 0 1 0 6 2 51
600 0 37 -56 460 0 0 0 2 1 70 2 431
600 1 24 -6 132 0 -2 0 1 0 4 1 42
600 2 63 -37 1116 0 0 0 22 9 51 1 1077
601 0 36 -54 453 1 4 0 2 0 73 2 275
601 1 30 -6 255 0 -1 0 0 1 7 1 69
602 0 33 -56 442 -1 1 0 1 0 70 0 187
602 1 64 -43 1051 0 6 0 12 9 48 5 674
603 0 32 -52 685 0 0 1 4 5 63 1 389
604 0 36 -54 473 0 0 0 1 1 51 1 166
604 1 28 -7 255 1 -1 0 1 0 8 0 69
605 0 21 -21 233 0 -2 0 1 0 14 2 111
606 0 27 -15 443 -1 0 0 3 0 9 2 148
607 0 19 5 75 9 3 0 0 1 6 0 14
607 1 25 -13 439 -1 -1 0 1 0 10 2 131
608 0 23 -18 526 0 -1 0 2 0 11 2 165
609 0 22 -21 284 -1 0 0 1 0 11 3 97
610 0 32 -53 1089 -2 1 1 2 12 59 3 416
610 1 21 -22 175 -1 -1 0 1 0 6 1 48
611 0 32 -46 662 14 -6 1 2 5 65 0 357
611 1 18 -5 291 0 0 1 2 1 5 0 91
611 2 23 -21 256 -1 0 0 2 0 14 1 95
612 0 34 -46 538 0 0 1 2 6 53 1 418
612 1 27 -35 362 0 0 0 1 1 19 1 160
613 0 31 -53 590 -5 6 1 1 6 64 0 349
616 0 28 -53 767 -1 -1 1 6 7 41 0 346
616 1 6 -8 70 -1 -2 0 0 0 2 0 22
617 0 28 -51 766 1 -1 1 3 11 41 2 323
618 0 27 -54 722 1 -3 1 2 6 53 1 298
619 0 57 -51 1145 0 0 0 22 8 54 5 1081
620 0 58 -41 1173 0 6 0 30 7 44 3 796
621 0 64 -32 1028 4 9 0 35 8 37 5 890
622 0 64 -37 999 0 0 0 24 8 57 2 770
623 0 59 -45 866 6 -13 0 8 10 38 1 363
624 0 28 -56 940 1 -4 1 4 5 62 0 462
625 0 57 -46 783 -4 3 0 6 1 58 1 270
627 0 30 -54 513 0 0 0 1 1 73 1 218
627 1 26 -8 192 1 0 0 0 0 8 1 57
628 0 32 -54 510 -2 0 0 0 1 74 1 260
628 1 25 -8 182 -1 0 0 1 0 3 4 52
629 0 32 -53 472 0 1 0 1 2 57 1 317
629 1 15 -6 235 1 0 1 2 2 4 0 82
630 0 31 -52 472 0 0 0 2 5 56 1 223
630 1 16 -4 238 -2 0 1 1 2 5 0 73
630 2 25 -27 261 -1 -1 0 0 0 16 2 96
631 0 36 -53 396 -1 -3 0 0 0 42 0 259
631 1 17 -4 229 -2 0 1 1 1 4 0 75
631 2 25 -7 177 1 0 0 1 0 8 0 51
632 0 35 -52 493 0 0 0 2 4 66 1 314
632 1 26 -27 274 0 0 0 0 0 13 3 104
633 0 34 -51 544 0 -1 0 1 7 64 1 263
633 1 25 -27 268 -2 0 0 0 0 13 2 99
634 0 32 -52 449 -3 1 0 1 1 56 1 351
634 1 17 -3 207 0 -1 1 1 2 5 0 72
634 2 25 -7 191 0 0 0 2 0 4 1 53
635 0 31 -51 1020 -3 2 1 1 7 78 3 591
635 1 24 -8 158 0 0 0 0 0 4 1 49
637 0 29 -54 987 0 1 1 3 8 61 0 408
637 1 25 -27 286 -1 -1 0 0 0 15 1 98
637 2 58 -52 846 0 0 0 17 2 54 0 467
638 0 29 -54 988 -1 0 1 3 6 67 1 403
639 0 24 -8 238 1 0 0 0 0 4 3 70
639 1 57 -52 1164 1 -5 0 23 3 63 5 896
640 0 34 -53 1295 0 0 1 3 5 70 0 578
641 0 30 -54 498 -1 -3 0 2 1 67 1 257
641 1 15 -10 366 0 -1 1 0 3 6 0 123
641 2 21 -8 224 -1 0 0 0 0 4 2 66
641 3 57 26 111 0 3 0 0 0 2 0 28
642 0 32 -52 451 3 -2 0 2 4 68 2 252
642 1 15 -7 367 0 0 1 0 2 8 0 122
642 2 25 -7 252 -1 0 0 0 0 5 4 68
642 3 57 -51 825 2 -7 0 7 3 62 2 376
643 0 37 -48 434 0 0 0 0 1 71 2 295
644 0 42 -46 485 0 0 0 3 0 60 7 661
644 1 25 -8 171 0 0 0 0 0 4 3 53
645 0 38 -52 354 0 0 0 0 0 63 3 278
645 1 16 -4 135 -1 0 1 2 1 4 0 47
645 2 25 -6 166 0 0 0 1 0 5 2 46
645 3 57 26 112 1 3 0 0 0 1 0 29
646 0 30 -53 608 0 0 1 1 6 52 0 228
646 1 14 -3 108 0 0 1 1 1 5 0 41
647 0 27 -53 703 -5 4 1 1 7 43 0 309
647 1 8 -3 75 0 -1 1 1 1 2 0 26
647 2 25 -8 179 0 0 0 0 0 4 2 54
648 0 28 -50 1488 -8 3 1 6 8 61 2 552
648 1 23 -32 296 -2 -2 0 1 0 18 2 133
648 2 64 -41 802 2 9 0 10 8 58 2 395
649 0 28 -52 1913 0 0 1 6 7 83 2 814
649 1 66 -37 832 2 2 0 15 4 62 7 500
650 0 28 -49 1559 0 0 1 7 10 59 0 572
650 1 23 -22 265 -1 0 0 1 0 12 3 103
650 2 67 -35 870 0 1 0 16 3 56 0 499
651 0 27 -48 1620 0 1 1 7 5 48 2 550
651 1 23 -21 257 0 0 0 2 0 11 2 104
651 2 66 -36 685 -1 -5 0 4 3 29 2 249
652 0 27 -48 1559 0 1 1 5 2 42 2 561
652 1 22 -19 160 0 -1 0 1 0 4 1 59
653 0 27 -49 1551 -1 -2 1 8 12 42 3 547
653 1 21 -21 200 -1 0 0 1 0 8 2 73
653 2 64 26 122 0 -2 0 2 0 4 0 30
654 0 26 -53 739 1 -7 1 1 7 46 1 296
654 1 23 -18 190 0 -1 0 0 0 6 0 50
654 2 64 -41 918 -2 2 0 6 4 60 4 346
655 0 25 -52 769 0 2 1 4 6 45 2 323
655 1 23 -22 155 0 0 0 0 0 10 0 41
655 2 64 -41 877 0 -3 0 8 3 52 3 270
656 0 31 -54 978 4 -5 1 9 3 68 0 424
656 1 21 -13 149 0 0 0 2 0 8 3 47
656 2 58 27 106 -2 -3 0 0 0 0 0 24
657 0 25 -50 1622 0 0 1 6 4 58 2 542
657 1 22 -22 178 0 -1 0 1 0 8 1 50
657 2 64 -38 964 0 6 0 26 6 62 6 884
658 0 22 -50 1468 0 2 1 7 4 30 0 519
658 1 21 -6 130 0 0 0 2 0 1 2 31
658 2 58 27 107 -2 -5 0 0 0 0 0 24
659 0 21 6 40 -1 0 0 0 0 6 0 15
659 1 21 -21 180 0 0 0 1 0 9 3 71
659 2 63 -37 1016 0 8 0 31 6 50 1 568
660 0 22 -3 105 0 -1 0 1 0 2 0 21
660 1 62 -40 777 5 -9 0 6 1 41 0 288
661 0 20 -50 1206 0 -1 1 3 4 27 2 440
661 1 24 -3 149 -1 -1 0 1 0 1 0 30
661 2 65 -40 803 -1 5 0 12 10 55 1 481
662 0 22 10 22 -1 -1 0 0 0 3 0 7
662 1 8 -48 757 3 0 1 2 3 17 0 329
662 2 22 -3 81 -1 -1 0 1 0 2 0 15
662 3 67 -38 849 -1 3 0 16 9 56 2 532
663 0 22 10 22 -1 -1 0 0 0 3 0 7
663 1 7 -47 731 0 0 1 1 4 18 0 289
663 2 24 -3 139 0 -1 0 0 0 6 0 26
663 3 66 -33 922 1 5 0 30 9 55 2 724
664 0 16 -45 997 3 0 1 3 6 18 0 393
664 1 23 -3 106 1 -1 0 1 0 3 1 23
664 2 66 -37 1064 0 -5 0 27 8 54 6 745
665 0 22 -3 97 -1 -1 0 0 0 6 1 17
665 1 66 -36 1045 0 0 0 24 11 49 4 668
666 0 25 -45 1269 -3 -1 1 1 4 22 0 501
666 1 23 -2 144 0 0 0 1 1 6 0 34
666 2 58 -45 783 5 -12 0 10 8 54 3 429
667 0 24 -48 1360 -2 -1 1 2 4 38 2 514
667 1 23 -3 107 0 -1 0 0 1 7 0 20
667 2 57 27 134 -3 -3 0 0 0 0 0 30
668 0 31 -53 1002 0 0 1 3 6 67 0 416
668 1 23 -3 102 0 -1 0 0 0 7 0 21
668 2 53 -50 688 -1 -7 0 3 1 31 1 222
669 0 35 -50 476 0 0 0 3 1 68 2 262
669 1 20 -1 269 0 0 1 1 0 7 0 82
669 2 24 -3 133 -1 -2 0 0 0 5 0 27
669 3 49 -48 843 0 -3 0 5 0 67 3 303
670 0 34 -45 543 2 1 0 4 2 71 0 283
670 1 12 -44 798 0 0 1 4 3 15 0 314
670 2 23 -4 191 0 0 0 1 0 7 1 47
670 3 45 -45 898 0 0 0 6 0 54 4 336
671 0 35 -46 543 1 -3 0 2 0 72 1 285
671 1 21 6 150 -1 -1 0 0 1 3 0 38
671 2 49 -45 856 2 1 0 3 1 52 6 307
672 0 35 -47 534 -1 2 0 1 4 65 0 250
672 1 20 -5 149 0 -1 1 0 1 6 0 53
672 2 52 -48 695 0 0 0 4 2 59 5 224
673 0 34 -53 722 -3 3 1 3 10 67 0 307
673 1 21 -78 1407 -1 0 1 5 5 83 1 722
673 2 23 -3 183 -1 -1 0 0 0 5 2 42
673 3 51 -50 734 0 -2 0 4 2 61 4 230
674 0 32 -51 682 -1 0 1 1 9 65 1 334
674 1 21 -78 1514 -1 0 1 5 4 82 1 868
674 2 21 -4 175 -1 -1 0 0 0 1 2 46
674 3 59 -46 1063 0 0 0 16 7 48 2 515
675 0 35 -45 517 9 -5 0 2 1 75 0 322
675 1 19 -6 222 -1 0 1 1 1 7 0 79
675 2 23 -5 229 -1 -1 0 1 0 3 3 56
675 3 47 -52 851 0 0 0 2 0 62 4 233
676 0 34 -52 697 -1 2 1 1 3 73 3 350
676 1 25 -5 190 -1 -1 0 1 1 5 2 45
676 2 57 -46 970 0 0 0 12 12 45 1 476
677 0 45 -46 578 0 0 0 4 1 66 5 734
677 1 17 -2 135 0 1 1 0 2 5 0 47
677 2 33 -3 112 -3 -1 0 0 0 6 0 24
677 3 50 -50 745 0 0 0 2 2 48 4 196
678 0 45 -46 582 2 -5 0 0 0 59 8 743
678 1 21 -9 60 2 2 0 0 0 0 0 14
678 2 49 -50 708 -2 -2 0 2 0 64 3 183
679 0 39 -52 473 0 0 0 0 0 62 5 417
679 1 51 -52 375 0 1 0 1 1 34 1 92
680 0 37 -56 472 0 0 0 0 3 60 1 341
680 1 15 -3 198 0 -2 1 2 1 5 0 64
680 2 44 -51 885 -1 -2 0 2 2 50 6 327
681 0 36 -56 475 -1 2 0 1 0 66 1 202
681 1 9 -88 884 -11 1 0 0 3 53 1 303
681 2 47 -54 694 -2 -2 0 3 1 40 1 175
682 0 37 -46 426 0 0 0 1 0 66 4 489
682 1 22 -94 1692 1 -3 1 0 3 91 3 1043
682 2 39 -54 1115 -2 -5 0 3 0 78 5 344
682 3 66 29 30 0 0 0 0 0 0 0 8
683 0 35 -49 518 0 0 0 1 4 70 1 260
683 1 35 -94 2727 2 0 1 3 5 122 5 1465
683 2 66 30 136 0 0 0 2 2 6 1 34
684 0 33 -51 531 0 0 0 1 2 68 1 264
684 1 19 -93 1294 -1 0 1 2 2 67 0 864
684 2 30 -6 278 0 1 0 2 0 6 1 82
684 3 52 -48 792 0 0 0 4 2 63 3 222
685 0 31 -52 521 0 -2 0 2 1 74 1 373
685 1 19 -94 1175 0 0 1 1 3 61 2 813
685 2 30 -6 285 0 0 0 0 0 3 3 92
685 3 52 -51 629 0 -2 0 2 2 52 3 199
686 0 32 -49 459 0 -1 0 0 3 66 1 250
686 1 9 -70 839 1 -1 1 1 3 36 2 465
686 2 28 -26 411 0 -1 0 1 0 14 4 173
686 3 49 -50 752 1 -3 0 7 0 52 4 231
687 0 39 -45 403 1 -4 0 1 0 66 2 218
687 1 9 -46 750 1 -1 1 2 3 33 1 312
687 2 29 -4 298 -1 -1 0 0 0 7 1 83
687 3 51 -50 692 -3 3 0 5 2 63 1 181
688 0 35 -46 471 16 4 0 1 2 70 2 285
688 1 9 -43 690 -1 -1 1 2 4 14 1 279
688 2 39 -52 1204 -11 -5 0 3 2 71 2 438
689 0 39 -46 445 -2 -4 0 1 1 70 1 214
689 1 9 -2 109 -1 -1 1 0 0 3 0 27
689 2 24 -5 135 0 0 0 2 0 4 0 34
689 3 54 -49 766 0 0 0 9 3 50 0 325
690 0 36 -49 450 -2 2 0 2 4 62 3 175
690 1 15 -46 669 0 0 1 1 5 21 0 333
690 2 39 -52 1288 0 0 0 4 2 89 4 503
691 0 34 -51 681 -3 4 1 3 4 73 1 392
691 1 9 -2 107 -1 -1 1 0 0 3 0 27
691 2 23 -6 154 -1 1 0 0 0 1 2 45
691 3 54 -48 876 0 0 0 11 3 56 1 307
692 0 35 -53 531 -1 -2 0 2 2 73 0 310
692 1 29 -6 304 -1 -2 0 0 0 6 3 82
692 2 47 -52 908 0 -6 0 7 0 66 2 269
693 0 34 -78 714 6 -4 1 3 2 81 2 808
693 1 5 -14 50 -1 -1 0 0 1 3 0 12
693 2 40 -54 1279 -1 -2 0 4 1 85 3 523
694 0 32 -56 460 1 2 0 2 0 69 1 229
694 1 19 -1 102 -1 -1 1 0 1 5 1 33
694 2 23 -5 143 0 1 0 0 0 3 3 42
694 3 37 11 52 -2 0 0 0 0 3 0 12
694 4 52 -50 799 1 3 0 6 1 34 0 217
695 0 37 -52 403 2 -5 0 0 2 71 1 270
695 1 20 -3 188 0 0 1 2 1 8 0 61
695 2 22 -26 241 0 0 0 2 0 13 0 93
695 3 57 -44 1215 2 8 0 22 6 51 4 655
696 0 46 -45 545 3 -5 0 2 0 66 7 555
696 1 20 -5 205 0 0 1 1 3 8 0 72
696 2 30 -6 325 1 -1 0 1 0 7 1 89
696 3 51 -52 528 0 0 0 1 4 31 0 179
697 0 43 -46 288 0 0 0 0 1 52 4 405
697 1 20 -6 169 -1 -1 1 0 1 8 0 56
697 2 21 -5 185 0 1 0 1 0 1 1 53
697 3 57 23 160 4 4 0 0 0 1 0 39
698 0 45 -46 399 -3 -5 0 1 1 60 7 533
698 1 22 -56 1188 -1 0 1 3 5 33 1 528
698 2 23 -5 227 -1 0 0 1 0 1 1 60
698 3 64 -43 841 2 -2 0 12 8 48 5 400
699 0 37 -46 763 0 0 1 2 8 65 3 373
699 1 14 -2 66 4 0 1 0 0 6 0 26
699 2 62 -40 1216 3 7 0 19 11 43 7 718
700 0 33 -49 534 0 0 0 0 6 72 3 247
700 1 13 -4 100 1 -2 1 0 0 3 0 29
700 2 9 -9 44 0 0 0 0 0 0 0 10
700 3 63 -43 935 -1 -7 0 14 8 47 3 530
701 0 33 -52 497 0 1 0 1 4 65 2 264
701 1 19 6 31 -2 0 0 0 1 5 0 12
701 2 58 -42 753 0 -3 0 10 5 42 1 352
702 0 36 -110 2671 -2 0 1 5 6 152 7 1693
702 1 24 -5 135 1 -1 0 2 0 4 0 34
702 2 56 -49 586 0 0 0 4 4 41 0 166
703 0 24 -56 649 -4 4 1 4 2 63 0 251
703 1 40 -53 1267 -9 -3 0 2 1 67 1 488
704 0 31 -110 2841 0 -1 1 5 3 158 4 1417
704 1 24 -4 179 -1 -1 0 1 0 8 0 39
704 2 54 -51 677 -1 3 0 7 0 62 2 230
705 0 36 -104 3373 1 -7 1 9 2 161 4 1825
706 0 41 -46 477 -1 -5 0 1 1 49 14 607
706 1 35 -101 3142 0 -3 1 6 4 149 3 1580
706 2 68 29 102 2 2 0 1 0 5 0 21
707 0 39 -45 438 0 0 0 0 0 49 14 429
707 1 35 -94 3060 -1 -1 1 3 6 146 9 1474
707 2 65 28 116 0 -1 0 0 0 2 1 24
708 0 44 -46 495 0 0 0 3 0 72 1 232
708 1 38 -77 3141 0 1 1 3 9 130 4 1478
708 2 66 30 150 0 -1 0 3 1 3 2 36
709 0 40 -46 417 0 0 0 1 2 64 4 462
709 1 34 -77 2932 1 -2 1 7 7 124 3 1289
709 2 65 29 140 0 0 0 0 1 0 1 34
710 0 37 -47 437 -1 1 0 0 1 62 4 253
710 1 35 -77 3064 -1 1 1 5 7 125 8 1311
710 2 65 29 141 0 0 0 0 0 1 0 35
711 0 37 -52 455 -2 -1 0 1 0 67 5 314
711 1 50 -77 4207 -2 -3 1 11 5 123 9 1960
712 0 37 -46 463 0 0 0 2 4 55 3 216
712 1 35 -88 3276 -2 0 1 11 3 132 9 1614
712 2 68 28 112 0 0 0 0 0 5 1 21
713 0 38 -46 422 0 0 0 1 0 66 3 210
713 1 22 -110 1950 -4 2 1 5 5 92 3 1065
713 2 45 -53 783 -2 -1 0 1 0 56 4 203
713 3 66 30 151 0 -1 0 1 2 5 0 37
714 0 34 -51 573 0 6 0 2 2 76 1 263
714 1 47 -54 789 0 0 0 1 1 69 1 236
715 0 34 -109 2834 -1 2 1 5 9 150 5 1487
715 1 46 -53 782 -2 -3 0 3 0 40 0 221
716 0 32 -104 2818 1 2 1 6 7 141 2 1362
716 1 54 -49 757 0 0 0 9 4 54 0 363
717 0 30 -93 2496 3 1 1 3 6 102 3 1086
717 1 17 -24 232 5 0 0 0 0 0 0 52
717 2 51 -51 740 2 -6 0 9 2 66 2 308
718 0 13 -5 128 0 0 1 0 1 4 1 34
718 1 24 -5 134 1 -2 0 1 0 4 1 34
718 2 54 -49 850 0 6 0 12 9 57 2 436
719 0 42 -48 520 0 -6 0 2 1 62 9 542
719 1 17 -3 88 1 -1 1 0 2 5 0 33
719 2 54 -49 834 0 -2 0 11 7 56 0 388
720 0 41 -44 454 -5 -4 0 0 1 56 9 549
720 1 12 -4 67 0 0 1 0 0 6 0 18
720 2 44 -54 1037 0 0 0 5 4 66 5 360
721 0 43 -46 411 6 -1 0 1 0 45 10 448
721 1 12 -4 67 0 0 1 0 0 6 0 18
721 2 22 -25 245 -1 -2 0 0 0 11 2 89
721 3 57 -52 946 0 0 0 10 3 62 5 460
722 0 33 -40 392 0 0 0 0 0 50 4 296
722 1 12 -4 69 0 0 1 0 0 3 0 21
722 2 24 -5 130 0 -1 0 2 0 1 2 35
722 3 55 -50 889 0 -2 0 13 8 63 3 429
723 0 32 -46 394 0 0 0 2 0 47 2 329
723 1 7 -4 38 -1 0 1 0 0 5 0 10
723 2 24 -5 128 0 -1 0 1 0 3 2 34
723 3 57 -49 852 -2 3 0 11 10 49 0 489
724 0 28 -50 697 0 0 1 0 3 67 3 278
724 1 23 -6 150 -1 0 0 0 0 1 2 45
724 2 55 -49 855 2 -5 0 10 5 59 1 312
725 0 34 -52 709 -2 2 1 1 3 71 1 311
725 1 25 -5 156 0 -1 0 2 0 5 0 38
725 2 59 -45 764 -1 5 0 9 5 49 2 365
726 0 29 -51 603 -1 1 1 1 8 50 1 260
726 1 11 0 42 0 0 1 0 2 2 0 14
726 2 58 -46 988 -1 4 0 20 9 54 7 666
727 0 28 -51 693 -2 2 1 2 13 49 0 287
727 1 58 -46 920 0 -4 0 15 5 58 3 607
728 0 30 -51 755 -4 1 1 2 4 54 0 309
729 0 30 -56 701 5 -4 1 0 6 68 3 310
729 1 58 -46 1098 0 4 0 24 10 50 5 1003
730 0 27 -55 1953 -3 3 1 7 8 87 1 716
730 1 65 -37 975 2 5 0 30 14 34 4 738
732 0 77 -14 876 1 1 0 27 16 12 3 957
733 0 33 -50 942 0 0 1 4 3 45 0 428
733 1 69 -29 1129 0 0 0 21 8 49 2 920
734 0 30 -54 489 0 0 0 1 5 54 1 144
734 1 17 -1 90 0 0 1 0 1 7 0 37
734 2 9 -92 955 0 0 0 0 0 66 2 449
734 3 59 -42 1059 0 0 0 18 8 51 2 561
735 0 28 -55 640 -1 1 1 3 4 68 1 386
735 1 16 -1 77 -1 -1 1 0 1 4 0 27
735 2 59 24 181 -2 -3 0 2 1 2 0 40
736 0 24 -53 649 0 0 1 3 7 49 0 245
736 1 16 -94 775 1 1 0 0 3 49 2 330
736 2 57 -49 637 -2 -5 0 3 6 37 0 212
737 0 24 -54 571 -1 0 1 1 5 46 2 219
737 1 58 -45 965 2 7 0 17 9 47 3 596
738 0 21 -56 506 -3 1 1 1 3 41 3 180
738 1 55 -49 813 2 -11 0 10 4 62 3 308
739 0 18 -56 485 -3 1 1 0 3 40 1 172
739 1 63 -40 1209 0 0 0 28 11 51 3 789
740 0 69 -18 982 0 0 0 23 15 20 5 1025
741 0 15 -53 1159 0 0 1 1 8 20 1 432
741 1 22 -6 176 -1 -2 0 1 0 2 0 45
741 2 64 -32 1042 0 0 0 26 18 34 3 933
742 0 9 -53 996 -1 0 1 3 7 21 1 358
742 1 57 23 182 0 0 0 2 0 1 0 45
743 0 9 -52 921 1 -1 1 3 3 23 1 330
743 1 56 24 153 -1 0 0 2 0 2 0 38
744 0 9 -52 900 -1 -1 1 3 2 26 1 328
744 1 22 -6 45 0 -1 0 0 0 0 0 7
744 2 66 -25 1074 0 0 0 31 10 30 3 1073
745 0 9 -53 891 -2 0 1 2 7 23 0 328
745 1 22 -6 42 1 -1 0 0 0 0 0 7
745 2 69 -18 919 4 6 0 29 9 22 4 1024
746 0 15 -50 999 3 2 1 2 6 19 2 419
746 1 64 -37 1065 0 0 0 24 13 41 5 757
747 0 16 -51 910 -1 -2 1 0 7 23 0 366
747 1 22 -3 33 -1 -1 0 0 0 0 0 5
747 2 58 -44 939 -1 -9 0 19 7 51 5 656
748 0 19 -54 1327 -9 -2 1 7 3 57 4 454
748 1 22 -6 42 -1 -1 0 0 0 0 0 7
749 0 23 -54 1454 -2 -2 1 3 11 67 1 510
749 1 56 -49 782 -2 0 0 11 6 41 0 329
750 0 24 -53 720 1 -3 1 3 8 40 0 291
750 1 28 -2 47 -1 -1 0 0 0 0 0 8
750 2 55 -46 778 0 2 0 11 4 54 0 341
751 0 27 -53 723 -1 -1 1 0 3 39 0 309
751 1 25 -2 42 3 0 0 1 0 2 0 9
751 2 55 -48 759 0 -3 0 8 1 59 2 308
752 0 24 -53 671 0 0 1 2 6 44 0 290
752 1 24 0 78 0 -1 0 0 0 3 0 15
752 2 50 -50 874 0 -5 0 7 4 69 1 306
753 0 27 -53 601 4 -4 1 0 4 39 0 237
753 1 23 -19 145 -1 0 0 0 0 4 0 26
753 2 50 -51 591 -1 1 0 3 2 30 1 258
754 0 26 -50 1572 0 0 1 5 11 41 1 554
754 1 22 -19 220 0 0 0 0 0 6 3 75
755 0 30 -6 287 0 0 0 1 0 7 2 81
755 1 53 -49 898 0 -4 0 21 14 50 1 688
756 0 24 -48 1525 -9 0 1 3 7 48 3 499
756 1 22 -6 176 -1 0 0 1 0 2 0 45
756 2 54 -49 836 1 -4 0 11 6 56 4 439
757 0 24 -54 561 0 0 1 2 2 49 3 256
757 1 22 -28 105 0 0 0 0 0 0 0 17
757 2 56 -51 787 -1 1 0 13 5 50 0 416
758 0 24 -54 556 0 -1 1 0 1 53 1 257
758 1 22 -22 87 -3 -1 0 0 0 0 0 14
758 2 57 -44 913 1 3 0 18 11 34 3 549
759 0 28 -54 623 10 -6 1 0 5 66 1 379
759 1 10 -52 645 -2 2 0 3 1 19 1 228
759 2 58 -33 926 -1 1 0 15 7 37 3 586
760 0 30 -51 700 0 0 1 2 12 45 0 301
760 1 11 -2 94 -1 1 1 1 2 5 0 28
760 2 8 -57 731 -2 1 0 0 2 42 1 315
760 3 57 -43 890 -2 -3 0 17 5 41 4 533
761 0 24 -53 584 -7 0 1 2 5 47 0 212
761 1 47 -54 910 0 0 0 11 3 61 2 407
762 0 23 -54 559 -9 2 1 1 4 45 1 215
762 1 47 -54 801 -5 -3 0 8 2 71 1 314
763 0 36 -102 3618 -1 2 1 10 12 176 6 1836
764 0 15 -59 601 -5 3 1 3 2 52 2 265
764 1 35 -106 2728 -2 1 0 4 7 142 3 1174
765 0 17 -57 472 -3 -2 1 2 3 39 2 139
765 1 17 -104 1933 2 -6 0 3 4 88 0 849
765 2 66 30 124 0 0 0 4 0 4 1 36
766 0 20 -78 540 0 -3 1 2 0 62 2 326
766 1 21 -104 2071 -1 2 0 2 4 107 1 862
766 2 66 29 130 0 0 0 3 0 3 1 38
767 0 20 -54 532 5 -4 1 2 1 63 1 266
767 1 33 -94 2734 0 4 0 9 6 100 3 1205
768 0 20 -78 512 -2 1 1 0 0 60 3 329
768 1 35 -86 2551 -1 1 0 10 13 114 5 1118
768 2 16 0 55 0 0 0 0 0 0 0 10
769 0 11 -59 459 -2 3 1 0 2 54 1 273
769 1 21 7 14 16 1 0 1 0 5 0 0
769 2 16 -70 1025 -14 2 0 1 2 40 1 316
769 3 60 28 252 -1 1 0 0 0 0 0 63
770 0 20 -59 571 -1 1 1 3 1 46 0 184
770 1 16 -70 981 1 0 0 1 4 34 3 318
770 2 60 28 238 -1 0 0 0 0 0 0 56
771 0 10 -56 477 4 3 1 1 1 46 1 175
771 1 36 -72 2363 -8 3 0 5 5 78 3 863
772 0 16 -1 33 0 0 0 0 0 0 0 5
772 1 49 -54 694 0 0 0 2 1 66 0 195
773 0 35 -76 3264 2 -1 1 8 11 126 6 1389
774 0 23 -57 587 0 0 1 1 7 51 1 300
774 1 8 -8 32 0 0 0 0 0 3 0 9
774 2 9 -55 772 3 1 0 3 5 37 1 346
774 3 58 -46 629 0 0 0 2 2 55 1 150
775 0 23 -55 524 0 -1 1 4 5 39 4 260
775 1 7 -55 765 -1 -2 0 2 4 37 0 349
775 2 60 -45 671 1 2 0 6 1 51 2 241
776 0 38 -62 2429 -1 1 0 4 6 95 4 822
777 0 22 8 39 3 -3 0 0 0 5 0 7
777 1 9 -57 457 -1 -3 1 3 5 45 2 169
777 2 19 -76 976 -3 -3 0 3 2 39 0 396
777 3 59 -43 799 0 0 0 14 9 46 1 381
778 0 57 -45 822 0 -1 0 12 4 51 1 436
779 0 12 -94 1649 -1 0 0 4 12 84 2 990
779 1 57 -49 764 -1 -3 0 8 10 46 1 365
780 0 10 -56 511 0 0 1 3 6 41 1 237
780 1 13 -94 1653 0 1 0 2 8 80 2 896
780 2 53 -49 819 1 -4 0 11 5 60 1 396
781 0 34 -120 3833 -2 1 1 6 16 193 7 1780
782 0 57 -49 811 0 0 0 8 7 48 2 365
783 0 52 -51 785 -1 -6 0 7 6 64 1 309
784 0 51 -50 926 -1 0 0 10 8 77 3 461
785 0 52 -51 898 -1 -1 0 10 7 85 0 382
786 0 38 -70 3733 2 -1 1 10 15 141 4 1396
787 0 8 -54 485 -1 -2 1 4 2 45 4 245
787 1 39 -74 2991 -2 0 0 11 9 142 7 1175
788 0 59 -45 1141 0 0 0 23 12 53 2 790
789 0 58 26 162 -2 0 0 0 0 1 0 41
790 0 49 -52 901 0 0 0 4 7 69 1 306
791 0 35 -102 2695 0 0 0 5 3 102 3 1179
791 1 65 30 116 -1 0 0 5 1 1 2 31
792 0 12 -57 382 -1 -1 1 0 4 30 0 164
792 1 45 -54 940 2 2 0 4 3 71 1 273
793 0 22 -61 678 0 0 1 3 1 54 5 306
793 1 14 -78 875 3 -2 0 2 4 49 0 305
793 2 45 -46 741 0 0 0 3 2 45 3 259
794 0 22 -62 675 0 -2 1 2 0 65 1 424
794 1 16 -70 726 1 -1 0 3 2 34 1 248
795 0 32 -46 400 0 0 0 2 0 49 7 550
795 1 22 -5 273 0 0 1 1 2 9 0 84
795 2 19 -66 1028 0 0 0 5 3 20 0 287
796 0 24 -69 1517 -4 0 0 3 4 21 2 400
797 0 51 -10 335 0 0 0 6 0 11 8 675
797 1 60 29 236 0 0 0 0 0 0 0 56
798 0 54 -7 346 1 -4 0 9 0 8 2 765
798 1 20 7 77 0 0 0 1 0 4 0 19
798 2 66 30 122 -1 0 0 0 1 1 1 29
799 0 51 -29 336 0 0 0 1 1 37 11 748
799 1 21 6 43 -2 0 0 0 0 6 0 15
799 2 35 -126 3514 -3 -1 1 5 9 129 5 1772
799 3 67 29 171 0 0 0 1 1 2 2 44
800 0 32 -50 725 0 0 1 4 5 67 1 415
800 1 36 -126 3712 0 1 1 8 7 138 3 1869
801 0 36 -49 1202 0 0 1 4 8 60 1 501
801 1 47 -110 3611 2 0 0 12 5 118 6 1809
801 2 78 47 73 -1 -1 0 0 0 1 0 14
802 0 30 -51 670 -5 -1 1 2 6 39 0 273
802 1 7 -104 1353 1 1 0 2 2 89 0 649
802 2 55 -40 1051 0 0 0 5 2 59 5 307
803 0 30 -51 691 -2 0 1 1 6 50 0 271
803 1 55 -40 992 -2 -2 0 3 0 57 3 315
804 0 31 -56 497 0 0 0 1 0 60 3 366
804 1 12 -6 86 0 0 1 0 2 2 0 32
804 2 60 16 554 0 0 0 5 1 7 3 154
805 0 30 -46 437 1 -3 0 1 0 60 1 382
805 1 12 -4 55 0 -1 1 0 0 5 0 19
805 2 38 -86 1937 -1 2 0 2 6 65 1 766
806 0 48 -29 479 -13 7 0 2 1 41 11 819
806 1 12 -3 25 -1 0 1 1 0 0 0 6
806 2 16 -78 933 3 -2 0 1 2 44 2 311
806 3 68 32 118 -1 -1 0 1 0 0 0 26
807 0 55 -13 464 0 0 0 9 0 9 7 967
807 1 6 -66 950 4 -4 0 0 5 32 1 336
807 2 66 34 91 1 -1 0 3 0 2 0 23
808 0 56 -6 429 2 0 0 6 0 6 17 783
808 1 13 -6 97 0 0 1 0 0 2 0 34
808 2 13 -58 951 6 -2 0 1 4 41 2 360
808 3 58 23 297 -1 0 0 4 0 1 0 65
809 0 52 -29 490 0 0 0 1 0 36 16 805
809 1 14 -2 69 3 -1 1 0 2 3 0 27
809 2 44 -51 824 0 0 0 0 3 41 1 249
810 0 44 -46 409 0 0 0 1 0 60 2 685
810 1 11 -2 63 1 0 1 0 1 1 0 28
810 2 47 -50 799 0 2 0 4 4 64 1 263
811 0 28 -53 385 0 0 0 1 1 37 1 320
811 1 52 -28 688 0 0 0 16 12 33 1 386
812 0 23 -62 711 -5 4 1 2 3 68 1 430
813 0 25 -57 1175 -9 1 1 2 5 79 1 498
813 1 25 -6 122 0 -1 0 0 0 2 1 37
813 2 62 -6 547 3 3 0 13 6 9 2 258
814 0 26 -78 1892 -3 -1 1 4 3 94 3 778
814 1 57 -25 780 -2 -8 0 11 6 26 0 341
815 0 37 -56 334 0 0 0 1 0 57 6 566
815 1 22 -93 1812 -1 -7 1 5 4 79 2 936
815 2 45 -46 750 0 0 0 1 2 52 2 183
816 0 63 -24 650 -8 3 0 6 0 14 11 1439
816 1 35 -82 3099 1 0 1 5 1 129 7 1366
816 2 67 30 175 1 1 0 2 1 4 1 42
817 0 35 -82 3102 0 1 1 5 6 120 9 1368
817 1 20 5 53 0 0 0 0 1 6 0 14
817 2 67 29 139 0 0 0 2 0 1 1 36
818 0 58 -29 682 -3 3 0 5 2 34 12 1280
818 1 44 -54 856 4 5 0 2 1 46 2 257
819 0 59 -29 555 -2 2 0 4 2 41 16 861
819 1 48 -54 667 2 2 0 2 1 59 2 156
820 0 51 -39 440 0 0 0 2 0 56 9 664
820 1 37 -78 3345 0 -1 1 6 3 100 5 1482
821 0 53 -39 538 -1 -1 0 2 0 55 9 834
821 1 62 -43 1191 0 0 0 18 14 44 5 755
822 0 44 -46 438 0 0 0 1 1 68 4 542
822 1 12 -5 66 0 0 1 0 1 3 0 12
822 2 59 -46 1059 0 -5 0 10 4 50 2 450
823 0 45 -46 465 2 0 0 1 0 65 5 545
823 1 62 -46 1079 2 7 0 19 16 47 3 725
824 0 58 -30 876 0 0 0 5 1 44 11 1215
824 1 12 -6 72 0 -1 1 0 0 1 0 17
824 2 57 -49 773 0 0 0 8 5 55 2 317
825 0 66 -30 1261 2 -1 0 5 2 49 17 1703
825 1 64 -45 898 3 1 0 5 2 60 1 292
826 0 62 -40 1054 3 6 0 26 13 46 5 624
827 0 12 -6 83 0 0 1 0 1 1 0 34
827 1 64 -43 1018 -2 -3 0 22 8 51 2 476
828 0 72 22 449 6 -5 0 37 1 4 8 698
828 1 12 -6 81 -1 0 1 1 1 1 0 24
828 2 24 -5 125 0 -2 0 1 0 4 0 35
828 3 65 -40 866 0 1 0 8 11 50 2 488
829 0 70 2 394 0 0 0 20 2 2 4 932
829 1 3 -9 49 0 0 1 2 0 1 0 15
829 2 24 -5 122 0 -1 0 1 0 4 1 34
829 3 64 -35 876 2 6 0 24 3 57 5 591
830 0 3 -8 49 -1 -1 1 2 0 1 0 12
830 1 27 -6 195 0 -1 0 1 0 6 1 58
830 2 58 -43 969 0 0 0 5 0 65 4 418
831 0 61 -29 405 0 0 0 1 2 58 2 273
831 1 11 -9 183 0 0 0 1 0 2 0 47
831 2 22 -6 168 -1 -1 0 1 0 2 1 44
831 3 71 -33 1124 0 0 0 26 6 60 4 786
832 0 56 -30 526 1 -5 0 3 0 62 5 504
832 1 13 -10 209 -1 0 0 0 0 2 1 52
832 2 23 -5 149 0 0 0 0 0 4 2 42
832 3 76 -20 987 7 9 0 18 7 26 4 870
833 0 56 -30 477 0 0 0 1 0 56 7 510
833 1 8 -10 218 -1 0 0 2 1 2 0 58
833 2 23 -5 140 0 0 0 1 0 5 2 40
833 3 84 2 819 9 10 0 23 11 18 7 781
834 0 58 -24 496 2 -4 0 1 0 57 4 757
834 1 14 -32 730 -1 0 1 3 5 12 1 265
834 2 27 -5 224 -1 -1 0 1 0 6 1 58
834 3 84 1 829 0 -1 0 21 8 12 4 765
835 0 6 -6 57 0 -2 1 1 0 5 0 18
835 1 95 40 640 0 0 0 34 8 10 2 473
836 0 73 82 197 0 0 0 26 1 4 1 160
836 1 20 -5 307 0 0 1 1 1 13 2 91
836 2 8 -12 196 10 0 0 5 1 7 1 66
836 3 88 82 390 8 6 0 39 3 2 2 194
837 0 21 -4 702 0 0 1 7 3 13 4 220
837 1 89 35 527 1 2 0 33 9 4 2 400
838 0 73 27 245 -10 2 0 11 0 4 6 435
838 1 16 -4 266 2 0 0 4 0 12 1 93
838 2 35 9 77 -6 -3 0 0 0 2 2 20
838 3 94 50 499 7 7 0 35 4 5 4 326
839 0 12 -2 73 0 0 1 0 1 4 0 30
839 1 23 -3 115 1 -2 0 1 0 4 0 25
839 2 28 2 63 -3 -3 0 0 0 0 2 16
839 3 95 52 440 1 -1 0 29 7 0 4 250
840 0 107 114 369 0 0 0 32 1 3 5 297
841 0 107 114 372 -2 1 0 30 1 6 3 298
842 0 106 130 170 8 5 0 8 4 2 1 206
842 1 109 114 358 6 -2 0 27 1 2 6 239
843 0 106 130 233 6 3 0 7 3 7 1 164
843 1 105 103 339 -8 3 0 27 1 4 5 197
844 0 100 146 353 1 0 0 10 2 11 1 432
844 1 102 114 454 2 -2 0 26 3 5 6 335
845 0 99 146 465 0 0 0 14 2 9 0 551
845 1 19 0 107 0 1 1 0 3 1 0 59
845 2 113 115 273 0 0 0 18 0 1 3 158
846 0 105 142 331 -2 -2 0 13 6 7 2 390
846 1 18 0 112 0 -1 1 2 0 4 0 48
846 2 18 -1 75 -1 -1 0 1 1 0 0 14
846 3 100 109 426 -8 2 0 25 1 7 5 298
847 0 105 138 274 -6 -4 0 17 3 5 1 424
847 1 17 0 72 0 -1 0 2 0 0 0 14
847 2 106 108 370 -2 2 0 28 2 3 4 203
848 0 99 146 437 2 1 0 21 5 7 1 614
848 1 105 114 430 1 -1 0 27 1 2 7 314
849 0 99 146 444 4 3 0 13 3 9 1 550
849 1 17 -1 59 0 0 0 1 0 1 0 14
849 2 107 114 373 -4 0 0 36 1 4 8 354
850 0 99 146 494 4 3 0 11 4 16 2 567
850 1 103 98 386 -10 3 0 46 1 3 3 211
851 0 103 146 450 4 3 0 6 5 20 1 364
851 1 92 52 547 0 0 0 42 9 4 4 283
852 0 103 148 480 1 0 0 4 6 16 2 386
852 1 99 52 654 3 2 0 56 2 8 1 414
853 0 101 149 846 2 2 0 6 11 17 3 539
853 1 90 81 482 7 6 0 48 3 2 2 233
854 0 107 108 351 0 0 0 29 1 3 5 202
855 0 86 137 507 -7 -4 0 12 5 13 2 643
855 1 108 114 355 4 -3 0 19 3 3 8 279
856 0 100 146 389 3 1 0 15 7 12 1 589
856 1 108 114 362 -1 -1 0 20 1 4 5 256
857 0 106 142 292 -1 2 0 11 11 3 0 450
857 1 109 114 392 -1 1 0 30 1 3 5 258
858 0 99 146 530 6 4 0 11 2 16 4 567
858 1 19 -1 131 -1 0 0 3 0 7 0 39
858 2 102 100 417 -10 2 0 37 0 2 5 235
859 0 17 -2 237 0 0 0 5 0 13 1 71
859 1 102 94 355 -4 -2 0 36 1 2 4 149
860 0 99 162 680 0 -1 0 8 7 25 3 821
860 1 102 98 367 -1 -1 0 42 1 3 5 189
861 0 86 146 521 -14 -6 0 17 2 13 2 830
861 1 105 97 236 8 1 0 16 0 1 3 136
862 0 87 130 406 -8 -2 0 24 4 9 2 681
862 1 104 101 322 0 0 0 22 0 0 2 130
863 0 86 146 532 8 2 0 20 5 11 2 826
863 1 112 114 231 -1 3 0 11 2 2 4 117
864 0 94 146 430 1 0 0 14 4 9 1 728
864 1 112 129 338 6 -5 0 9 1 3 2 209
865 0 98 146 360 -1 1 0 9 13 4 1 648
865 1 114 129 306 0 -1 0 10 2 4 0 192
866 0 98 142 363 -1 1 0 10 12 2 2 595
866 1 112 129 346 -2 1 0 10 2 3 3 206
867 0 98 146 332 -3 0 0 10 12 6 1 646
867 1 14 0 39 -1 0 0 2 0 0 0 8
867 2 112 129 337 -1 1 0 11 1 4 2 206
868 0 99 129 237 0 0 0 16 6 2 1 425
868 1 17 1 42 0 -1 0 0 0 0 0 7
868 2 111 121 205 0 0 0 5 1 9 0 141
869 0 15 -1 32 0 -1 0 1 0 0 0 5
869 1 91 82 276 0 0 0 32 2 2 1 163
870 0 16 0 109 0 0 0 2 1 0 0 29
870 1 102 98 286 0 0 0 24 2 4 4 142
871 0 18 -1 75 -1 -1 0 1 1 0 0 14
871 1 102 96 296 3 -1 0 27 0 2 2 144
872 0 17 -1 100 -1 -1 0 2 1 0 0 21
872 1 102 102 353 3 -1 0 31 1 3 5 200
873 0 80 1 2245 0 -1 0 5 2 48 5 1266
874 0 57 1 377 -4 4 0 3 0 29 6 437
874 1 86 77 442 4 3 0 29 4 4 5 255
875 0 49 -22 261 0 0 0 1 0 36 2 335
875 1 84 12 700 0 0 0 27 12 11 2 723
876 0 51 -29 436 -3 -4 0 1 1 56 7 353
876 1 74 -21 877 0 0 0 18 10 26 0 896
877 0 44 -48 522 0 0 0 3 4 62 2 289
877 1 64 -43 818 0 0 0 3 3 66 3 453
878 0 71 -29 778 -4 -15 0 21 9 26 2 1213
879 0 67 -37 787 0 0 0 13 7 54 1 723
880 0 44 -46 441 5 -4 0 2 2 70 3 451
880 1 68 -33 782 0 3 0 14 11 48 4 907
881 0 42 -46 541 10 -9 0 1 2 62 1 418
882 0 66 -33 830 -1 2 0 15 14 24 3 802
883 0 44 -46 342 -7 7 0 3 6 50 1 336
883 1 18 -2 61 -1 0 0 1 0 0 1 23
883 2 63 -39 932 -1 -7 0 13 4 54 2 809
884 0 48 -46 511 3 -6 0 1 1 65 7 708
885 0 51 -46 491 1 -4 0 3 0 53 11 807
885 1 65 -38 713 1 9 0 13 7 40 0 637
886 0 66 -37 863 0 1 0 16 8 42 0 690
887 0 63 -39 735 1 -6 0 14 9 54 1 636
888 0 64 -40 748 0 -4 0 13 10 56 0 523
889 0 48 -46 496 2 -4 0 4 1 63 6 662
889 1 65 -33 869 3 7 0 16 6 58 4 676
890 0 49 -40 511 -2 -3 0 3 2 58 8 703
890 1 25 -4 163 0 0 0 1 1 5 0 37
891 0 50 -46 541 0 0 0 2 1 60 9 680
891 1 64 -40 727 -2 -2 0 6 14 50 3 599
892 0 28 2 62 0 -1 0 0 0 2 1 15
893 0 51 -40 472 2 -6 0 1 2 53 10 880
893 1 25 -3 132 0 -1 0 1 1 4 0 27
893 2 30 2 89 -1 0 0 0 0 0 3 25
893 3 64 -33 795 3 10 0 10 8 51 1 710
894 0 48 -46 548 0 0 0 2 2 68 6 474
894 1 23 -4 194 0 -1 0 1 2 7 1 55
894 2 57 -45 741 0 0 0 5 8 59 0 215
895 0 29 3 83 0 -1 0 0 0 1 2 25
895 1 64 -39 946 0 0 0 20 12 40 2 808
896 0 66 -23 599 10 -8 0 4 0 26 9 1208
896 1 57 -45 714 0 0 0 2 2 46 3 241
897 0 70 -23 615 0 2 0 4 0 37 10 1209
897 1 64 -33 876 0 0 0 19 15 35 1 956
898 0 61 -36 896 0 0 0 5 2 62 10 1217
898 1 57 -45 849 0 0 0 9 3 68 0 298
899 0 63 -29 949 1 -1 0 6 1 63 6 1166
899 1 62 27 110 3 1 0 0 0 3 0 25
900 0 47 -36 623 0 0 0 4 8 54 0 344
900 1 63 -42 1018 -1 1 0 19 10 52 0 633
902 0 52 -40 570 4 -6 0 3 2 64 5 646
902 1 69 -22 821 0 0 0 23 11 26 2 1090
903 0 50 -40 352 0 0 0 2 0 66 1 361
903 1 65 -24 822 -2 -4 0 22 12 30 1 950
904 0 55 -29 466 1 -5 0 3 0 46 12 819
905 0 54 -37 503 2 4 0 2 3 61 5 721
905 1 28 4 58 -1 -1 0 0 0 1 0 14
906 0 51 -40 499 0 0 0 2 1 70 3 452
906 1 91 93 681 0 0 0 46 2 15 8 462
907 0 47 -30 695 0 0 0 2 4 52 2 358
907 1 23 -2 156 -1 -2 0 0 0 5 2 38
908 0 47 -29 752 -2 2 0 2 7 55 1 467
908 1 65 -40 1026 0 0 0 15 10 44 3 788
909 0 52 -40 529 0 0 0 2 6 66 2 284
909 1 62 -45 1001 8 -12 0 5 4 60 0 404
910 0 51 -40 526 -3 -2 0 3 2 70 1 452
911 0 57 -29 703 0 0 0 6 1 69 2 653
911 1 65 -24 751 0 -1 0 21 9 22 2 1066
912 0 60 -30 502 0 -6 0 2 0 55 5 568
912 1 69 -21 752 3 0 0 28 10 34 2 898
913 0 52 -40 522 0 0 0 5 1 68 2 509
914 0 51 -40 510 1 0 0 5 2 69 3 493
914 1 21 -1 114 -1 -1 0 1 0 0 0 34
914 2 67 -37 816 -2 -4 0 13 15 44 1 725
915 0 49 -46 514 -3 0 0 5 2 66 3 568
915 1 21 -1 163 0 -1 0 2 0 6 2 44
916 0 45 -46 380 0 0 0 3 2 62 1 284
916 1 69 -33 758 2 -2 0 12 8 56 2 678
917 0 62 -44 759 0 0 0 9 10 56 2 583
918 0 50 -41 409 2 3 0 1 0 64 3 460
919 0 42 -43 804 11 -8 1 2 15 60 0 511
919 1 59 -46 810 6 -10 0 6 2 70 2 350
920 0 64 -38 961 3 7 0 12 4 53 4 542
921 0 50 -46 449 0 0 0 1 2 69 2 570
921 1 67 -30 776 2 6 0 15 10 45 3 668
922 0 42 -46 564 0 0 0 3 3 69 2 439
922 1 20 -1 81 0 0 0 2 0 0 0 28
922 2 67 -29 804 1 0 0 21 12 44 3 700
923 0 41 -42 623 -1 3 0 2 6 64 4 375
923 1 20 -1 80 0 0 0 3 0 0 0 27
923 2 64 -37 819 0 -7 0 15 9 48 3 622
924 0 65 -33 733 0 3 0 15 10 47 4 724
925 0 54 -32 512 1 0 0 2 1 55 8 795
925 1 64 -34 740 -2 -1 0 15 14 44 5 624
926 0 58 -29 841 0 0 0 4 2 72 2 651
926 1 21 -1 163 1 -1 0 2 1 6 1 44
926 2 67 -34 782 0 0 0 7 5 56 4 288
927 0 50 -26 724 0 0 0 4 7 54 0 353
927 1 69 -33 700 1 1 0 6 7 51 0 346
928 0 49 -26 547 -7 1 0 1 2 53 0 240
928 1 69 -31 828 0 0 0 18 10 61 2 629
929 0 49 -18 509 -5 4 0 0 6 36 0 255
930 0 23 -10 252 0 0 1 1 4 11 0 103
931 0 69 -30 688 0 0 0 13 10 48 2 887
932 0 66 -32 777 -2 -2 0 16 10 46 1 767
933 0 73 -14 730 0 0 0 13 11 27 4 968
934 0 76 -14 750 1 3 0 19 10 24 1 966
935 0 72 -21 733 -1 -8 0 22 13 34 1 892
936 0 69 -30 807 -2 -6 0 17 7 52 1 883
940 0 90 31 626 9 10 0 39 7 2 0 564
942 0 41 6 158 0 0 0 0 2 15 2 93
942 1 109 114 260 -5 5 0 16 1 1 7 173
943 0 51 18 110 11 -6 0 0 1 9 1 129
943 1 109 114 305 2 -2 0 17 2 1 2 168
944 0 71 88 287 3 -1 0 2 0 7 0 112
944 1 106 114 352 -6 3 0 26 0 4 4 239
945 0 88 104 140 6 1 0 0 0 8 1 79
945 1 105 114 330 3 -2 0 22 1 4 3 217
946 0 110 114 299 5 -4 0 22 0 4 3 161
947 0 62 82 278 1 -2 0 10 1 6 2 177
947 1 98 88 145 3 3 0 3 2 1 0 96
948 0 78 90 228 0 0 0 27 2 4 1 186
948 1 84 39 237 0 0 0 18 5 0 1 185
949 0 88 98 225 8 -1 0 30 2 4 1 147
949 1 87 43 203 0 -2 0 13 5 1 0 146
950 0 102 114 210 0 0 0 23 3 3 0 147
951 0 101 126 255 6 3 0 17 4 3 2 254
951 1 113 114 234 0 0 0 8 1 0 4 115
952 0 106 130 212 1 1 0 9 5 2 1 243
952 1 112 129 360 0 0 0 8 3 5 3 247
953 0 101 114 180 -3 -2 0 6 4 3 2 113
953 1 14 1 49 1 0 0 0 1 3 0 26
953 2 105 110 263 0 0 0 21 0 4 2 273
