1 0 336 112 101 54
1 1 366 163 18 27
1 2 365 186 55 70
2 0 336 116 97 42
2 1 342 192 74 42
3 0 385 141 14 3
3 1 363 154 19 33
3 2 315 188 85 23
4 0 368 160 14 12
4 1 312 194 79 15
5 0 326 118 74 36
5 1 365 158 15 18
5 2 312 192 84 16
6 0 323 134 77 18
6 1 368 171 11 5
7 0 310 138 80 13
7 1 317 187 83 35
8 0 314 138 74 18
8 1 368 168 12 7
8 2 325 198 81 48
9 0 310 128 87 20
9 1 333 200 75 47
10 0 391 200 15 9
11 0 323 203 83 37
12 0 309 145 77 15
12 1 320 200 82 46
13 0 312 144 72 14
13 1 331 203 81 61
14 0 312 154 68 22
14 1 339 206 73 66
15 0 304 156 72 20
15 1 344 206 67 71
16 0 304 144 80 22
16 1 363 164 21 27
16 2 336 206 76 64
17 0 309 149 75 17
17 1 336 204 74 57
18 0 352 154 31 12
18 1 336 204 75 57
20 0 310 152 74 24
21 0 372 152 12 6
21 1 368 207 52 81
22 0 308 152 75 13
22 1 367 174 13 4
22 2 382 213 41 79
23 0 314 153 70 12
23 1 367 174 13 4
23 2 400 216 28 88
24 0 367 174 16 14
24 1 384 207 42 89
25 0 320 160 56 16
25 1 368 211 52 77
26 0 322 164 60 18
26 1 347 193 69 83
27 0 321 164 61 22
27 1 345 199 71 73
28 0 333 152 50 12
28 1 342 207 71 65
29 0 368 134 32 12
29 1 341 204 71 65
30 0 384 124 24 16
30 1 347 206 67 66
31 0 360 118 42 26
31 1 368 206 48 61
32 0 352 102 56 39
33 0 336 112 72 28
33 1 336 206 75 53
34 0 328 106 77 38
34 1 344 204 69 59
35 0 381 131 21 10
35 1 352 206 59 66
36 0 342 112 61 30
37 0 384 110 32 26
37 1 366 178 18 13
37 2 414 214 13 34
38 0 380 110 33 28
38 1 364 174 18 14
39 0 356 114 48 31
40 0 349 205 63 37
41 0 339 114 63 31
41 1 362 174 27 20
41 2 342 202 64 36
42 0 320 118 75 28
42 1 361 176 28 18
42 2 330 200 72 40
43 0 320 122 80 24
43 1 361 175 28 20
43 2 336 201 71 39
44 0 317 121 79 29
44 1 361 175 23 17
44 2 381 206 31 34
45 0 320 116 76 34
45 1 361 175 23 17
45 2 387 208 29 30
46 0 398 210 20 25
47 0 342 80 90 70
47 1 368 207 45 30
48 0 342 70 90 82
48 1 352 200 50 24
49 0 354 64 71 87
49 1 336 199 67 25
50 0 352 65 64 73
50 1 328 188 72 27
51 0 349 70 64 69
51 1 364 174 17 14
51 2 317 192 75 24
52 0 354 64 76 74
52 1 312 185 79 19
53 0 353 64 79 74
53 1 367 174 16 3
53 2 304 178 86 26
54 0 358 64 59 72
54 1 304 178 80 14
54 2 396 200 15 14
55 0 368 58 58 94
55 1 310 174 74 18
55 2 396 199 16 14
56 0 384 48 64 109
56 1 370 173 12 4
56 2 313 174 71 18
57 0 384 48 56 108
57 1 312 174 69 18
57 2 394 200 17 13
58 0 368 56 80 99
58 1 312 178 67 14
58 2 396 199 16 13
59 0 368 64 92 80
59 1 314 176 71 32
60 0 352 80 64 58
60 1 304 182 81 20
61 0 336 96 75 44
61 1 330 188 62 20
62 0 352 96 59 43
62 1 334 192 61 24
63 0 340 112 64 31
63 1 336 200 66 36
64 0 342 112 60 33
64 1 336 202 69 41
65 0 320 128 73 23
65 1 342 203 69 47
66 0 320 134 71 22
66 1 338 203 73 53
67 0 313 148 71 12
68 0 326 148 58 12
68 1 366 174 16 13
68 2 384 213 40 73
69 0 326 149 58 14
69 1 366 174 16 12
69 2 390 214 34 74
70 0 365 174 14 14
70 1 372 211 48 77
71 0 320 152 61 20
72 0 341 206 72 58
73 0 309 144 75 20
73 1 364 174 12 14
73 2 341 205 72 61
74 0 313 152 71 16
74 1 364 174 13 14
75 0 320 157 56 18
75 1 365 174 19 18
75 2 372 211 48 82
76 0 320 160 51 16
76 1 364 174 12 14
77 0 320 160 57 16
77 1 360 208 56 80
78 0 365 174 14 14
79 0 306 160 69 16
79 1 346 206 67 70
80 0 306 160 69 16
80 1 336 204 76 76
81 0 326 138 69 18
81 1 366 178 17 13
81 2 336 204 76 60
82 0 352 144 38 10
82 1 349 206 66 69
83 0 336 149 50 35
83 1 367 174 11 13
83 2 338 206 74 62
84 0 366 178 12 9
84 1 341 206 75 66
85 0 328 165 53 21
85 1 366 178 12 9
85 2 332 202 80 54
86 0 312 156 68 20
86 1 338 204 74 62
87 0 310 158 65 22
87 1 349 206 64 69
88 0 304 158 72 22
89 0 310 163 64 17
89 1 350 206 62 69
90 0 304 151 73 25
90 1 336 203 74 61
91 0 310 159 64 17
91 1 331 204 78 52
92 0 315 165 58 27
92 1 328 203 79 53
93 0 316 160 61 26
93 1 332 203 80 53
94 0 314 160 68 26
94 1 338 204 74 60
95 0 336 206 76 65
96 0 306 160 69 32
96 1 325 203 82 53
97 0 304 158 73 34
98 0 304 150 82 26
98 1 320 192 83 64
99 0 310 144 78 19
99 1 320 200 83 36
100 0 310 128 84 21
100 1 336 203 70 44
101 0 336 100 70 44
102 0 336 90 74 50
102 1 357 205 53 43
103 0 358 70 59 64
103 1 341 203 66 40
104 0 374 64 58 69
104 1 336 200 70 40
105 0 358 80 61 53
105 1 316 192 84 35
106 0 354 82 65 51
106 1 314 192 86 29
107 0 336 102 83 38
107 1 309 192 87 16
108 0 336 100 82 40
108 1 304 192 94 16
109 0 336 89 87 63
109 1 309 192 82 16
110 0 312 188 77 20
111 0 312 186 74 18
112 0 384 54 48 76
112 1 321 194 79 30
113 0 384 70 42 62
113 1 346 200 60 38
114 0 352 86 65 49
115 0 376 120 36 18
115 1 361 209 49 63
116 0 326 112 84 28
116 1 352 206 60 49
117 0 320 128 81 22
117 1 366 208 50 58
118 0 364 209 52 61
119 0 310 136 86 18
119 1 337 206 76 66
120 0 312 144 76 16
120 1 337 206 74 58
121 0 310 148 74 15
121 1 347 208 64 64
122 0 310 148 70 28
123 0 309 148 71 28
123 1 364 210 54 78
124 0 311 158 68 18
124 1 368 212 52 76
125 0 304 153 76 23
125 1 368 211 52 77
126 0 312 148 67 28
126 1 397 216 28 72
127 0 312 152 72 16
128 0 320 144 66 16
128 1 353 208 63 58
129 0 353 112 51 33
129 1 333 200 75 45
131 0 374 96 42 42
131 1 328 196 72 28
132 0 352 72 64 66
132 1 345 192 55 32
133 0 336 86 78 58
133 1 349 192 51 28
134 0 326 96 85 47
135 0 336 80 76 64
136 0 406 210 12 16
137 0 368 56 80 79
137 1 366 160 11 16
137 2 376 205 34 24
138 0 384 48 42 84
138 1 432 116 28 12
138 2 352 200 50 24
139 0 336 192 64 30
140 0 335 192 61 19
141 0 368 173 11 3
141 1 348 192 52 24
142 0 336 100 74 45
142 1 365 152 23 20
142 2 384 203 26 21
143 0 336 104 67 39
143 1 365 152 23 20
143 2 361 204 47 26
144 0 352 112 52 32
144 1 368 152 20 22
144 2 352 201 56 39
145 0 352 112 48 34
145 1 368 152 21 22
145 2 328 192 70 24
146 0 336 112 65 33
146 1 368 152 21 22
146 2 316 187 81 21
147 0 320 112 80 33
147 1 368 150 21 24
147 2 314 187 83 26
148 0 310 118 90 32
148 1 368 152 20 22
148 2 333 200 69 40
149 0 304 128 90 21
149 1 368 152 19 22
149 2 344 202 62 39
150 0 304 132 90 17
150 1 367 153 19 23
150 2 349 205 61 50
151 0 305 128 88 22
151 1 367 154 19 21
151 2 352 205 61 55
152 0 304 132 89 20
152 1 367 154 19 21
152 2 352 204 57 62
153 0 304 144 87 9
153 1 367 155 19 21
153 2 336 203 74 58
154 0 304 144 84 32
154 1 326 200 82 55
155 0 304 144 84 32
155 1 316 200 86 40
156 0 304 148 84 28
156 1 318 200 85 40
157 0 304 144 85 13
157 1 366 159 16 15
157 2 319 200 84 36
158 0 304 144 85 14
158 1 366 157 17 18
158 2 317 196 85 44
159 0 310 128 84 21
159 1 366 158 13 18
159 2 312 192 86 28
160 0 310 118 90 28
160 1 304 192 92 16
161 0 310 118 86 32
161 1 306 186 84 22
161 2 395 204 21 12
162 0 317 112 83 34
162 1 308 187 81 17
163 0 318 112 82 34
163 1 309 187 81 21
164 0 320 106 82 42
164 1 304 176 81 24
164 2 395 205 17 9
165 0 324 96 79 49
165 1 304 180 81 28
166 0 320 96 81 49
166 1 309 180 75 19
166 2 396 204 16 9
167 0 320 96 81 49
167 1 304 176 80 16
167 2 392 194 19 17
168 0 320 96 87 51
168 1 304 176 77 16
168 2 392 194 17 17
169 0 334 82 78 58
169 1 366 160 11 12
169 2 307 176 74 16
169 3 392 194 17 16
170 0 342 70 90 69
170 1 366 156 17 21
170 2 304 168 80 24
170 3 392 194 17 16
171 0 336 80 80 60
171 1 367 158 12 10
171 2 312 184 84 18
172 0 336 82 80 58
172 1 367 158 12 10
172 2 367 169 12 7
172 3 320 186 80 38
173 0 326 96 84 48
173 1 366 158 13 18
173 2 330 186 71 38
174 0 320 96 87 51
174 1 366 158 13 14
174 2 333 186 67 38
175 0 320 106 80 42
175 1 366 158 13 14
175 2 321 186 76 22
176 0 320 102 81 44
176 1 366 158 13 14
176 2 317 192 79 23
177 0 352 96 56 45
177 1 312 187 77 21
178 0 358 96 53 43
178 1 315 181 76 27
179 0 358 96 53 43
179 1 348 200 55 35
180 0 336 96 74 44
181 0 330 112 73 32
181 1 349 201 58 39
182 0 320 112 82 38
182 1 336 203 72 47
183 0 320 126 76 24
183 1 355 205 55 54
184 0 320 130 73 21
184 1 352 205 58 55
185 0 320 128 73 23
185 1 352 206 59 60
186 0 320 144 68 10
186 1 352 207 61 65
187 0 320 144 68 10
188 0 326 132 71 17
188 1 368 209 48 63
189 0 377 210 41 62
190 0 374 86 42 51
191 0 340 200 62 30
192 0 328 186 72 32
193 0 368 64 94 69
193 1 320 186 80 29
194 0 342 73 106 67
194 1 368 170 12 5
194 2 313 186 83 22
195 0 312 192 79 16
195 1 405 206 11 14
196 0 336 80 112 60
196 1 304 192 87 16
197 0 304 179 86 29
198 0 342 70 106 70
198 1 309 184 80 18
198 2 396 208 17 4
199 0 342 70 106 70
199 1 368 164 13 12
199 2 310 180 74 20
199 3 396 207 17 4
200 0 336 80 96 63
200 1 304 176 81 22
200 2 396 205 16 8
201 0 340 80 92 60
201 1 368 171 12 3
201 2 308 176 76 16
201 3 395 202 16 8
202 0 336 80 96 59
202 1 368 171 11 4
202 2 307 180 76 12
203 0 336 80 84 60
203 1 305 177 79 15
204 0 333 93 84 51
204 1 305 180 79 12
204 2 393 196 19 14
205 0 336 86 76 55
205 1 304 176 80 16
205 2 392 195 19 15
206 0 326 86 87 54
206 1 305 180 83 20
206 2 396 204 14 8
207 0 334 88 80 52
207 1 308 176 81 26
207 2 396 205 16 7
208 0 336 80 78 61
208 1 304 187 86 17
209 0 336 86 78 54
209 1 304 186 92 22
209 2 397 204 16 9
210 0 336 86 72 55
210 1 304 192 93 16
211 0 326 102 78 45
211 1 317 200 86 31
212 0 320 112 82 37
212 1 320 200 83 40
213 0 310 128 84 21
213 1 338 206 74 66
214 0 304 128 89 26
214 1 338 205 72 67
215 0 304 138 85 15
215 1 348 208 63 66
216 0 309 144 79 12
216 1 351 208 62 70
217 0 304 148 80 18
217 1 368 210 51 78
218 0 304 148 73 28
218 1 384 213 40 83
219 0 311 155 65 21
219 1 384 213 40 83
220 0 384 213 40 83
221 0 339 128 57 22
221 1 400 216 28 79
222 0 358 112 47 32
222 1 384 216 43 77
224 0 352 100 56 40
224 1 348 205 64 67
225 0 352 112 50 31
225 1 332 204 76 49
226 0 352 111 49 34
226 1 325 200 81 43
227 0 316 192 84 32
228 0 368 96 43 43
228 1 312 192 85 27
229 0 384 80 38 53
229 1 304 192 87 16
230 0 400 80 24 52
230 1 310 192 81 16
231 0 384 66 42 66
231 1 312 192 78 16
232 0 381 64 43 67
232 1 310 188 79 16
233 0 384 54 42 78
233 1 432 116 27 12
233 2 313 188 73 16
234 0 384 48 42 84
234 1 317 186 73 22
235 0 390 48 36 84
235 1 320 183 64 9
236 0 384 48 42 84
236 1 315 177 64 15
237 0 306 176 72 16
237 1 392 194 16 16
238 0 304 176 74 13
238 1 392 194 15 16
239 0 428 48 20 76
239 1 307 160 72 32
239 2 392 194 16 16
240 0 312 184 72 18
240 1 400 205 14 11
241 0 400 48 32 80
241 1 315 184 69 18
242 0 366 160 11 15
242 1 316 160 68 32
243 0 368 68 58 64
243 1 314 160 65 32
244 0 336 198 64 42
245 0 346 200 56 40
246 0 320 112 80 37
246 1 336 200 66 40
247 0 320 128 76 21
247 1 336 205 74 51
248 0 320 128 73 23
248 1 348 207 63 56
249 0 320 132 69 21
250 0 320 144 67 10
250 1 380 214 43 72
251 0 320 146 64 22
251 1 384 214 40 74
252 0 320 148 63 27
253 0 326 136 62 18
253 1 342 205 69 67
254 0 320 132 73 20
254 1 331 203 77 53
255 0 320 130 70 23
255 1 323 203 82 53
256 0 312 144 74 10
256 1 325 201 79 55
257 0 312 144 74 13
257 1 326 201 79 49
258 0 304 145 82 15
258 1 330 202 78 54
259 0 304 144 79 32
259 1 320 200 84 52
260 0 311 148 73 15
260 1 324 203 81 52
261 0 309 150 75 16
261 1 323 200 81 50
262 0 307 144 77 22
262 1 338 203 72 65
263 0 309 152 75 16
263 1 347 206 64 68
264 0 309 154 75 14
264 1 348 206 63 69
265 0 309 150 74 18
266 0 360 208 56 80
267 0 352 208 61 68
268 0 309 150 74 17
269 0 304 150 76 26
269 1 368 211 52 84
270 0 304 146 75 30
270 1 384 213 39 83
271 0 304 156 73 20
271 1 379 212 42 80
272 0 304 156 73 20
272 1 368 211 51 77
273 0 304 152 76 24
273 1 368 211 52 85
274 0 320 152 64 16
274 1 349 206 67 69
275 0 336 205 74 56
276 0 320 152 56 24
276 1 334 205 76 54
277 0 317 148 59 28
277 1 336 205 74 59
278 0 316 157 61 19
278 1 334 203 76 58
279 0 352 138 38 16
279 1 344 205 67 67
280 0 368 139 27 10
280 1 344 205 66 67
281 0 368 144 22 10
281 1 342 204 70 67
282 0 332 203 75 53
283 0 336 158 40 18
283 1 328 201 79 54
284 0 328 152 52 24
284 1 325 200 80 52
285 0 320 149 68 18
285 1 326 201 78 49
286 0 311 148 78 19
286 1 328 202 80 48
287 0 316 145 80 31
287 1 320 200 84 53
288 0 312 146 84 14
288 1 326 200 80 50
289 0 312 140 85 14
289 1 316 200 86 40
290 0 312 140 85 20
290 1 312 198 88 58
291 0 310 128 86 21
291 1 320 200 83 56
292 0 328 96 83 45
292 1 320 200 82 56
293 0 336 203 71 53
294 0 352 64 63 73
294 1 336 204 72 41
295 0 352 70 63 67
295 1 333 203 71 37
296 0 336 96 76 45
296 1 315 192 85 31
297 0 334 96 77 44
297 1 314 192 86 32
298 0 320 114 86 34
298 1 312 195 85 25
299 0 317 120 83 26
299 1 321 200 82 40
300 0 314 128 83 21
300 1 336 202 74 59
301 0 310 132 83 23
301 1 336 205 74 67
302 0 310 136 79 18
302 1 336 205 74 62
303 0 311 146 75 14
303 1 352 207 60 65
304 0 312 152 72 14
304 1 361 208 55 80
305 0 311 153 73 15
305 1 384 214 40 74
307 0 309 144 75 23
307 1 352 206 63 66
308 0 312 132 81 19
308 1 328 200 77 48
309 0 320 122 76 28
309 1 320 201 83 55
310 0 316 192 84 32
311 0 384 80 35 56
311 1 314 192 79 32
312 0 374 70 46 63
312 1 320 192 77 27
313 0 368 64 52 70
313 1 331 192 66 24
314 0 362 64 59 69
314 1 320 190 70 18
315 0 358 64 90 91
315 1 319 183 65 9
316 0 304 186 80 14
317 0 352 70 78 67
317 1 368 158 11 9
317 2 313 188 73 16
318 0 333 192 64 32
319 0 336 80 88 64
319 1 366 158 13 14
319 2 348 195 52 29
320 0 336 80 74 63
320 1 367 158 12 15
320 2 392 207 20 17
321 0 366 152 21 16
321 1 370 200 34 20
322 0 366 152 22 22
322 1 352 192 46 20
323 0 366 152 22 22
323 1 349 192 46 16
324 0 366 152 22 22
324 1 320 186 69 22
325 0 358 64 64 69
325 1 366 152 22 24
325 2 321 160 63 35
326 0 342 70 72 70
326 1 369 152 19 23
326 2 320 180 59 12
327 0 336 80 76 62
327 1 366 152 22 23
327 2 338 190 52 17
328 0 366 152 22 23
328 1 374 201 29 14
329 0 368 152 20 22
329 1 376 201 29 15
330 0 368 152 20 23
330 1 357 186 38 21
331 0 368 152 20 24
331 1 333 187 57 21
332 0 352 80 63 57
332 1 368 153 21 21
332 2 317 180 72 28
333 0 368 152 20 24
333 1 313 186 75 22
334 0 320 102 83 41
334 1 368 152 20 22
334 2 320 192 77 21
335 0 318 122 78 27
335 1 368 152 20 24
335 2 344 200 58 38
336 0 310 128 78 47
336 1 368 205 42 38
337 0 314 143 74 33
337 1 382 208 34 43
338 0 304 146 83 30
338 1 390 210 32 46
339 0 304 146 83 30
339 1 404 213 20 46
340 0 304 144 84 32
340 1 424 219 11 41
341 0 304 148 84 28
341 1 425 219 14 43
342 0 306 147 82 29
342 1 380 212 40 63
343 0 304 144 85 31
343 1 336 205 74 56
344 0 310 120 87 30
344 1 368 151 21 25
344 2 330 200 72 40
345 0 368 151 20 24
345 1 315 192 82 16
346 0 338 80 79 60
346 1 368 151 20 24
346 2 304 186 83 17
347 0 336 80 76 61
347 1 368 151 22 25
347 2 310 184 74 23
347 3 396 204 17 10
348 0 338 80 78 59
348 1 368 150 22 24
348 2 304 180 80 12
349 0 336 70 85 69
349 1 368 151 22 23
349 2 304 180 80 12
349 3 394 202 18 11
350 0 336 80 80 60
350 1 369 169 14 4
350 2 304 180 80 12
350 3 394 202 18 11
351 0 370 151 18 23
351 1 308 178 73 13
351 2 392 194 18 18
352 0 352 70 72 70
352 1 368 152 20 22
352 2 309 180 75 16
352 3 394 202 18 12
353 0 342 70 70 70
353 1 368 152 20 23
353 2 306 180 78 12
353 3 394 204 16 9
354 0 352 70 63 67
354 1 367 158 13 18
354 2 308 176 76 16
354 3 394 204 18 9
355 0 374 64 46 72
355 1 367 155 17 19
355 2 309 176 75 16
355 3 394 204 17 9
356 0 384 48 40 84
356 1 432 112 32 16
356 2 367 155 17 19
356 3 312 178 72 24
356 4 399 205 14 8
357 0 374 54 50 79
357 1 432 112 28 16
357 2 366 158 14 17
357 3 314 179 67 13
357 4 398 205 15 8
358 0 366 158 13 17
358 1 314 180 65 12
358 2 397 204 14 10
359 0 304 168 70 20
359 1 392 195 17 15
360 0 352 64 66 74
360 1 392 195 16 15
361 0 368 48 56 84
361 1 304 167 70 21
361 2 392 194 18 17
362 0 372 52 50 80
362 1 310 166 64 26
362 2 392 194 18 17
363 0 368 56 54 78
363 1 304 166 70 26
364 0 325 164 49 24
365 0 368 56 58 76
365 1 326 166 46 26
366 0 320 160 53 16
367 0 344 80 77 58
368 0 336 82 80 58
368 1 305 163 68 20
369 0 320 106 83 37
369 1 312 160 59 20
370 0 320 106 81 40
371 0 326 86 85 54
371 1 320 160 51 18
372 0 340 80 76 59
372 1 314 160 69 19
373 0 336 80 80 61
374 0 338 80 76 61
374 1 305 163 69 28
375 0 338 80 74 61
375 1 304 160 70 26
376 0 352 64 60 75
376 1 304 160 70 31
377 0 376 48 46 84
377 1 306 162 75 30
378 0 378 48 46 84
378 1 306 162 83 32
378 2 392 194 17 16
379 0 310 176 87 28
379 1 394 205 19 6
380 0 320 203 86 37
381 0 320 102 88 46
381 1 332 205 77 51
382 0 310 128 90 23
382 1 328 204 82 44
383 0 304 138 89 12
383 1 338 207 74 57
384 0 308 136 81 18
384 1 368 210 50 78
385 0 304 144 86 11
385 1 368 211 52 77
386 0 304 145 82 14
386 1 384 214 40 78
387 0 307 148 77 18
387 1 400 215 26 89
388 0 310 156 69 11
388 1 384 213 39 81
389 0 312 148 67 18
389 1 368 211 52 80
390 0 312 146 72 17
390 1 376 212 48 78
391 0 322 160 53 16
392 0 328 160 46 32
392 1 362 208 56 80
393 0 328 160 45 16
393 1 368 209 49 79
394 0 320 160 53 16
394 1 382 211 42 83
395 0 326 160 44 16
395 1 384 212 40 82
396 0 352 144 34 16
396 1 384 213 40 83
397 0 373 136 23 14
397 1 384 213 40 83
398 0 392 132 11 11
398 1 394 213 30 91
399 0 384 138 13 10
399 1 394 213 30 91
400 0 348 160 25 16
400 1 384 213 40 81
401 0 336 160 46 19
401 1 376 211 43 81
402 0 336 148 60 12
403 0 361 152 25 16
403 1 361 177 26 17
403 2 331 206 82 37
404 0 320 112 94 28
404 1 357 148 32 33
404 2 352 178 43 22
404 3 318 198 88 26
405 0 336 102 80 33
405 1 352 148 37 28
405 2 359 178 37 26
405 3 329 207 80 30
406 0 336 118 70 86
406 1 332 207 80 40
408 0 328 122 86 15
408 1 323 144 87 80
409 0 335 120 79 17
409 1 320 143 90 88
410 0 320 199 88 25
411 0 336 112 78 25
411 1 320 144 72 43
411 2 357 180 33 24
411 3 325 200 85 38
412 0 320 140 83 44
412 1 330 180 83 75
413 0 320 128 88 57
413 1 329 178 82 58
414 0 328 122 84 18
414 1 324 144 65 40
414 2 320 178 88 46
415 0 326 122 86 17
415 1 323 144 66 39
415 2 320 178 86 42
416 0 326 120 90 17
416 1 356 144 34 22
416 2 320 160 63 24
416 3 316 179 86 41
417 0 320 128 86 38
417 1 320 156 63 27
417 2 316 179 88 45
418 0 320 136 88 47
418 1 328 179 82 51
419 0 322 132 86 34
419 1 320 158 63 25
419 2 325 180 85 44
420 0 320 136 88 30
420 1 320 156 63 28
420 2 328 180 82 42
421 0 320 138 86 50
421 1 320 180 87 41
422 0 316 138 100 124
423 0 311 142 89 43
423 1 320 178 96 84
424 0 312 144 88 23
424 1 320 164 63 26
424 2 358 180 32 24
424 3 329 202 81 29
425 0 313 144 95 84
426 0 316 146 80 44
426 1 323 178 85 42
427 0 312 144 88 22
427 1 320 164 63 26
427 2 320 179 88 42
428 0 310 144 87 22
428 1 320 168 63 22
428 2 320 180 92 76
429 0 312 145 92 79
430 0 324 200 88 30
431 0 304 144 93 32
431 1 322 164 68 39
431 2 325 198 85 32
432 0 304 146 90 30
432 1 323 164 87 64
433 0 328 199 84 47
434 0 346 200 72 53
435 0 328 200 88 54
436 0 304 148 85 42
436 1 352 180 39 20
436 2 320 203 85 21
437 0 304 148 85 42
437 1 317 180 99 45
438 0 320 200 84 22
439 0 304 148 87 51
439 1 328 205 82 35
440 0 357 148 32 17
440 1 320 168 69 32
440 2 336 210 82 46
441 0 352 213 72 53
442 0 304 149 91 50
442 1 376 217 52 68
443 0 312 149 83 50
443 1 384 218 46 70
444 0 314 149 81 50
444 1 364 214 60 66
445 0 306 149 83 51
445 1 333 208 81 48
446 0 310 149 85 50
446 1 320 205 90 35
447 0 306 149 89 50
447 1 325 205 85 35
448 0 304 150 91 49
448 1 328 207 83 33
449 0 288 150 107 49
449 1 329 207 84 43
450 0 288 149 107 50
450 1 324 205 86 22
451 0 294 149 101 50
451 1 322 204 86 22
452 0 294 149 101 50
452 1 325 203 85 37
453 0 288 149 107 50
453 1 325 202 85 30
454 0 304 149 91 50
454 1 325 203 85 33
455 0 304 149 91 50
455 1 325 204 85 31
456 0 304 150 91 49
456 1 320 201 85 19
457 0 312 150 94 69
458 0 304 149 85 51
458 1 320 201 86 19
459 0 304 148 86 49
459 1 325 203 82 21
460 0 322 199 86 19
461 0 313 138 87 28
461 1 320 164 55 19
461 2 320 180 86 41
462 0 310 146 86 20
462 1 320 164 69 33
462 2 320 203 89 18
463 0 328 206 83 18
464 0 312 146 81 20
464 1 323 165 76 31
464 2 326 203 84 21
465 0 312 148 80 18
465 1 323 169 66 28
465 2 326 205 86 15
466 0 325 205 87 19
467 0 324 205 84 19
468 0 311 148 81 18
468 1 324 164 65 33
468 2 328 205 82 23
469 0 330 203 81 25
470 0 332 204 80 26
471 0 312 149 79 48
471 1 320 204 90 19
472 0 304 149 87 34
472 1 360 180 27 17
472 2 327 201 80 19
473 0 304 148 87 35
473 1 352 181 32 17
473 2 320 204 90 16
474 0 304 149 85 49
474 1 326 204 83 20
475 0 310 149 81 49
475 1 328 205 82 19
476 0 326 201 82 19
477 0 312 149 77 27
477 1 324 168 57 30
477 2 325 205 83 16
478 0 304 150 84 34
478 1 320 181 87 39
479 0 321 204 87 18
480 0 325 205 85 39
481 0 336 206 74 50
482 0 325 203 84 37
483 0 312 150 76 16
483 1 320 167 61 30
483 2 319 203 85 20
484 0 310 150 78 16
484 1 320 167 62 31
484 2 320 203 84 20
485 0 310 144 81 28
485 1 307 165 95 59
486 0 321 200 85 28
487 0 278 153 109 43
487 1 328 207 83 41
488 0 280 152 109 44
488 1 328 207 83 30
489 0 288 152 99 44
489 1 330 207 83 41
490 0 288 152 99 44
492 0 294 152 93 44
492 1 324 207 88 49
493 0 301 155 86 41
493 1 318 202 86 22
494 0 320 200 86 26
495 0 304 156 80 36
495 1 325 206 85 48
496 0 314 153 70 42
496 1 368 211 52 71
497 0 312 166 73 30
497 1 344 211 75 61
498 0 314 153 75 43
498 1 334 208 82 42
499 0 313 155 72 39
500 0 312 155 72 40
500 1 382 216 43 72
501 0 312 156 73 40
501 1 336 208 79 64
502 0 320 203 86 33
503 0 323 205 85 25
504 0 288 158 92 38
504 1 321 203 83 35
505 0 288 153 98 42
505 1 325 203 85 35
506 0 288 152 98 43
506 1 320 204 89 26
507 0 288 152 98 44
507 1 320 205 90 35
509 0 288 154 96 30
509 1 360 180 21 14
510 0 288 152 96 36
510 1 360 180 21 11
510 2 317 202 86 16
511 0 304 152 82 40
511 1 320 203 84 23
512 0 314 150 71 33
512 1 349 179 31 15
512 2 320 199 86 20
513 0 314 151 72 32
513 1 352 179 31 15
513 2 320 204 88 14
514 0 312 152 71 30
514 1 360 180 23 16
514 2 321 198 86 20
515 0 308 152 75 32
515 1 360 180 18 16
515 2 320 200 86 18
516 0 313 150 72 33
516 1 352 181 26 17
516 2 320 202 84 16
517 0 306 151 80 33
517 1 320 202 84 16
518 0 306 151 80 33
518 1 320 203 87 33
519 0 312 151 74 33
519 1 320 205 88 27
520 0 320 200 86 27
521 0 332 207 79 36
522 0 344 207 69 39
523 0 348 208 68 50
524 0 320 205 89 35
525 0 320 203 84 20
526 0 312 156 72 39
526 1 324 204 81 45
527 0 329 203 78 53
528 0 313 156 69 40
528 1 348 207 63 46
529 0 310 157 72 40
530 0 308 156 75 42
530 1 320 204 90 52
531 0 320 205 88 31
532 0 317 201 87 15
533 0 316 203 88 19
534 0 325 202 84 33
535 0 272 152 135 68
536 0 320 200 89 24
537 0 328 205 82 35
538 0 320 200 82 27
539 0 320 203 85 29
541 0 368 211 51 77
542 0 361 153 21 15
542 1 304 169 70 33
542 2 330 206 84 30
543 0 361 152 22 14
543 1 316 168 58 29
544 0 360 152 26 12
544 1 316 168 60 30
545 0 329 207 104 81
546 0 360 151 26 11
546 1 316 165 61 32
546 2 325 202 86 18
547 0 347 152 39 20
547 1 328 207 83 29
548 0 330 207 83 17
549 0 333 207 80 29
550 0 332 209 81 31
551 0 328 207 84 22
552 0 332 206 80 34
553 0 325 206 86 25
554 0 312 150 74 33
554 1 341 181 41 15
554 2 323 205 85 16
555 0 312 150 74 33
555 1 344 180 37 11
555 2 325 202 84 10
556 0 313 150 73 33
556 1 344 180 28 3
556 2 360 181 21 15
556 3 323 196 84 19
557 0 312 150 74 23
557 1 344 180 28 3
557 2 360 181 21 15
557 3 320 202 87 18
558 0 312 150 74 41
558 1 328 206 83 34
559 0 313 150 73 39
559 1 328 205 82 17
560 0 331 207 82 17
562 0 328 203 82 18
563 0 328 195 82 26
564 0 325 197 85 23
566 0 375 158 12 9
567 0 311 147 86 21
568 0 312 144 83 22
569 0 360 180 24 14
569 1 354 215 77 28
570 0 362 181 18 10
570 1 353 208 73 35
571 0 360 180 22 14
571 1 354 207 75 31
572 0 353 205 75 22
573 0 352 214 76 14
574 0 310 144 90 16
574 1 350 211 77 11
575 0 310 140 87 20
575 1 347 211 81 10
576 0 312 142 88 18
576 1 362 154 21 12
576 2 345 207 79 22
577 0 314 137 84 24
577 1 356 153 26 18
578 0 312 138 88 22
578 1 362 153 19 12
578 2 341 205 83 24
579 0 311 144 89 21
579 1 340 205 84 23
580 0 336 205 85 67
581 0 341 181 47 15
581 1 336 212 84 28
582 0 341 181 47 15
582 1 336 206 82 34
583 0 312 140 84 14
583 1 337 154 44 24
583 2 360 177 27 18
584 0 310 138 90 18
584 1 360 182 28 14
585 0 310 136 88 19
585 1 360 182 24 14
586 0 310 138 88 18
586 1 339 153 44 26
586 2 360 182 18 12
587 0 312 138 86 22
587 1 360 182 18 12
589 0 360 182 27 13
590 0 360 182 14 10
591 0 310 140 87 20
591 1 354 153 28 17
592 0 312 136 88 18
592 1 356 152 27 20
593 0 312 140 85 20
593 1 354 152 30 19
593 2 328 205 84 43
594 0 304 134 96 20
594 1 353 152 32 18
594 2 360 182 17 12
595 0 320 130 80 15
595 1 361 152 25 19
596 0 314 128 86 22
596 1 360 152 26 12
596 2 360 182 24 13
597 0 310 128 90 18
597 1 360 182 17 12
597 2 314 203 90 21
598 0 320 100 90 49
598 1 361 152 22 12
598 2 354 167 16 4
599 0 320 116 90 33
599 1 358 182 20 12
600 0 310 128 92 22
600 1 360 182 16 13
600 2 328 206 81 58
601 0 312 132 88 16
601 1 360 182 27 13
602 0 310 136 87 12
602 1 323 206 88 34
603 0 314 137 84 23
604 0 312 138 88 11
604 1 358 182 26 13
605 0 344 179 32 16
606 0 350 177 37 18
607 0 371 152 14 7
607 1 352 176 33 19
608 0 348 174 36 21
609 0 344 179 33 15
610 0 313 146 83 25
610 1 344 180 29 9
611 0 320 138 78 22
611 1 360 153 23 18
611 2 344 180 33 14
612 0 320 136 80 24
612 1 331 181 52 14
613 0 313 140 84 20
616 0 313 147 80 21
616 1 358 163 13 9
617 0 315 148 77 21
618 0 312 148 80 19
619 0 314 203 90 53
620 0 324 203 81 45
621 0 334 205 78 51
622 0 328 206 82 42
623 0 321 204 85 21
624 0 310 145 82 26
625 0 320 203 84 17
627 0 312 140 84 15
627 1 357 182 22 12
628 0 312 138 85 16
628 1 357 182 21 12
629 0 312 136 85 18
629 1 360 155 20 18
630 0 314 140 82 14
630 1 362 154 19 18
630 2 339 182 39 12
631 0 313 134 87 15
631 1 362 153 19 18
631 2 358 182 20 12
632 0 314 134 86 18
632 1 339 182 40 12
633 0 315 138 85 17
633 1 339 182 39 12
634 0 314 132 83 20
634 1 362 153 20 16
634 2 358 182 20 12
635 0 314 138 81 34
635 1 357 182 18 12
637 0 312 148 80 25
637 1 339 182 39 12
637 2 314 203 91 24
638 0 312 148 80 25
639 0 357 180 22 14
639 1 314 203 90 45
640 0 313 144 83 33
641 0 312 138 83 16
641 1 356 154 24 23
641 2 357 178 19 16
641 3 392 203 12 10
642 0 314 136 83 16
642 1 358 154 22 24
642 2 358 180 23 14
642 3 314 203 90 21
643 0 318 128 82 18
644 0 320 116 87 34
644 1 357 182 20 12
645 0 314 128 87 17
645 1 362 154 19 12
645 2 359 182 18 12
645 3 392 203 12 10
646 0 313 146 83 14
646 1 363 154 16 13
647 0 313 147 80 18
647 1 362 158 12 11
647 2 357 182 20 12
648 0 316 146 74 35
648 1 334 180 44 14
648 2 325 206 86 22
649 0 314 146 76 48
649 1 328 207 84 29
650 0 317 146 73 36
650 1 343 180 35 14
650 2 331 207 83 29
651 0 318 148 72 35
651 1 344 180 34 14
651 2 329 207 83 15
652 0 318 148 72 35
652 1 347 181 26 11
653 0 317 148 73 34
653 1 344 180 29 12
653 2 392 206 18 8
654 0 313 146 79 19
654 1 348 180 29 9
654 2 325 206 85 21
655 0 314 148 76 20
655 1 343 180 34 6
655 2 325 206 85 17
656 0 312 145 84 24
656 1 352 180 20 12
656 2 393 203 12 9
657 0 316 149 72 35
657 1 344 180 30 9
657 2 328 207 82 49
658 0 316 151 70 32
658 1 360 180 12 12
658 2 393 203 12 9
659 0 372 150 15 6
659 1 344 180 28 12
659 2 328 205 82 32
660 0 362 180 12 9
660 1 325 203 85 17
661 0 316 152 68 29
661 1 362 180 17 9
661 2 325 207 86 27
662 0 376 150 11 5
662 1 318 154 54 26
662 2 362 180 12 7
662 3 328 209 83 31
663 0 376 150 11 5
663 1 319 156 53 24
663 2 363 180 17 9
663 3 332 206 82 40
664 0 321 154 60 28
664 1 363 180 14 9
664 2 329 207 84 41
665 0 363 180 13 9
665 1 329 207 84 37
666 0 321 149 67 33
666 1 363 180 14 12
666 2 321 203 84 25
667 0 318 150 70 33
667 1 362 180 15 9
667 2 393 201 13 11
668 0 313 145 83 24
668 1 363 180 14 9
668 2 316 198 87 13
669 0 316 134 84 16
669 1 364 150 20 19
669 2 363 180 16 9
669 3 318 192 85 19
670 0 320 137 80 18
670 1 322 157 56 24
670 2 361 180 16 14
670 3 320 189 81 20
671 0 320 136 80 18
671 1 373 150 13 15
671 2 321 192 82 19
672 0 319 137 81 17
672 1 361 151 25 11
672 2 317 198 85 14
673 0 313 142 87 18
673 1 288 152 97 34
673 2 363 180 15 14
673 3 316 196 86 14
674 0 315 140 83 20
674 1 288 152 97 40
674 2 361 179 15 14
674 3 320 204 85 28
675 0 320 134 80 20
675 1 360 152 23 16
675 2 360 179 19 15
675 3 314 193 86 15
676 0 314 140 86 20
676 1 360 181 19 13
676 2 320 203 84 27
677 0 320 112 90 37
677 1 364 153 18 12
677 2 363 188 21 7
677 3 315 196 85 12
678 0 320 112 90 37
678 1 357 180 15 4
678 2 315 195 85 13
679 0 314 122 88 23
679 1 314 198 86 7
680 0 310 128 90 18
680 1 362 154 18 16
680 2 314 188 86 18
681 0 310 136 90 13
681 1 278 169 90 17
681 2 312 193 88 11
682 0 320 118 80 28
682 1 272 152 114 40
682 2 312 181 87 21
682 3 395 208 17 2
683 0 316 137 84 17
683 1 272 152 128 50
683 2 396 206 18 10
684 0 314 138 84 16
684 1 272 152 111 34
684 2 360 181 27 14
684 3 317 198 85 14
685 0 314 132 83 23
685 1 272 152 111 32
685 2 360 181 28 14
685 3 315 199 86 12
686 0 317 134 80 17
686 1 296 155 78 26
686 2 339 178 48 17
686 3 316 195 84 15
687 0 320 131 82 14
687 1 320 156 54 27
687 2 361 180 26 15
687 3 315 198 85 12
688 0 320 132 80 18
688 1 323 156 51 25
688 2 314 180 86 24
689 0 320 130 82 15
689 1 363 156 11 13
689 2 360 182 16 11
689 3 316 200 86 19
690 0 317 136 83 13
690 1 320 154 60 24
690 2 314 180 86 28
691 0 314 138 86 22
691 1 363 156 11 13
691 2 359 181 17 12
691 3 317 200 85 18
692 0 313 136 87 18
692 1 360 180 27 15
692 2 314 193 86 17
693 0 288 128 112 32
693 1 352 164 17 5
693 2 312 181 88 29
694 0 310 136 86 14
694 1 364 152 21 9
694 2 360 181 16 12
694 3 377 190 11 6
694 4 316 198 86 13
695 0 314 128 86 17
695 1 362 152 24 12
695 2 340 180 36 13
695 3 322 203 82 37
696 0 320 120 90 28
696 1 361 151 24 14
696 2 360 180 28 15
696 3 313 198 87 10
697 0 320 118 85 23
697 1 360 151 26 11
697 2 360 179 16 14
697 3 390 201 16 11
698 0 320 112 87 29
698 1 310 152 76 30
698 2 360 179 19 14
698 3 323 206 87 22
699 0 320 138 83 22
699 1 364 154 16 8
699 2 325 205 84 38
700 0 316 138 82 16
700 1 362 156 16 8
700 2 357 169 11 4
700 3 323 205 87 29
701 0 314 136 84 16
701 1 373 150 12 6
701 2 323 203 82 21
702 0 256 138 138 54
702 1 360 182 16 11
702 2 316 202 87 10
703 0 310 145 80 17
703 1 313 181 87 26
704 0 256 146 138 46
704 1 361 181 17 13
704 2 314 201 87 14
705 0 262 149 138 59
706 0 320 112 84 32
706 1 264 149 135 53
706 2 396 208 18 7
707 0 320 120 82 25
707 1 272 149 127 53
707 2 395 205 18 7
708 0 320 132 88 15
708 1 288 144 112 58
708 2 396 205 18 11
709 0 320 118 83 27
709 1 288 149 110 53
709 2 395 205 18 8
710 0 319 128 81 17
710 1 288 150 112 52
710 2 395 205 18 8
711 0 314 128 86 18
711 1 288 144 125 69
712 0 320 133 81 15
712 1 278 150 122 59
712 2 395 208 19 7
713 0 320 130 81 15
713 1 256 150 130 37
713 2 312 190 88 13
713 3 396 205 18 11
714 0 314 138 86 17
714 1 312 193 88 15
715 0 256 140 138 48
715 1 312 191 88 12
716 0 262 146 133 46
716 1 316 200 86 20
717 0 272 147 121 41
717 1 342 177 26 9
717 2 314 198 86 18
718 0 361 156 17 10
718 1 360 182 16 11
718 2 316 200 86 24
719 0 317 118 89 29
719 1 363 152 20 9
719 2 317 200 85 22
720 0 322 114 82 30
720 1 362 156 16 6
720 2 312 188 88 20
721 0 320 116 85 25
721 1 362 156 16 6
721 2 341 180 35 13
721 3 314 203 90 25
722 0 326 128 71 20
722 1 362 156 16 6
722 2 360 182 16 11
722 3 316 202 86 24
723 0 320 128 76 21
723 1 362 156 11 6
723 2 360 182 16 11
723 3 317 203 87 27
724 0 316 144 78 18
724 1 359 181 17 12
724 2 316 202 86 18
725 0 314 142 86 18
725 1 360 182 18 11
725 2 320 204 86 21
726 0 315 144 80 16
726 1 365 156 12 7
726 2 320 203 85 37
727 0 315 146 79 18
727 1 320 201 87 33
728 0 314 146 82 19
729 0 310 144 86 18
729 1 320 203 85 53
730 0 311 148 79 43
730 1 329 207 82 41
732 0 352 213 70 59
733 0 316 145 81 25
733 1 336 208 80 50
734 0 312 144 83 10
734 1 364 152 19 10
734 2 274 169 94 23
734 3 324 204 81 32
735 0 310 138 84 22
735 1 365 153 17 9
735 2 390 202 18 11
736 0 313 148 77 16
736 1 272 176 96 16
736 2 317 203 87 13
737 0 312 148 78 14
737 1 321 203 84 33
738 0 310 150 77 13
738 1 316 202 86 19
739 0 310 152 73 13
739 1 325 205 85 43
740 0 347 208 69 64
741 0 313 154 67 28
741 1 359 180 17 13
741 2 333 204 79 52
742 0 313 156 61 26
742 1 390 201 16 13
743 0 314 156 60 25
743 1 390 201 14 12
744 0 313 156 61 25
744 1 359 181 15 3
744 2 340 206 74 62
745 0 313 156 61 24
745 1 359 181 14 3
745 2 348 208 68 64
746 0 316 154 64 28
746 1 329 206 81 42
747 0 315 154 66 24
747 1 362 181 11 3
747 2 322 203 83 37
748 0 312 152 71 30
748 1 359 181 14 3
749 0 312 150 75 32
749 1 317 202 86 18
750 0 313 148 76 19
750 1 363 184 17 3
750 2 320 202 82 20
751 0 313 147 79 19
751 1 364 182 13 4
751 2 318 202 84 18
752 0 313 148 76 18
752 1 365 181 12 7
752 2 315 196 86 19
753 0 313 147 80 14
753 1 347 180 31 5
753 2 315 197 85 14
754 0 316 148 73 34
754 1 347 180 29 13
755 0 360 181 27 14
755 1 317 198 86 36
756 0 318 150 70 32
756 1 359 180 17 13
756 2 316 200 86 24
757 0 312 144 78 17
757 1 338 181 35 3
757 2 314 202 89 22
758 0 312 144 78 17
758 1 344 181 29 3
758 2 321 203 83 31
759 0 312 138 82 22
759 1 314 169 56 18
759 2 332 203 73 37
760 0 315 146 81 18
760 1 363 156 13 12
760 2 308 168 60 24
760 3 323 203 81 31
761 0 313 148 77 14
761 1 312 193 88 23
762 0 312 148 77 14
762 1 312 192 88 19
763 0 264 148 136 60
764 0 306 152 73 19
764 1 260 170 140 38
765 0 309 152 74 10
765 1 262 170 118 32
765 2 396 205 18 11
766 0 288 144 98 17
766 1 262 170 122 32
766 2 396 205 18 10
767 0 312 144 74 18
767 1 272 164 127 42
768 0 288 144 98 17
768 1 280 169 120 42
768 2 365 172 11 5
769 0 307 148 66 20
769 1 374 151 12 3
769 2 296 176 72 20
769 3 394 198 18 14
770 0 307 151 79 12
770 1 296 176 72 20
770 2 395 198 17 14
771 0 310 154 64 15
771 1 294 171 106 37
772 0 365 172 11 3
772 1 312 195 88 13
773 0 290 152 110 56
774 0 309 144 80 18
774 1 358 167 12 5
774 2 311 169 57 28
774 3 320 203 85 11
775 0 311 144 78 17
775 1 311 167 57 29
775 2 321 204 86 15
776 0 304 169 99 39
777 0 374 150 13 5
777 1 309 152 64 14
777 2 290 175 88 20
777 3 323 204 83 23
778 0 320 203 84 25
779 0 272 166 104 42
779 1 317 203 87 21
780 0 310 154 64 18
780 1 272 169 104 39
780 2 317 198 86 22
781 0 246 158 154 52
782 0 317 203 87 21
783 0 315 197 87 19
784 0 315 196 87 26
785 0 314 196 89 22
786 0 296 154 108 59
787 0 312 154 60 21
787 1 292 168 112 48
788 0 321 200 89 40
789 0 392 201 15 12
790 0 314 195 87 18
791 0 264 170 136 38
791 1 396 205 17 11
792 0 309 153 67 13
792 1 312 190 88 16
793 0 304 150 82 18
793 1 288 174 80 18
793 2 320 190 79 17
794 0 304 144 82 24
794 1 296 176 72 16
795 0 320 118 76 32
795 1 361 152 25 16
795 2 300 178 71 18
796 0 297 176 87 21
797 0 356 88 56 51
797 1 396 198 16 15
798 0 358 80 56 56
798 1 374 151 12 9
798 2 396 206 17 8
799 0 336 96 76 43
799 1 372 150 15 6
799 2 240 154 160 48
799 3 396 205 20 10
800 0 316 136 82 24
800 1 240 154 162 51
801 0 317 142 83 29
801 1 256 167 156 51
801 2 413 212 11 7
802 0 315 145 81 17
802 1 262 167 106 29
802 2 326 192 85 18
803 0 314 146 82 16
803 1 326 192 85 18
804 0 310 134 86 20
804 1 360 155 18 8
804 2 382 193 34 21
805 0 320 128 75 25
805 1 362 154 16 7
805 2 280 176 121 28
806 0 336 100 76 47
806 1 363 158 15 2
806 2 288 176 80 18
806 3 398 206 18 7
807 0 352 74 64 63
807 1 300 166 68 22
807 2 400 205 14 9
808 0 360 76 56 59
808 1 360 155 18 9
808 2 308 168 68 25
808 3 390 196 21 15
809 0 336 96 78 45
809 1 364 154 16 9
809 2 315 188 85 15
810 0 320 112 88 35
810 1 363 156 13 10
810 2 315 192 85 16
811 0 312 134 81 18
811 1 337 198 65 29
812 0 304 144 84 24
813 0 309 146 78 30
813 1 359 183 17 10
813 2 360 205 48 25
814 0 288 145 99 36
814 1 340 203 64 25
815 0 310 118 90 28
815 1 272 150 114 36
815 2 320 189 80 13
816 0 342 70 84 70
816 1 284 150 116 52
816 2 396 205 20 11
817 0 284 150 116 52
817 1 371 151 15 6
817 2 396 205 20 8
818 0 336 84 86 62
818 1 312 188 88 14
819 0 336 96 85 44
819 1 312 194 88 10
820 0 326 104 86 35
820 1 288 151 114 57
821 0 326 104 91 40
821 1 323 202 88 38
822 0 320 118 88 28
822 1 361 157 17 5
822 2 320 204 86 25
823 0 320 116 88 28
823 1 320 204 90 36
824 0 336 94 88 59
824 1 360 157 18 5
824 2 317 203 87 19
825 0 336 80 96 74
825 1 320 206 90 17
826 0 325 205 84 35
827 0 360 155 18 8
827 1 323 206 87 26
828 0 388 64 44 68
828 1 360 157 18 6
828 2 360 182 16 11
828 3 325 207 86 27
829 0 368 64 60 64
829 1 356 160 13 7
829 2 360 182 16 11
829 3 330 206 81 34
830 0 358 160 11 7
830 1 360 182 22 13
830 2 322 203 83 25
831 0 336 116 84 16
831 1 357 163 20 10
831 2 359 180 17 13
831 3 332 210 85 43
832 0 336 112 83 29
832 1 356 163 23 10
832 2 360 181 16 12
832 3 346 213 75 51
833 0 336 112 83 29
833 1 356 161 18 14
833 2 360 181 16 12
833 3 368 217 60 57
834 0 342 96 78 42
834 1 334 155 45 26
834 2 360 181 23 13
834 3 368 217 60 55
835 0 360 154 12 8
835 1 406 219 34 63
836 0 432 80 16 48
836 1 360 152 24 18
836 2 354 166 17 20
836 3 431 220 17 60
837 0 361 156 26 39
837 1 401 218 33 57
838 0 394 80 38 48
838 1 361 164 20 23
838 2 375 187 13 8
838 3 416 220 23 68
839 0 363 156 14 10
839 1 362 177 20 7
839 2 369 184 12 7
839 3 419 219 21 59
840 0 454 220 26 52
841 0 454 220 26 52
842 0 469 102 27 34
842 1 458 218 22 50
843 0 470 112 26 29
843 1 452 220 18 52
844 0 464 102 48 38
844 1 450 217 30 50
845 0 464 96 48 48
845 1 366 155 18 14
845 2 464 216 18 40
846 0 469 96 39 45
846 1 366 156 18 13
846 2 365 168 17 5
846 3 448 218 28 48
847 0 468 86 36 50
847 1 365 169 16 5
847 2 454 219 20 48
848 0 464 90 48 54
848 1 453 218 27 54
849 0 464 96 48 48
849 1 365 169 16 4
849 2 454 220 26 62
850 0 464 96 48 50
850 1 448 222 16 66
851 0 468 112 44 36
851 1 418 220 18 76
852 0 468 112 46 37
852 1 418 221 26 75
853 0 467 112 48 48
853 1 432 221 16 72
854 0 454 220 20 49
855 0 448 84 55 51
855 1 456 219 24 53
856 0 464 86 48 52
856 1 457 219 23 53
857 0 469 86 39 50
857 1 458 218 22 54
858 0 464 96 48 50
858 1 364 174 15 14
858 2 448 221 18 63
859 0 363 168 18 20
859 1 448 221 12 65
860 0 464 96 64 54
860 1 448 221 16 61
861 0 448 80 64 54
861 1 452 220 12 52
862 0 448 70 48 60
862 1 452 218 15 44
863 0 448 80 64 54
863 1 464 214 16 34
864 0 456 80 56 54
864 1 467 208 29 32
865 0 461 80 51 54
865 1 469 208 27 32
866 0 461 80 47 54
866 1 467 208 29 32
867 0 461 80 51 54
867 1 365 170 11 4
867 2 467 208 29 32
868 0 460 80 36 50
868 1 367 169 14 3
868 2 464 213 24 27
869 0 365 170 12 3
869 1 432 222 16 50
870 0 365 166 16 8
870 1 448 221 16 45
871 0 365 168 17 5
871 1 448 221 14 51
872 0 365 166 17 7
872 1 448 220 21 48
873 0 368 96 78 69
874 0 368 102 51 38
874 1 426 221 18 67
875 0 344 120 68 22
875 1 378 217 50 63
876 0 336 116 76 23
876 1 344 211 76 51
877 0 318 132 90 16
877 1 322 206 89 24
878 0 336 209 82 63
879 0 328 209 84 39
880 0 320 122 88 24
880 1 332 208 82 48
881 0 320 132 88 22
882 0 333 207 79 44
883 0 320 128 88 19
883 1 363 176 11 10
883 2 326 205 84 43
884 0 320 112 92 34
885 0 320 102 93 39
885 1 328 207 83 34
886 0 328 207 84 37
887 0 326 205 84 35
888 0 325 206 86 28
889 0 320 112 92 33
889 1 332 206 80 39
890 0 326 106 86 36
890 1 362 177 22 9
891 0 320 112 94 33
891 1 325 206 85 33
892 0 369 184 12 7
893 0 326 96 87 44
893 1 362 177 22 7
893 2 369 184 15 8
893 3 332 206 79 40
894 0 320 122 92 25
894 1 361 176 22 13
894 2 321 202 83 14
895 0 369 184 14 9
895 1 326 205 85 43
896 0 342 80 86 58
896 1 320 203 84 15
897 0 342 80 90 56
897 1 333 206 77 54
898 0 330 96 96 54
898 1 320 202 84 19
899 0 336 96 92 54
899 1 394 205 14 9
900 0 330 133 82 20
900 1 324 206 85 34
902 0 326 112 90 33
902 1 344 208 72 64
903 0 326 120 86 20
903 1 341 206 71 58
904 0 336 96 81 44
905 0 328 104 88 36
905 1 370 184 11 7
906 0 326 118 88 25
906 1 434 221 26 83
907 0 336 132 77 22
907 1 363 176 19 11
908 0 336 128 77 28
908 1 325 207 86 41
909 0 326 128 90 16
909 1 321 205 87 23
910 0 326 120 88 24
911 0 336 114 86 35
911 1 341 207 70 65
912 0 336 106 85 31
912 1 344 208 72 54
913 0 326 118 90 26
914 0 326 118 88 26
914 1 364 177 15 11
914 2 328 209 84 39
915 0 320 116 92 28
915 1 364 174 18 13
916 0 320 128 88 16
916 1 332 208 84 37
917 0 321 204 89 30
918 0 324 116 88 24
919 0 323 132 85 28
919 1 320 204 86 20
920 0 327 206 83 30
921 0 320 112 92 28
921 1 336 207 78 39
922 0 320 128 87 24
922 1 364 177 12 10
922 2 336 207 78 40
923 0 324 132 83 22
923 1 364 177 12 10
923 2 329 205 82 35
924 0 332 206 80 41
925 0 334 98 82 42
925 1 331 206 79 37
926 0 336 118 87 34
926 1 364 174 18 13
926 2 331 209 80 19
927 0 340 132 76 22
927 1 333 208 82 21
928 0 340 132 74 17
928 1 334 208 81 37
929 0 348 132 66 18
930 0 355 148 34 14
931 0 336 208 80 48
932 0 334 206 80 42
933 0 352 210 67 62
934 0 352 212 69 60
935 0 344 210 74 53
936 0 336 208 80 48
940 0 397 219 37 68
942 0 373 132 32 15
942 1 458 219 22 37
943 0 384 120 29 20
943 1 459 217 21 39
944 0 432 112 22 22
944 1 454 219 26 43
945 0 448 112 22 16
945 1 454 218 26 39
946 0 460 217 20 39
947 0 420 101 28 29
947 1 442 222 12 34
948 0 436 80 20 45
948 1 406 216 23 38
949 0 448 80 16 47
949 1 410 217 22 31
950 0 464 86 16 45
951 0 464 96 28 40
951 1 463 217 17 33
952 0 469 96 27 40
952 1 467 208 29 38
953 0 464 102 16 32
953 1 368 158 12 10
953 2 452 221 24 51
