0 -1
1 1
2 1
3 1
4 1
5 0
6 1
7 1
8 1
9 1
10 1
11 1
12 1
13 1
14 1
15 1
16 1
17 1
18 1
19 -1
20 0.5
21 0
22 0.1
23 0
24 1
25 1
26 1
27 1
28 1
29 1
30 1
31 1
32 1
33 1
34 1
35 1
36 1
37 0.1
38 0.3
39 1
40 1
41 0
42 0
43 0
44 0.1
45 0.1
46 1
47 1
48 1
49 1
50 1
51 1
52 1
53 1
54 0
55 0
56 0.1
57 0
58 0
59 1
60 1
61 1
62 1
63 1
64 1
65 1
66 1
67 1
68 0.1
69 0.1
70 0
71 0.5
72 1
73 0.1
74 0.3
75 0
76 0.3
77 0
78 1
79 1
80 1
81 1
82 1
83 0
84 1
85 1
86 1
87 1
88 1
89 1
90 1
91 1
92 1
93 1
94 1
95 1
96 1
97 1
98 1
99 1
100 1
101 1
102 1
103 1
104 1
105 1
106 1
107 1
108 1
109 1
110 1
111 1
112 1
113 1
114 1
115 1
116 1
117 1
118 1
119 1
120 1
121 1
122 1
123 1
124 1
125 1
126 1
127 1
128 1
129 1
130 -1
131 1
132 1
133 1
134 1
135 1
136 1
137 0
138 0
139 1
140 1
141 0
142 0.1
143 0
144 1
145 1
146 1
147 1
148 1
149 1
150 1
151 1
152 1
153 1
154 1
155 1
156 1
157 1
158 1
159 1
160 1
161 0
162 1
163 1
164 0
165 1
166 0
167 0
168 0
169 0
170 0
171 1
172 1
173 1
174 1
175 1
176 1
177 1
178 1
179 1
180 1
181 1
182 1
183 1
184 1
185 1
186 1
187 1
188 1
189 1
190 1
191 1
192 1
193 1
194 1
195 1
196 1
197 1
198 0
199 0
200 0
201 0
202 1
203 1
204 0
205 0
206 0
207 0
208 1
209 0
210 1
211 1
212 1
213 1
214 1
215 1
216 1
217 1
218 1
219 1
220 1
221 1
222 1
223 -1
224 1
225 1
226 1
227 1
228 1
229 1
230 1
231 1
232 1
233 1
234 1
235 1
236 1
237 1
238 1
239 0
240 1
241 1
242 1
243 1
244 1
245 1
246 1
247 1
248 1
249 1
250 1
251 1
252 1
253 1
254 1
255 1
256 1
257 1
258 1
259 1
260 1
261 1
262 1
263 1
264 1
265 1
266 1
267 1
268 1
269 1
270 1
271 1
272 1
273 1
274 1
275 1
276 1
277 1
278 1
279 1
280 1
281 1
282 1
283 1
284 1
285 1
286 1
287 1
288 1
289 1
290 1
291 1
292 1
293 1
294 1
295 1
296 1
297 1
298 1
299 1
300 1
301 1
302 1
303 1
304 1
305 1
306 -1
307 1
308 1
309 1
310 1
311 1
312 1
313 1
314 1
315 1
316 1
317 0.1
318 1
319 0.1
320 0
321 1
322 1
323 1
324 1
325 0
326 0.1
327 0.1
328 0
329 0
330 0
331 0
332 0
333 0
334 1
335 1
336 1
337 1
338 1
339 1
340 1
341 1
342 1
343 1
344 1
345 1
346 0
347 0
348 0
349 0
350 0
351 0
352 0
353 0
354 0
355 0
356 0
357 0
358 0
359 1
360 1
361 1
362 1
363 1
364 1
365 1
366 1
367 1
368 1
369 1
370 1
371 1
372 1
373 1
374 1
375 1
376 1
377 1
378 0
379 1
380 1
381 1
382 1
383 1
384 1
385 1
386 1
387 1
388 1
389 1
390 1
391 1
392 1
393 1
394 1
395 1
396 1
397 1
398 1
399 1
400 1
401 1
402 1
403 0
404 0
405 0
406 1
407 -1
408 1
409 1
410 1
411 0
412 1
413 1
414 1
415 1
416 1
417 1
418 1
419 1
420 1
421 1
422 1
423 1
424 0
425 1
426 1
427 1
428 1
429 1
430 1
431 0
432 1
433 1
434 1
435 1
436 1
437 1
438 1
439 1
440 0
441 1
442 1
443 1
444 1
445 1
446 1
447 1
448 1
449 1
450 1
451 1
452 1
453 1
454 1
455 1
456 1
457 1
458 1
459 1
460 1
461 0
462 0
463 1
464 0
465 0
466 1
467 1
468 0
469 1
470 1
471 1
472 1
473 1
474 1
475 1
476 1
477 0
478 0
479 1
480 1
481 1
482 1
483 0
484 0
485 0
486 1
487 1
488 1
489 1
490 1
491 -1
492 1
493 1
494 1
495 1
496 1
497 1
498 1
499 1
500 0
501 0
502 1
503 1
504 1
505 1
506 1
507 1
508 -1
509 1
510 1
511 1
512 1
513 1
514 1
515 1
516 1
517 1
518 1
519 1
520 1
521 1
522 1
523 1
524 1
525 1
526 1
527 1
528 0
529 1
530 1
531 1
532 1
533 1
534 1
535 1
536 1
537 1
538 1
539 1
540 -1
541 1
542 0
543 0
544 0
545 1
546 0
547 1
548 1
549 1
550 1
551 1
552 1
553 1
554 0
555 0
556 0.7
557 0
558 1
559 1
560 1
561 -1
562 1
563 1
564 1
565 -1
566 0.6
567 0.5
568 1
569 1
570 1
571 1
572 1
573 1
574 1
575 1
576 1
577 1
578 1
579 1
580 1
581 1
582 1
583 1
584 1
585 1
586 1
587 1
588 -1
589 1
590 1
591 1
592 1
593 0
594 1
595 1
596 0
597 0.1
598 0
599 0.3
600 0
601 1
602 1
603 1
604 0.3
605 0.5
606 1
607 1
608 1
609 1
610 1
611 1
612 1
613 1
614 -1
615 -1
616 0.3
617 0.5
618 0.5
619 1
620 1
621 1
622 1
623 1
624 0.5
625 1
626 -1
627 1
628 1
629 1
630 0
631 0
632 1
633 1
634 1
635 1
636 -1
637 0
638 1
639 1
640 1
641 0
642 0
643 1
644 1
645 0
646 1
647 1
648 1
649 1
650 1
651 1
652 1
653 0
654 0.1
655 0
656 0
657 0
658 0.1
659 0
660 0
661 0
662 0.7
663 0.7
664 0.1
665 0
666 0.1
667 0
668 0.1
669 0.7
670 0.7
671 0.1
672 0
673 0
674 0
675 0
676 1
677 1
678 1
679 1
680 1
681 0
682 0
683 0
684 0
685 0
686 0
687 0
688 1
689 1
690 1
691 1
692 1
693 1
694 0
695 0
696 0
697 0
698 0.7
699 0
700 0
701 0.1
702 0
703 1
704 0
705 0.5
706 0
707 0
708 0
709 0
710 0
711 1
712 0
713 0
714 1
715 1
716 1
717 1
718 1
719 0
720 0
721 0
722 0
723 0
724 1
725 1
726 1
727 1
728 1
729 1
730 1
731 -1
732 1
733 1
734 0
735 0
736 1
737 1
738 1
739 1
740 1
741 0.1
742 1
743 1
744 1
745 1
746 1
747 1
748 1
749 1
750 1
751 1
752 1
753 1
754 1
755 1
756 0
757 0.1
758 0.1
759 0
760 0
761 1
762 1
763 1
764 1
765 0
766 0
767 1
768 0
769 0
770 0
771 1
772 1
773 1
774 0
775 0
776 1
777 0
778 1
779 1
780 0
781 1
782 1
783 1
784 1
785 1
786 1
787 1
788 1
789 1
790 1
791 1
792 1
793 0
794 1
795 1
796 1
797 1
798 1
799 0
800 1
801 1
802 1
803 1
804 0
805 0
806 0
807 0
808 0
809 0
810 0
811 1
812 1
813 1
814 1
815 0
816 0
817 1
818 1
819 1
820 1
821 1
822 1
823 1
824 1
825 1
826 1
827 1
828 0
829 0
830 0.1
831 0.7
832 0.7
833 0.7
834 0
835 1
836 0
837 1
838 0
839 0
840 1
841 1
842 1
843 1
844 1
845 1
846 1
847 1
848 1
849 1
850 1
851 1
852 1
853 1
854 1
855 1
856 1
857 1
858 1
859 1
860 1
861 1
862 1
863 1
864 1
865 1
866 1
867 1
868 1
869 1
870 1
871 1
872 1
873 1
874 1
875 1
876 1
877 1
878 1
879 1
880 1
881 1
882 1
883 0.1
884 1
885 1
886 1
887 1
888 1
889 1
890 1
891 1
892 1
893 0
894 0
895 1
896 1
897 1
898 1
899 1
900 1
901 -1
902 1
903 1
904 1
905 1
906 1
907 1
908 1
909 1
910 1
911 1
912 1
913 1
914 0.1
915 1
916 1
917 1
918 1
919 1
920 1
921 1
922 1
923 1
924 1
925 1
926 1
927 1
928 1
929 1
930 0.5
931 1
932 1
933 1
934 1
935 1
936 1
937 -1
938 -1
939 -1
940 1
941 -1
942 1
943 1
944 1
945 1
946 1
947 1
948 1
949 1
950 1
951 1
952 1
953 1
