1 0 1
1 1 2
1 2 5
2 0 1
2 1 5
3 0 1
3 1 4
3 2 5
4 0 4
4 1 5
5 0 1
5 1 4
5 2 5
6 0 1
6 1 4
7 0 1
7 1 5
8 0 1
8 1 2
8 2 5
9 0 1
9 1 5
10 0 5
11 0 5
12 0 1
12 1 5
13 0 1
13 1 5
14 0 1
14 1 5
15 0 1
15 1 5
16 0 1
16 1 2
16 2 5
17 0 1
17 1 5
18 0 1
18 1 5
20 0 5
21 0 2
21 1 1
22 0 1
22 1 4
22 2 5
23 0 0
23 1 1
23 2 5
24 0 1
24 1 5
25 0 1
25 1 5
26 0 1
26 1 5
27 0 1
27 1 5
28 0 1
28 1 5
29 0 1
29 1 5
30 0 1
30 1 5
31 0 1
31 1 5
32 0 1
33 0 1
33 1 5
34 0 1
34 1 5
35 0 1
35 1 5
36 0 1
37 0 1
37 1 4
37 2 5
38 0 1
38 1 4
39 0 1
40 0 5
41 0 0
41 1 0
41 2 0
42 0 0
42 1 0
42 2 0
43 0 0
43 1 0
43 2 0
44 0 1
44 1 4
44 2 5
45 0 1
45 1 4
45 2 5
46 0 5
47 0 1
47 1 5
48 0 1
48 1 5
49 0 1
49 1 5
50 0 1
50 1 5
51 0 1
51 1 2
51 2 5
52 0 1
52 1 5
53 0 1
53 1 2
53 2 5
54 0 0
54 1 0
54 2 0
55 0 0
55 1 0
55 2 0
56 0 1
56 1 4
56 2 5
57 0 0
57 1 0
57 2 0
58 0 1
58 1 5
58 2 0
59 0 1
59 1 5
60 0 1
60 1 5
61 0 1
61 1 5
62 0 1
62 1 5
63 0 1
63 1 5
64 0 1
64 1 5
65 0 1
65 1 5
66 0 1
66 1 5
67 0 1
68 0 1
68 1 4
68 2 5
69 0 1
69 1 4
69 2 5
70 0 4
70 1 1
71 0 5
72 0 5
73 0 1
73 1 4
73 2 5
74 0 1
74 1 4
75 0 0
75 1 0
75 2 0
76 0 3
76 1 4
77 0 3
77 1 1
78 0 5
79 0 1
79 1 5
80 0 1
80 1 5
81 0 1
81 1 2
81 2 5
82 0 1
82 1 5
83 0 0
83 1 2
83 2 5
84 0 2
84 1 5
85 0 1
85 1 2
85 2 5
86 0 1
86 1 5
87 0 1
87 1 5
88 0 1
89 0 1
89 1 5
90 0 1
90 1 5
91 0 1
91 1 5
92 0 1
92 1 5
93 0 1
93 1 5
94 0 1
94 1 5
95 0 5
96 0 1
96 1 5
97 0 1
98 0 1
98 1 5
99 0 1
99 1 5
100 0 1
100 1 5
101 0 1
102 0 1
102 1 5
103 0 1
103 1 5
104 0 1
104 1 5
105 0 1
105 1 5
106 0 1
106 1 5
107 0 1
107 1 5
108 0 1
108 1 5
109 0 1
109 1 5
110 0 5
111 0 5
112 0 1
112 1 5
113 0 1
113 1 5
114 0 1
115 0 1
115 1 5
116 0 1
116 1 5
117 0 1
117 1 5
118 0 5
119 0 1
119 1 5
120 0 1
120 1 5
121 0 1
121 1 5
122 0 1
123 0 1
123 1 5
124 0 1
124 1 5
125 0 1
125 1 5
126 0 1
126 1 5
127 0 1
128 0 1
128 1 5
129 0 1
129 1 5
131 0 1
131 1 5
132 0 1
132 1 5
133 0 1
133 1 5
134 0 1
135 0 1
136 0 5
137 0 0
137 1 0
137 2 0
138 0 0
138 1 0
138 2 0
139 0 5
140 0 5
141 0 4
141 1 1
142 0 1
142 1 4
142 2 5
143 0 0
143 1 0
143 2 0
144 0 1
144 1 4
144 2 5
145 0 1
145 1 4
145 2 5
146 0 1
146 1 4
146 2 5
147 0 1
147 1 4
147 2 5
148 0 1
148 1 2
148 2 5
149 0 1
149 1 2
149 2 5
150 0 1
150 1 2
150 2 5
151 0 1
151 1 2
151 2 5
152 0 1
152 1 2
152 2 5
153 0 1
153 1 2
153 2 5
154 0 1
154 1 5
155 0 1
155 1 5
156 0 1
156 1 5
157 0 1
157 1 2
157 2 5
158 0 1
158 1 2
158 2 5
159 0 1
159 1 2
159 2 5
160 0 1
160 1 5
161 0 1
161 1 5
161 2 0
162 0 1
162 1 5
163 0 1
163 1 5
164 0 1
164 1 5
164 2 0
165 0 1
165 1 5
166 0 1
166 1 5
166 2 0
167 0 0
167 1 0
167 2 0
168 0 0
168 1 0
168 2 0
169 0 0
169 1 0
169 2 0
169 3 0
170 0 1
170 1 3
170 2 5
170 3 0
171 0 1
171 1 3
171 2 5
172 0 1
172 1 3
172 2 3
172 3 5
173 0 1
173 1 2
173 2 5
174 0 1
174 1 2
174 2 5
175 0 1
175 1 2
175 2 5
176 0 1
176 1 2
176 2 5
177 0 1
177 1 5
178 0 1
178 1 5
179 0 1
179 1 5
180 0 1
181 0 1
181 1 5
182 0 1
182 1 5
183 0 1
183 1 5
184 0 1
184 1 5
185 0 1
185 1 5
186 0 1
186 1 5
187 0 1
188 0 1
188 1 5
189 0 5
190 0 1
191 0 5
192 0 5
193 0 1
193 1 5
194 0 1
194 1 2
194 2 5
195 0 1
195 1 5
196 0 1
196 1 5
197 0 5
198 0 0
198 1 0
198 2 0
199 0 0
199 1 0
199 2 0
199 3 0
200 0 0
200 1 0
200 2 0
201 0 1
201 1 2
201 2 5
201 3 0
202 0 1
202 1 2
202 2 5
203 0 1
203 1 5
204 0 1
204 1 5
204 2 0
205 0 0
205 1 0
205 2 0
206 0 0
206 1 0
206 2 0
207 0 1
207 1 5
207 2 0
208 0 1
208 1 5
209 0 1
209 1 5
209 2 0
210 0 1
210 1 5
211 0 1
211 1 5
212 0 1
212 1 5
213 0 1
213 1 5
214 0 1
214 1 5
215 0 1
215 1 5
216 0 1
216 1 5
217 0 1
217 1 5
218 0 1
218 1 5
219 0 1
219 1 5
220 0 5
221 0 1
221 1 5
222 0 1
222 1 5
224 0 1
224 1 5
225 0 1
225 1 5
226 0 1
226 1 5
227 0 5
228 0 1
228 1 5
229 0 1
229 1 5
230 0 1
230 1 5
231 0 1
231 1 5
232 0 1
232 1 5
233 0 1
233 1 2
233 2 5
234 0 1
234 1 5
235 0 1
235 1 5
236 0 1
236 1 5
237 0 1
237 1 5
238 0 1
238 1 5
239 0 0
239 1 1
239 2 5
240 0 1
240 1 5
241 0 1
241 1 5
242 0 1
242 1 5
243 0 1
243 1 5
244 0 5
245 0 5
246 0 1
246 1 5
247 0 1
247 1 5
248 0 1
248 1 5
249 0 1
250 0 1
250 1 5
251 0 1
251 1 5
252 0 1
253 0 1
253 1 5
254 0 1
254 1 5
255 0 1
255 1 5
256 0 1
256 1 5
257 0 1
257 1 5
258 0 1
258 1 5
259 0 1
259 1 5
260 0 1
260 1 5
261 0 1
261 1 5
262 0 1
262 1 5
263 0 1
263 1 5
264 0 1
264 1 5
265 0 1
266 0 5
267 0 5
268 0 1
269 0 1
269 1 5
270 0 1
270 1 5
271 0 1
271 1 5
272 0 1
272 1 5
273 0 1
273 1 5
274 0 1
274 1 5
275 0 5
276 0 1
276 1 5
277 0 1
277 1 5
278 0 1
278 1 5
279 0 1
279 1 5
280 0 1
280 1 5
281 0 1
281 1 5
282 0 5
283 0 1
283 1 5
284 0 1
284 1 5
285 0 1
285 1 5
286 0 1
286 1 5
287 0 1
287 1 5
288 0 1
288 1 5
289 0 1
289 1 5
290 0 1
290 1 5
291 0 1
291 1 5
292 0 1
292 1 5
293 0 5
294 0 1
294 1 5
295 0 1
295 1 5
296 0 1
296 1 5
297 0 1
297 1 5
298 0 1
298 1 5
299 0 1
299 1 5
300 0 1
300 1 5
301 0 1
301 1 5
302 0 1
302 1 5
303 0 1
303 1 5
304 0 1
304 1 5
305 0 1
305 1 5
307 0 1
307 1 5
308 0 1
308 1 5
309 0 1
309 1 5
310 0 5
311 0 1
311 1 5
312 0 1
312 1 5
313 0 1
313 1 5
314 0 1
314 1 5
315 0 1
315 1 5
316 0 5
317 0 1
317 1 4
317 2 5
318 0 5
319 0 1
319 1 4
319 2 5
320 0 0
320 1 1
320 2 5
321 0 1
321 1 5
322 0 1
322 1 5
323 0 1
323 1 5
324 0 1
324 1 5
325 0 0
325 1 1
325 2 5
326 0 1
326 1 4
326 2 5
327 0 1
327 1 4
327 2 5
328 0 4
328 1 1
329 0 4
329 1 1
330 0 4
330 1 1
331 0 4
331 1 1
332 0 0
332 1 0
332 2 0
333 0 4
333 1 1
334 0 1
334 1 2
334 2 5
335 0 1
335 1 2
335 2 5
336 0 1
336 1 5
337 0 1
337 1 5
338 0 1
338 1 5
339 0 1
339 1 5
340 0 1
340 1 5
341 0 1
341 1 5
342 0 1
342 1 5
343 0 1
343 1 5
344 0 1
344 1 2
344 2 5
345 0 1
345 1 5
346 0 0
346 1 1
346 2 5
347 0 0
347 1 0
347 2 0
347 3 0
348 0 0
348 1 0
348 2 0
349 0 0
349 1 0
349 2 0
349 3 0
350 0 0
350 1 0
350 2 0
350 3 0
351 0 4
351 1 1
351 2 5
352 0 0
352 1 0
352 2 0
352 3 0
353 0 0
353 1 0
353 2 0
353 3 0
354 0 0
354 1 0
354 2 0
354 3 0
355 0 0
355 1 0
355 2 0
355 3 0
356 0 0
356 1 0
356 2 0
356 3 0
356 4 0
357 0 0
357 1 0
357 2 0
357 3 0
357 4 0
358 0 0
358 1 1
358 2 5
359 0 1
359 1 5
360 0 1
360 1 5
361 0 1
361 1 2
361 2 5
362 0 1
362 1 2
362 2 5
363 0 1
363 1 5
364 0 5
365 0 1
365 1 5
366 0 5
367 0 1
368 0 1
368 1 5
369 0 1
369 1 5
370 0 1
371 0 1
371 1 5
372 0 1
372 1 5
373 0 1
374 0 1
374 1 5
375 0 1
375 1 5
376 0 1
376 1 5
377 0 1
377 1 5
378 0 0
378 1 1
378 2 5
379 0 1
379 1 5
380 0 5
381 0 1
381 1 5
382 0 1
382 1 5
383 0 1
383 1 5
384 0 1
384 1 5
385 0 1
385 1 5
386 0 1
386 1 5
387 0 1
387 1 5
388 0 1
388 1 5
389 0 1
389 1 5
390 0 1
390 1 5
391 0 1
392 0 1
392 1 5
393 0 1
393 1 5
394 0 1
394 1 5
395 0 1
395 1 5
396 0 1
396 1 5
397 0 1
397 1 5
398 0 1
398 1 5
399 0 1
399 1 5
400 0 1
400 1 5
401 0 1
401 1 5
402 0 1
403 0 0
403 1 0
403 2 0
404 0 0
404 1 0
404 2 0
404 3 0
405 0 1
405 1 0
405 2 0
405 3 5
406 0 1
406 1 5
408 0 1
408 1 5
409 0 1
409 1 5
410 0 5
411 0 0
411 1 0
411 2 0
411 3 0
412 0 1
412 1 5
413 0 1
413 1 5
414 0 1
414 1 3
414 2 5
415 0 1
415 1 3
415 2 5
416 0 1
416 1 2
416 2 3
416 3 5
417 0 1
417 1 3
417 2 5
418 0 1
418 1 5
419 0 1
419 1 3
419 2 5
420 0 1
420 1 3
420 2 5
421 0 1
421 1 5
422 0 5
423 0 1
423 1 5
424 0 1
424 1 0
424 2 0
424 3 5
425 0 5
426 0 1
426 1 5
427 0 1
427 1 2
427 2 5
428 0 1
428 1 2
428 2 5
429 0 5
430 0 5
431 0 1
431 1 0
431 2 5
432 0 1
432 1 5
433 0 5
434 0 5
435 0 5
436 0 1
436 1 2
436 2 5
437 0 1
437 1 5
438 0 5
439 0 1
439 1 5
440 0 0
440 1 1
440 2 5
441 0 5
442 0 1
442 1 5
443 0 1
443 1 5
444 0 1
444 1 5
445 0 1
445 1 5
446 0 1
446 1 5
447 0 1
447 1 5
448 0 1
448 1 5
449 0 1
449 1 5
450 0 1
450 1 5
451 0 1
451 1 5
452 0 1
452 1 5
453 0 1
453 1 5
454 0 1
454 1 5
455 0 1
455 1 5
456 0 1
456 1 5
457 0 5
458 0 1
458 1 5
459 0 1
459 1 5
460 0 5
461 0 0
461 1 0
461 2 0
462 0 0
462 1 0
462 2 0
463 0 5
464 0 0
464 1 0
464 2 0
465 0 0
465 1 0
465 2 0
466 0 5
467 0 5
468 0 0
468 1 0
468 2 0
469 0 5
470 0 5
471 0 1
471 1 5
472 0 1
472 1 2
472 2 5
473 0 1
473 1 2
473 2 5
474 0 1
474 1 5
475 0 1
475 1 5
476 0 5
477 0 0
477 1 0
477 2 0
478 0 3
478 1 1
479 0 5
480 0 5
481 0 5
482 0 5
483 0 0
483 1 0
483 2 0
484 0 0
484 1 0
484 2 0
485 0 3
485 1 1
486 0 5
487 0 1
487 1 5
488 0 1
488 1 5
489 0 1
489 1 5
490 0 1
492 0 1
492 1 5
493 0 1
493 1 5
494 0 5
495 0 1
495 1 5
496 0 1
496 1 5
497 0 1
497 1 5
498 0 1
498 1 5
499 0 1
500 0 3
500 1 1
501 0 3
501 1 1
502 0 5
503 0 5
504 0 1
504 1 5
505 0 1
505 1 5
506 0 1
506 1 5
507 0 1
507 1 5
509 0 1
509 1 2
510 0 1
510 1 2
510 2 5
511 0 1
511 1 5
512 0 1
512 1 2
512 2 5
513 0 1
513 1 2
513 2 5
514 0 1
514 1 2
514 2 5
515 0 1
515 1 2
515 2 5
516 0 1
516 1 2
516 2 5
517 0 1
517 1 5
518 0 1
518 1 5
519 0 1
519 1 5
520 0 5
521 0 5
522 0 5
523 0 5
524 0 5
525 0 5
526 0 1
526 1 5
527 0 5
528 0 3
528 1 1
529 0 1
530 0 1
530 1 5
531 0 5
532 0 5
533 0 5
534 0 5
535 0 5
536 0 5
537 0 5
538 0 5
539 0 5
541 0 5
542 0 0
542 1 0
542 2 0
543 0 4
543 1 1
544 0 4
544 1 1
545 0 5
546 0 1
546 1 0
546 2 5
547 0 1
547 1 5
548 0 5
549 0 5
550 0 5
551 0 5
552 0 5
553 0 5
554 0 3
554 1 1
554 2 5
555 0 3
555 1 1
555 2 5
556 0 3
556 1 3
556 2 3
556 3 5
557 0 1
557 1 0
557 2 0
557 3 5
558 0 1
558 1 5
559 0 1
559 1 5
560 0 5
562 0 5
563 0 5
564 0 5
566 0 4
567 0 1
568 0 1
569 0 1
569 1 5
570 0 1
570 1 5
571 0 1
571 1 5
572 0 5
573 0 5
574 0 1
574 1 5
575 0 1
575 1 5
576 0 1
576 1 2
576 2 5
577 0 1
577 1 2
578 0 1
578 1 2
578 2 5
579 0 1
579 1 5
580 0 5
581 0 1
581 1 5
582 0 1
582 1 5
583 0 1
583 1 3
583 2 5
584 0 1
584 1 5
585 0 1
585 1 5
586 0 1
586 1 2
586 2 5
587 0 1
587 1 5
589 0 5
590 0 5
591 0 1
591 1 5
592 0 1
592 1 5
593 0 1
593 1 5
593 2 0
594 0 1
594 1 2
594 2 5
595 0 1
595 1 5
596 0 1
596 1 5
596 2 0
597 0 1
597 1 4
597 2 5
598 0 1
598 1 5
598 2 4
599 0 1
599 1 4
600 0 1
600 1 5
600 2 0
601 0 1
601 1 5
602 0 1
602 1 5
603 0 1
604 0 1
604 1 4
605 0 5
606 0 5
607 0 1
607 1 5
608 0 5
609 0 5
610 0 1
610 1 5
611 0 1
611 1 2
611 2 5
612 0 1
612 1 5
613 0 1
616 0 1
616 1 4
617 0 5
618 0 5
619 0 5
620 0 5
621 0 5
622 0 5
623 0 5
624 0 1
625 0 5
627 0 1
627 1 5
628 0 1
628 1 5
629 0 1
629 1 5
630 0 1
630 1 5
630 2 0
631 0 1
631 1 0
631 2 5
632 0 1
632 1 5
633 0 1
633 1 5
634 0 1
634 1 2
634 2 5
635 0 1
635 1 5
637 0 0
637 1 0
637 2 0
638 0 5
639 0 1
639 1 5
640 0 5
641 0 0
641 1 0
641 2 0
641 3 0
642 0 0
642 1 0
642 2 0
642 3 0
643 0 5
644 0 1
644 1 5
645 0 1
645 1 2
645 2 0
645 3 0
646 0 1
646 1 2
647 0 1
647 1 2
647 2 5
648 0 1
648 1 2
648 2 5
649 0 1
649 1 5
650 0 1
650 1 2
650 2 5
651 0 1
651 1 2
651 2 5
652 0 1
652 1 2
653 0 1
653 1 2
653 2 0
654 0 1
654 1 4
654 2 5
655 0 3
655 1 4
655 2 1
656 0 0
656 1 0
656 2 0
657 0 3
657 1 4
657 2 1
658 0 1
658 1 4
658 2 5
659 0 2
659 1 1
659 2 5
660 0 4
660 1 1
661 0 3
661 1 4
661 2 1
662 0 3
662 1 3
662 2 3
662 3 5
663 0 3
663 1 3
663 2 3
663 3 5
664 0 1
664 1 4
664 2 5
665 0 4
665 1 1
666 0 1
666 1 4
666 2 5
667 0 3
667 1 4
667 2 1
668 0 1
668 1 4
668 2 5
669 0 1
669 1 3
669 2 3
669 3 5
670 0 1
670 1 3
670 2 3
670 3 5
671 0 1
671 1 2
671 2 5
672 0 0
672 1 0
672 2 0
673 0 0
673 1 0
673 2 0
673 3 0
674 0 0
674 1 0
674 2 0
674 3 0
675 0 1
675 1 0
675 2 4
675 3 5
676 0 1
676 1 4
676 2 5
677 0 1
677 1 2
677 2 4
677 3 5
678 0 1
678 1 2
678 2 5
679 0 1
679 1 5
680 0 1
680 1 2
680 2 5
681 0 0
681 1 0
681 2 0
682 0 0
682 1 0
682 2 0
682 3 0
683 0 0
683 1 0
683 2 0
684 0 0
684 1 0
684 2 0
684 3 0
685 0 0
685 1 0
685 2 0
685 3 0
686 0 0
686 1 0
686 2 0
686 3 0
687 0 1
687 1 3
687 2 0
687 3 5
688 0 1
688 1 3
688 2 5
689 0 1
689 1 2
689 2 3
689 3 5
690 0 1
690 1 3
690 2 5
691 0 1
691 1 2
691 2 3
691 3 5
692 0 1
692 1 3
692 2 5
693 0 1
693 1 3
693 2 5
694 0 1
694 1 3
694 2 0
694 3 0
694 4 5
695 0 0
695 1 0
695 2 0
695 3 0
696 0 0
696 1 0
696 2 0
696 3 0
697 0 0
697 1 0
697 2 0
697 3 0
698 0 1
698 1 3
698 2 3
698 3 5
699 0 0
699 1 0
699 2 0
700 0 0
700 1 0
700 2 0
700 3 0
701 0 1
701 1 2
701 2 5
702 0 0
702 1 1
702 2 5
703 0 1
703 1 5
704 0 0
704 1 1
704 2 5
705 0 5
706 0 0
706 1 0
706 2 0
707 0 0
707 1 0
707 2 0
708 0 0
708 1 0
708 2 0
709 0 0
709 1 0
709 2 0
710 0 1
710 1 5
710 2 0
711 0 1
711 1 5
712 0 1
712 1 5
712 2 0
713 0 1
713 1 0
713 2 5
713 3 0
714 0 1
714 1 5
715 0 1
715 1 5
716 0 1
716 1 5
717 0 1
717 1 2
717 2 5
718 0 1
718 1 4
718 2 5
719 0 0
719 1 0
719 2 0
720 0 0
720 1 0
720 2 0
721 0 0
721 1 0
721 2 0
721 3 0
722 0 0
722 1 0
722 2 0
722 3 0
723 0 1
723 1 0
723 2 2
723 3 5
724 0 1
724 1 2
724 2 5
725 0 1
725 1 2
725 2 5
726 0 1
726 1 2
726 2 5
727 0 1
727 1 5
728 0 1
729 0 1
729 1 5
730 0 1
730 1 5
732 0 5
733 0 1
733 1 5
734 0 1
734 1 0
734 2 0
734 3 5
735 0 0
735 1 0
735 2 0
736 0 1
736 1 2
736 2 5
737 0 1
737 1 5
738 0 1
738 1 5
739 0 1
739 1 5
740 0 5
741 0 1
741 1 2
741 2 5
742 0 1
742 1 2
743 0 1
743 1 2
744 0 1
744 1 2
744 2 5
745 0 1
745 1 2
745 2 5
746 0 1
746 1 5
747 0 1
747 1 2
747 2 5
748 0 1
748 1 2
749 0 1
749 1 5
750 0 1
750 1 2
750 2 5
751 0 1
751 1 2
751 2 5
752 0 1
752 1 2
752 2 5
753 0 1
753 1 2
753 2 5
754 0 1
754 1 5
755 0 1
755 1 5
756 0 0
756 1 1
756 2 5
757 0 1
757 1 4
757 2 5
758 0 1
758 1 4
758 2 5
759 0 0
759 1 0
759 2 0
760 0 1
760 1 0
760 2 0
760 3 5
761 0 1
761 1 5
762 0 1
762 1 5
763 0 5
764 0 1
764 1 5
765 0 1
765 1 5
765 2 0
766 0 1
766 1 5
766 2 0
767 0 1
767 1 5
768 0 1
768 1 5
768 2 0
769 0 0
769 1 0
769 2 0
769 3 0
770 0 1
770 1 5
770 2 0
771 0 1
771 1 5
772 0 1
772 1 5
773 0 5
774 0 0
774 1 0
774 2 0
774 3 0
775 0 0
775 1 0
775 2 0
776 0 5
777 0 0
777 1 0
777 2 0
777 3 0
778 0 5
779 0 1
779 1 5
780 0 0
780 1 1
780 2 5
781 0 5
782 0 5
783 0 5
784 0 5
785 0 5
786 0 5
787 0 1
787 1 5
788 0 5
789 0 5
790 0 5
791 0 1
791 1 5
792 0 1
792 1 5
793 0 1
793 1 5
793 2 0
794 0 1
794 1 5
795 0 1
795 1 2
795 2 5
796 0 5
797 0 1
797 1 5
798 0 1
798 1 2
798 2 5
799 0 1
799 1 0
799 2 5
799 3 0
800 0 1
800 1 5
801 0 1
801 1 2
801 2 5
802 0 1
802 1 2
802 2 5
803 0 1
803 1 5
804 0 1
804 1 5
804 2 0
805 0 0
805 1 0
805 2 0
806 0 0
806 1 0
806 2 0
806 3 0
807 0 0
807 1 0
807 2 0
808 0 0
808 1 0
808 2 0
808 3 0
809 0 0
809 1 0
809 2 0
810 0 0
810 1 0
810 2 0
811 0 1
811 1 5
812 0 1
813 0 1
813 1 2
813 2 5
814 0 1
814 1 5
815 0 0
815 1 1
815 2 5
816 0 0
816 1 0
816 2 0
817 0 1
817 1 2
817 2 5
818 0 1
818 1 5
819 0 1
819 1 5
820 0 1
820 1 5
821 0 1
821 1 5
822 0 1
822 1 2
822 2 5
823 0 1
823 1 5
824 0 1
824 1 2
824 2 5
825 0 1
825 1 5
826 0 5
827 0 1
827 1 5
828 0 0
828 1 1
828 2 0
828 3 5
829 0 0
829 1 0
829 2 0
829 3 0
830 0 1
830 1 4
830 2 5
831 0 1
831 1 3
831 2 3
831 3 5
832 0 1
832 1 3
832 2 3
832 3 5
833 0 1
833 1 3
833 2 3
833 3 5
834 0 0
834 1 0
834 2 1
834 3 5
835 0 1
835 1 5
836 0 0
836 1 1
836 2 0
836 3 5
837 0 1
837 1 5
838 0 0
838 1 1
838 2 0
838 3 5
839 0 0
839 1 0
839 2 0
839 3 0
840 0 5
841 0 5
842 0 1
842 1 5
843 0 1
843 1 5
844 0 1
844 1 5
845 0 1
845 1 2
845 2 5
846 0 1
846 1 2
846 2 4
846 3 5
847 0 1
847 1 2
847 2 5
848 0 1
848 1 5
849 0 1
849 1 2
849 2 5
850 0 1
850 1 5
851 0 1
851 1 5
852 0 1
852 1 5
853 0 1
853 1 5
854 0 5
855 0 1
855 1 5
856 0 1
856 1 5
857 0 1
857 1 5
858 0 1
858 1 2
858 2 5
859 0 2
859 1 5
860 0 1
860 1 5
861 0 1
861 1 5
862 0 1
862 1 5
863 0 1
863 1 5
864 0 1
864 1 5
865 0 1
865 1 5
866 0 1
866 1 5
867 0 1
867 1 2
867 2 5
868 0 1
868 1 2
868 2 5
869 0 2
869 1 5
870 0 2
870 1 5
871 0 2
871 1 5
872 0 2
872 1 5
873 0 1
874 0 1
874 1 5
875 0 1
875 1 5
876 0 1
876 1 5
877 0 1
877 1 5
878 0 5
879 0 5
880 0 1
880 1 5
881 0 1
882 0 5
883 0 1
883 1 4
883 2 5
884 0 1
885 0 1
885 1 5
886 0 5
887 0 5
888 0 5
889 0 1
889 1 5
890 0 1
890 1 5
891 0 1
891 1 5
892 0 1
893 0 0
893 1 0
893 2 0
893 3 0
894 0 0
894 1 1
894 2 5
895 0 1
895 1 5
896 0 1
896 1 5
897 0 1
897 1 5
898 0 1
898 1 5
899 0 1
899 1 5
900 0 1
900 1 5
902 0 1
902 1 5
903 0 1
903 1 5
904 0 1
905 0 1
905 1 5
906 0 1
906 1 5
907 0 1
907 1 5
908 0 1
908 1 5
909 0 1
909 1 5
910 0 1
911 0 1
911 1 5
912 0 1
912 1 5
913 0 1
914 0 1
914 1 4
914 2 5
915 0 1
915 1 4
916 0 1
916 1 5
917 0 5
918 0 1
919 0 1
919 1 5
920 0 5
921 0 1
921 1 5
922 0 1
922 1 2
922 2 5
923 0 1
923 1 2
923 2 5
924 0 5
925 0 1
925 1 5
926 0 1
926 1 2
926 2 5
927 0 1
927 1 5
928 0 1
928 1 5
929 0 1
930 0 5
931 0 5
932 0 5
933 0 5
934 0 5
935 0 5
936 0 5
940 0 5
942 0 1
942 1 5
943 0 1
943 1 5
944 0 1
944 1 5
945 0 1
945 1 5
946 0 5
947 0 1
947 1 5
948 0 1
948 1 5
949 0 1
949 1 5
950 0 1
951 0 1
951 1 5
952 0 1
952 1 5
953 0 1
953 1 2
953 2 5
